0.27484
0.47236
0.47723
0.45205
0.45666
0.46785
0.25092
0.42459
0.43001
0.41831
0.26303
0.23781
0.37635
0.25524
0.48046
0.30775
0.41752
0.36255
0.42344
0.27671
0.49969
0.52119
0.23746
0.38901
0.40114
0.42983
0.39439
0.31783
0.3487
0.33831
0.3238
0.34142
0.40112
0.42018
0.20337
0.41721
0.31332
0.40488
0.48352
0.36823
0.29662
0.38253
0.36841
0.34948
0.30223
0.38226
0.41023
0.43641
0.34391
0.34152
0.37238
0.23997
0.24101
0.39356
0.53106
0.29904
0.38179
0.38184
0.39688
0.36392
0.34569
0.20486
0.35478
0.4054
0.1727
0.34179
0.37573
0.348
0.31648
0.29948
0.32332
0.49465
0.38918
0.25902
0.36362
0.24343
0.3678
0.42409
0.28368
0.35892
0.38082
0.4054
0.24005
0.52741
0.28618
0.23144
0.30684
0.36493
0.35467
0.35711
0.4108
0.48596
0.34786
0.42364
0.31799
0.22178
0.43982
0.34411
0.55944
0.34591
0.37497
0.35632
0.28769
0.30833
0.27673
0.41731
0.34091
0.31482
0.25432
0.27208
0.32784
0.38897
0.37729
0.2611
0.49404
0.37275
0.36814
0.29999
0.28841
0.30501
0.41904
0.30524
0.44805
0.30861
0.41411
0.39871
0.31093
0.44441
0.33465
0.38212
0.32749
0.47658
0.42305
0.40136
0.16422
0.36789
0.39684
0.29511
0.31243
0.431
0.35463
0.32972
0.39148
0.34362
0.34586
0.28002
0.36475
0.22832
0.36755
0.41244
