0.24413
0.53002
0.51028
0.38937
0.54091
0.45933
0.21498
0.38946
0.48949
0.3124
0.3888
0.37579
0.28215
0.22406
0.4136
0.59432
0.34734
0.31005
0.42523
0.3314
0.51693
0.56707
0.31475
0.40967
0.29173
0.5371
0.32157
0.24668
0.37456
0.32924
0.22218
0.35526
0.3502
0.50591
0.32635
0.38369
0.26962
0.30685
0.56501
0.3781
0.33805
0.36884
0.33451
0.39302
0.31443
0.41891
0.37539
0.38652
0.32633
0.35078
0.3274
0.22547
0.261
0.38109
0.52711
0.21888
0.42984
0.39486
0.34736
0.35488
0.31878
0.43679
0.33024
0.35004
0.31929
0.39893
0.34556
0.32031
0.32994
0.29531
0.30551
0.43074
0.43209
0.21736
0.30835
0.21311
0.38736
0.48493
0.309
0.33143
0.365
0.38765
0.23836
0.49537
0.24033
0.19758
0.42016
0.32282
0.31806
0.35544
0.37591
0.54809
0.28173
0.51376
0.32319
0.33807
0.62923
0.35564
0.51526
0.32296
0.27843
0.25977
0.26945
0.38118
0.26049
0.35546
0.319
0.37499
0.29687
0.23475
0.29968
0.37019
0.43052
0.24402
0.50979
0.3876
0.39813
0.28133
0.30358
0.43195
0.40364
0.27382
0.41114
0.27873
0.34504
0.46185
0.39385
0.38394
0.30086
0.34183
0.27924
0.37371
0.50248
0.36499
0.37887
0.33454
0.34935
0.33885
0.31925
0.39253
0.33381
0.31432
0.20123
0.33695
0.33732
0.25193
0.3092
0.57557
0.39154
0.40919
