0.30009
0.29731
0.32828
0.2857
0.35316
0.33872
0.45227
0.36445
0.26829
0.42214
0.3254
0.23229
0.41351
0.40364
0.58952
0.48167
0.41768
0.42248
0.30942
0.48245
0.50579
0.50616
0.36655
0.31637
0.43865
0.36214
0.28632
0.29302
0.3462
0.2905
0.3467
0.34803
0.46353
0.2753
0.31595
0.37132
0.25783
0.36709
0.29679
0.37394
0.37291
0.31857
0.47857
0.29805
0.31681
0.41761
0.28329
0.41202
0.28839
0.32616
0.22525
0.38127
0.54359
0.37347
0.41207
0.32615
0.42124
0.40029
0.31146
0.26497
0.34912
0.41513
0.29797
0.33236
0.43662
0.31431
0.30858
0.33007
0.36461
0.37089
0.30642
0.33828
0.36513
0.31778
0.37174
0.29736
0.3446
0.28359
0.31336
0.45896
0.36373
0.41779
0.49007
0.36937
0.3206
0.39879
0.29844
0.26966
0.41747
0.40315
0.42699
0.33278
0.32626
0.31522
0.32921
0.35815
0.40616
0.27861
0.24539
0.40392
0.35625
0.45149
0.31775
0.40388
0.35908
0.38701
0.38467
0.35435
0.35245
0.37722
0.41301
0.26982
0.44395
0.37416
0.23726
0.39655
0.29192
0.37486
0.31505
0.418
0.28409
0.31842
0.2961
0.30613
0.50004
0.40949
0.43167
0.3969
0.51082
0.36652
0.38475
0.4578
0.4034
0.35445
0.4128
0.39329
0.41166
0.44658
0.47266
0.33464
0.50384
0.3443
0.33616
0.26129
0.31161
0.37437
0.4834
0.42027
0.26491
0.29857
