0.33204
0.27935
0.31762
0.2361
0.32555
0.43507
0.39204
0.30776
0.37056
0.26966
0.33187
0.25347
0.40654
0.37419
0.58393
0.55384
0.41909
0.35489
0.28765
0.44305
0.54184
0.55012
0.3155
0.26417
0.52606
0.29973
0.33323
0.58517
0.31514
0.23373
0.36095
0.38047
0.54081
0.32361
0.34245
0.38968
0.2217
0.32341
0.22545
0.36776
0.38339
0.1641
0.57064
0.31943
0.34908
0.45992
0.21532
0.41221
0.48626
0.30464
0.22866
0.35129
0.63759
0.30529
0.46702
0.29856
0.42143
0.36158
0.39824
0.21761
0.45124
0.27389
0.32809
0.329
0.36705
0.32761
0.27198
0.35192
0.36885
0.37577
0.38478
0.32907
0.40916
0.36867
0.43634
0.29293
0.26803
0.2385
0.31191
0.3746
0.35241
0.48434
0.47616
0.37384
0.3017
0.38688
0.27492
0.24529
0.43298
0.4134
0.23089
0.2888
0.3213
0.23286
0.35095
0.30836
0.30523
0.31103
0.24822
0.32994
0.31067
0.33975
0.25936
0.38222
0.36725
0.29607
0.35997
0.3652
0.31066
0.42812
0.35786
0.26009
0.46641
0.33558
0.21889
0.39087
0.24123
0.30614
0.34532
0.40835
0.22186
0.31563
0.36136
0.22484
0.45108
0.41683
0.50397
0.25336
0.46474
0.43262
0.38427
0.41626
0.42854
0.3505
0.43161
0.36083
0.35071
0.43572
0.54447
0.32731
0.50741
0.29331
0.32783
0.24571
0.29716
0.27072
0.49011
0.39508
0.26336
0.2354
