0.2774
0.3398
0.33787
0.2193
0.39781
0.3256
0.43079
0.34455
0.29035
0.39322
0.28515
0.19904
0.34191
0.36233
0.50313
0.45285
0.29239
0.47811
0.32382
0.53305
0.30457
0.42656
0.38548
0.31166
0.44556
0.38494
0.29824
0.49577
0.38336
0.24076
0.28361
0.23149
0.32909
0.34101
0.2629
0.27671
0.28916
0.19321
0.22555
0.41498
0.25423
0.31792
0.53309
0.34333
0.22401
0.30668
0.28333
0.16659
0.45538
0.3744
0.24179
0.36964
0.52251
0.34516
0.27086
0.24864
0.3529
0.4032
0.25587
0.35887
0.37545
0.47993
0.28176
0.29187
0.40802
0.33125
0.31963
0.41719
0.27784
0.37268
0.33184
0.27059
0.37861
0.30743
0.20696
0.31451
0.36296
0.27088
0.26228
0.40758
0.25439
0.36254
0.51156
0.15826
0.33168
0.35233
0.2529
0.31469
0.18599
0.37472
0.36321
0.29964
0.36558
0.27248
0.28654
0.32524
0.4284
0.33484
0.29383
0.40425
0.30874
0.36648
0.31885
0.40296
0.2521
0.44769
0.34524
0.069939
0.30931
0.26476
0.41985
0.26012
0.4076
0.37753
0.2766
0.24175
0.23024
0.45834
0.3946
0.39285
0.24852
0.3109
0.36448
0.33934
0.50264
0.068362
0.49202
0.31478
0.57513
0.28036
0.34997
0.41954
0.21231
0.32271
0.29899
0.3822
0.3354
0.32983
0.5242
0.23553
0.42107
0.36258
0.31505
0.216
0.36726
0.32814
0.19435
0.32218
0.33164
0.31437
