  2.3740275e-001  3.8036803e-001 -1.4296529e-001
  1.4515454e+000  7.0577548e-001  7.4576996e-001
  1.7341421e+000  8.6393208e-001  8.7021001e-001
  3.8079963e-001  5.5955068e-001 -1.7875105e-001
 -1.5721593e+000 -4.3091556e-002 -1.5290678e+000
 -2.0801889e-001  2.5499428e-001 -4.6301317e-001
  1.3458575e+000  7.6248855e-001  5.8336890e-001
  9.1146159e-001  6.8340948e-001  2.2805211e-001
  1.3393974e+000  8.3702754e-001  5.0236988e-001
  8.4601364e-001  6.3047401e-001  2.1553963e-001
  7.9830160e-001  6.5491569e-001  1.4338591e-001
  1.8271348e+000  9.5288806e-001  8.7424672e-001
  1.3018497e+000  7.5223769e-001  5.4961204e-001
  1.7762559e+000  9.1291474e-001  8.6334113e-001
  2.0776858e+000  1.0322060e+000  1.0454798e+000
  2.1206663e+000  9.6267077e-001  1.1579956e+000
  1.8167156e+000  9.2683613e-001  8.8987949e-001
  1.8232622e+000  9.1449546e-001  9.0876669e-001
  1.6342776e+000  8.5379127e-001  7.8048631e-001
  1.2933417e+000  8.2175506e-001  4.7158661e-001
  1.4713739e+000  7.7269921e-001  6.9867466e-001
  1.8232622e+000  9.3084545e-001  8.9241671e-001
  3.7218001e-001  4.9815120e-001 -1.2597119e-001
  2.0478960e-001  4.6149294e-001 -2.5670334e-001
  1.2706613e+000  6.6501197e-001  6.0564936e-001
  1.4383224e+000  7.0584170e-001  7.3248069e-001
  1.5507425e+000  7.6787555e-001  7.8286698e-001
  1.9603115e+000  9.5187400e-001  1.0084375e+000
  1.3090753e+000  8.2418965e-001  4.8488567e-001
  8.3304556e-001  5.8472409e-001  2.4832147e-001
  8.2077143e-001  6.3494107e-001  1.8583037e-001
  9.1774813e-001  6.1167820e-001  3.0606993e-001
  9.0975988e-001  6.0470637e-001  3.0505352e-001
  7.1903901e-001  5.3001246e-001  1.8902654e-001
  9.0467804e-001  6.5319708e-001  2.5148096e-001
  1.0050179e+000  7.1959118e-001  2.8542672e-001
  1.0806067e+000  7.5038179e-001  3.3022496e-001
  1.4130742e+000  8.2242203e-001  5.9065219e-001
  1.9473525e+000  9.2553989e-001  1.0218126e+000
  1.3384008e+000  7.5510471e-001  5.8329610e-001
  2.0856286e+000  9.4694756e-001  1.1386810e+000
  4.0464044e-002  3.9184928e-001 -3.5138523e-001
 -8.4760007e-001  1.1737018e-001 -9.6497024e-001
  7.6166612e-001  6.1682337e-001  1.4484275e-001
  1.5246400e+000  8.1043397e-001  7.1420604e-001
  1.1389111e+000  6.8619540e-001  4.5271569e-001
  2.7168526e-001  4.4802006e-001 -1.7633480e-001
  4.6600681e-001  5.2601299e-001 -6.0006176e-002
  6.0312896e-001  4.9857312e-001  1.0455584e-001
  4.2274849e-001  5.0707096e-001 -8.4322466e-002
  3.1869478e-001  4.7218036e-001 -1.5348558e-001
  3.9147165e-001  5.3934308e-001 -1.4787143e-001
  3.5591579e-002  3.9270598e-001 -3.5711440e-001
 -3.9105985e-001  3.3227720e-001 -7.2333705e-001
 -4.4967106e-001  2.3725853e-001 -6.8692959e-001
 -4.7506346e-001  2.5374674e-001 -7.2881020e-001
 -4.4593797e-001  2.9069821e-001 -7.3663618e-001
 -2.3515067e-001  3.2726189e-001 -5.6241256e-001
 -3.0795325e-001  3.5458771e-001 -6.6254095e-001
 -3.3496312e-001  2.5611820e-001 -5.9108132e-001
  8.9582228e-002  4.2074390e-001 -3.3116167e-001
  9.6200055e-002  4.4154171e-001 -3.4534165e-001
 -6.2563461e-002  3.3540574e-001 -3.9796920e-001
  5.0296259e-001  5.4974469e-001 -4.6782096e-002
  1.9826005e-001  4.8147721e-001 -2.8321715e-001
  5.2418051e-001  5.0049403e-001  2.3686483e-002
  1.5503611e+000  7.9798283e-001  7.5237829e-001
 -4.6146790e-001  2.6217859e-001 -7.2364649e-001
  7.1607617e-001  5.4249004e-001  1.7358613e-001
  1.8531412e+000  9.1599665e-001  9.3714459e-001
  1.8557586e+000  9.1310945e-001  9.4264911e-001
  1.2250942e+000  7.3138987e-001  4.9370431e-001
  1.0968426e+000  7.5838844e-001  3.3845414e-001
  9.9185193e-001  6.4493361e-001  3.4691832e-001
  9.7438908e-001  6.4388347e-001  3.3050562e-001
  9.5589195e-001  6.6619946e-001  2.8969249e-001
  1.1639709e+000  7.3104635e-001  4.3292455e-001
  1.0622276e+000  6.9408316e-001  3.6814448e-001
  7.3328582e-001  5.7757923e-001  1.5570659e-001
  1.1643911e+000  7.0605690e-001  4.5833422e-001
  1.3994508e+000  8.4430466e-001  5.5514618e-001
  1.1912938e+000  7.6580333e-001  4.2549047e-001
  1.4093140e+000  7.9296792e-001  6.1634604e-001
  1.9650802e+000  8.7667929e-001  1.0884009e+000
  1.6719561e+000  8.7273330e-001  7.9922278e-001
  1.6074275e+000  8.2469527e-001  7.8273219e-001
  1.8206536e+000  8.9360427e-001  9.2704930e-001
  1.8406170e+000  9.2928840e-001  9.1132860e-001
  1.9869597e+000  9.7368772e-001  1.0132720e+000
  2.7171756e+000  1.2413748e+000  1.4758008e+000
  2.2307914e+000  1.0836357e+000  1.1471557e+000
  1.8494314e+000  8.9842106e-001  9.5101038e-001
 -9.8573613e-001  1.4296193e-001 -1.1286981e+000
 -1.8652729e+000 -1.5091894e-001 -1.7143540e+000
 -2.4200625e+000 -2.9605085e-001 -2.1240116e+000
 -2.7101898e+000 -3.6873298e-001 -2.3414568e+000
 -2.9961870e+000 -5.1175023e-001 -2.4844367e+000
 -3.0410325e+000 -4.7319777e-001 -2.5678348e+000
 -3.2967562e+000 -5.8039156e-001 -2.7163647e+000
 -3.6514560e+000 -6.5704854e-001 -2.9944075e+000
 -3.5793408e+000 -6.4445831e-001 -2.9348825e+000
 -3.5882899e+000 -6.4896059e-001 -2.9393293e+000
 -1.1549959e+000 -5.2749885e-001 -6.2749706e-001
 -4.5280042e-001  1.2638079e-002 -4.6543850e-001
 -2.6560519e-001  4.1747119e-002 -3.0735231e-001
 -1.7010676e-001  1.9420363e-002 -1.8952712e-001
  2.8471081e-002  7.9400303e-002 -5.0929223e-002
  3.8691398e-001  2.4816607e-001  1.3874791e-001
  3.3141694e-001  1.1937547e-001  2.1204147e-001
  4.7418536e-001  1.5241637e-001  3.2176899e-001
  5.4498824e-001  2.0040955e-001  3.4457869e-001
  7.7562514e-001  2.1671300e-001  5.5891214e-001
  9.6118528e-001  2.8539965e-001  6.7578562e-001
  1.6155879e+000  4.9428892e-001  1.1212990e+000
  2.2999039e+000  6.5955138e-001  1.6403525e+000
  3.5436696e+000  1.0340451e+000  2.5096244e+000
  3.3457090e+000  9.7725145e-001  2.3684576e+000
  1.7769463e+000  5.6149895e-001  1.2154473e+000
  4.1288423e+000  1.1999776e+000  2.9288647e+000
  3.0919882e+000  9.7052913e-001  2.1214591e+000
  4.1500416e+000  1.1698173e+000  2.9802243e+000
  3.1756214e+000  8.8296638e-001  2.2926550e+000
 -1.2051314e+000  1.1996659e-001 -1.3250980e+000
 -3.9726009e+000 -8.1916177e-001 -3.1534391e+000
 -3.5628810e+000 -6.2050656e-001 -2.9423744e+000
 -3.8561836e+000 -7.5349999e-001 -3.1026836e+000
 -4.3745567e+000 -8.4963536e-001 -3.5249214e+000
 -3.4694746e+000 -5.6831653e-001 -2.9011581e+000
 -3.4842868e+000 -5.4612909e-001 -2.9381577e+000
 -3.2637111e+000 -5.9890805e-001 -2.6648030e+000
 -3.3955705e+000 -6.5313228e-001 -2.7424382e+000
 -3.3382197e+000 -5.7847691e-001 -2.7597428e+000
 -3.2096132e+000 -5.6529915e-001 -2.6443141e+000
 -3.2580692e+000 -5.2602395e-001 -2.7320452e+000
 -2.8286814e+000 -4.0266052e-001 -2.4260209e+000
 -3.3054436e+000 -4.8902208e-001 -2.8164215e+000
 -2.4888204e+000 -3.2142675e-001 -2.1673936e+000
 -2.5114779e+000 -3.5584758e-001 -2.1556303e+000
 -2.5575271e+000 -3.9135416e-001 -2.1661729e+000
 -2.6438974e+000 -4.1541446e-001 -2.2284829e+000
 -3.3736681e+000 -5.1811574e-001 -2.8555524e+000
 -2.5115272e+000 -3.4703599e-001 -2.1644912e+000
 -3.8710830e+000 -7.6037214e-001 -3.1107109e+000
 -4.1802517e+000 -8.3479054e-001 -3.3454612e+000
 -4.6574960e+000 -9.6403690e-001 -3.6934591e+000
 -4.7512526e+000 -9.4811401e-001 -3.8031386e+000
 -4.5530145e+000 -9.0779880e-001 -3.6452157e+000
 -4.4620330e+000 -9.4489242e-001 -3.5171406e+000
 -4.5598899e+000 -9.5153658e-001 -3.6083533e+000
 -4.3646560e+000 -9.3766052e-001 -3.4269954e+000
 -4.8787356e+000 -1.0979680e+000 -3.7807676e+000
 -4.2015484e+000 -8.1602423e-001 -3.3855241e+000
 -3.9697504e+000 -7.9128533e-001 -3.1784651e+000
 -3.8968439e+000 -7.9222479e-001 -3.1046191e+000
 -3.9473257e+000 -7.9514751e-001 -3.1521782e+000
 -3.6561222e+000 -6.7981254e-001 -2.9763097e+000
 -3.4578472e+000 -5.7590660e-001 -2.8819406e+000
 -3.4666608e+000 -6.3373027e-001 -2.8329305e+000
 -3.3347085e+000 -5.6731039e-001 -2.7673981e+000
 -3.0105743e+000 -4.8628129e-001 -2.5242930e+000
 -3.1113900e+000 -5.2144547e-001 -2.5899445e+000
 -3.1939515e+000 -5.5418426e-001 -2.6397673e+000
 -3.0495682e+000 -5.6089036e-001 -2.4886779e+000
 -3.0794670e+000 -4.9602849e-001 -2.5834386e+000
 -2.6121465e+000 -3.8320248e-001 -2.2289440e+000
 -2.4731792e+000 -3.0494646e-001 -2.1682328e+000
 -2.7757398e+000 -4.4638878e-001 -2.3293510e+000
 -3.6235810e+000 -7.0640430e-001 -2.9171767e+000
 -2.2766722e+000 -2.9392192e-001 -1.9827503e+000
 -2.1568836e+000 -2.7618101e-001 -1.8807025e+000
 -1.7615193e+000 -8.6948954e-002 -1.6745704e+000
 -2.0802116e+000 -2.1283521e-001 -1.8673764e+000
 -1.7842718e+000 -1.4940209e-001 -1.6348697e+000
 -3.2344064e+000 -5.5235811e-001 -2.6820483e+000
 -1.9185779e+000 -1.6197992e-001 -1.7565980e+000
 -1.3902225e+000 -2.1889519e-002 -1.3683330e+000
 -1.3529073e+000 -1.0621075e-002 -1.3422862e+000
 -1.2435299e+000 -1.2012537e-003 -1.2423286e+000
 -1.6310156e+000 -9.4003850e-002 -1.5370118e+000
 -3.4506442e+000 -6.8432950e-001 -2.7663147e+000
 -3.1636593e+000 -5.7503401e-001 -2.5886253e+000
 -2.9566224e+000 -5.4180910e-001 -2.4148133e+000
 -2.4768669e+000 -3.6223816e-001 -2.1146287e+000
 -1.8127239e+000 -1.9040363e-001 -1.6223202e+000
 -1.6774864e+000 -1.0172873e-001 -1.5757577e+000
 -4.9218183e+000 -1.0268199e+000 -3.8949985e+000
 -3.0475294e+000 -4.6176652e-001 -2.5857629e+000
 -2.9820496e+000 -4.5859696e-001 -2.5234526e+000
 -2.1875727e+000 -2.8187121e-001 -1.9057015e+000
 -1.9008153e+000 -1.6569005e-001 -1.7351252e+000
 -5.1046897e+000 -1.1512481e+000 -3.9534416e+000
 -5.1093820e+000 -1.0260502e+000 -4.0833318e+000
 -5.5629769e+000 -1.2728393e+000 -4.2901376e+000
 -5.2506703e+000 -1.0319434e+000 -4.2187269e+000
 -5.2136721e+000 -1.1096974e+000 -4.1039747e+000
 -5.3155856e+000 -1.1172189e+000 -4.1983668e+000
 -5.3193734e+000 -1.1187009e+000 -4.2006725e+000
 -6.2265277e+000 -1.3404858e+000 -4.8860418e+000
 -5.5430817e+000 -1.2088052e+000 -4.3342765e+000
 -5.4280517e+000 -1.1551445e+000 -4.2729071e+000
 -5.3505061e+000 -1.1028665e+000 -4.2476397e+000
 -5.2960670e+000 -1.1584631e+000 -4.1376039e+000
 -4.8375783e+000 -9.9816903e-001 -3.8394093e+000
 -5.0104317e+000 -1.0326411e+000 -3.9777905e+000
 -4.6436624e+000 -9.6534502e-001 -3.6783174e+000
 -4.1248948e+000 -8.1292348e-001 -3.3119713e+000
 -3.6789333e+000 -6.6783658e-001 -3.0110968e+000
 -3.7599004e+000 -6.8683653e-001 -3.0730639e+000
 -3.2177750e+000 -5.7900149e-001 -2.6387735e+000
 -3.8189816e+000 -7.2455231e-001 -3.0944293e+000
 -3.4858251e+000 -6.5094375e-001 -2.8348813e+000
 -6.0344731e+000 -1.3367822e+000 -4.6976909e+000
 -4.4134386e+000 -9.5384370e-001 -3.4595950e+000
 -3.7633297e+000 -6.7649568e-001 -3.0868340e+000
 -3.6012669e+000 -6.5033794e-001 -2.9509289e+000
 -2.6572912e+000 -4.1204084e-001 -2.2452503e+000
 -3.2601720e+000 -5.8009758e-001 -2.6800744e+000
 -2.4372627e+000 -2.9268818e-001 -2.1445745e+000
 -3.8993344e+000 -7.3547257e-001 -3.1638619e+000
 -2.1745427e+000 -2.4653469e-001 -1.9280080e+000
 -2.3297157e+000 -3.0941200e-001 -2.0203037e+000
 -4.1296155e+000 -7.8649927e-001 -3.3431162e+000
 -2.3030347e+000 -2.9795357e-001 -2.0050811e+000
 -2.6514796e+000 -4.0360441e-001 -2.2478752e+000
 -2.6897885e+000 -4.2023143e-001 -2.2695571e+000
 -2.1457625e+000 -3.1582579e-001 -1.8299368e+000
 -2.0496007e+000 -2.2176989e-001 -1.8278308e+000
 -2.7164548e+000 -4.4668000e-001 -2.2697748e+000
 -1.8497356e+000 -1.8079475e-001 -1.6689408e+000
 -1.9003228e+000 -2.0288071e-001 -1.6974421e+000
 -1.6357114e+000 -1.0945504e-001 -1.5262563e+000
 -1.7072640e+000 -1.1256097e-001 -1.5947030e+000
 -1.5861211e+000 -1.1499626e-001 -1.4711248e+000
 -1.7202541e+000 -7.6437184e-002 -1.6438169e+000
 -2.6795026e+000 -4.0009302e-001 -2.2794096e+000
 -2.8199475e+000 -4.7523632e-001 -2.3447112e+000
 -2.9383982e+000 -5.0126212e-001 -2.4371361e+000
 -3.0380131e+000 -4.9723932e-001 -2.5407738e+000
 -3.1348404e+000 -5.2956436e-001 -2.6052760e+000
 -3.1917360e+000 -5.5270645e-001 -2.6390296e+000
