  0.0000000e+000  4.0000000e+000  8.0000000e+000  1.6000000e+001  3.2000000e+001
  1.5000000e-001  5.0000000e-001  3.5000000e-001  3.5000000e-001  8.0000000e-001
  5.7500000e-001  5.5000000e-001  5.0000000e-001  6.7500000e-001  8.5000000e-001
  6.5000000e-001  9.0000000e-001  8.7500000e-001  9.0000000e-001  9.5000000e-001
  0.0000000e+000  1.0000000e+000  2.0000000e+000  3.0000000e+000  4.0000000e+000  5.0000000e+000  6.0000000e+000  7.0000000e+000  8.0000000e+000  9.0000000e+000  1.0000000e+001  1.1000000e+001  1.2000000e+001  1.3000000e+001  1.4000000e+001  1.5000000e+001  1.6000000e+001  1.7000000e+001  1.8000000e+001  1.9000000e+001  2.0000000e+001  2.1000000e+001  2.2000000e+001  2.3000000e+001  2.4000000e+001  2.5000000e+001  2.6000000e+001  2.7000000e+001  2.8000000e+001  2.9000000e+001  3.0000000e+001  3.1000000e+001  3.2000000e+001  3.3000000e+001  3.4000000e+001  3.5000000e+001
  4.5613224e-001  4.6416511e-001  4.7221661e-001  4.8028260e-001  4.8835887e-001  4.9644123e-001  5.0452545e-001  5.1260730e-001  5.2068256e-001  5.2874704e-001  5.3679653e-001  5.4482689e-001  5.5283401e-001  5.6081381e-001  5.6876229e-001  5.7667551e-001  5.8454959e-001  5.9238072e-001  6.0016522e-001  6.0789945e-001  6.1557990e-001  6.2320315e-001  6.3076591e-001  6.3826498e-001  6.4569730e-001  6.5305992e-001  6.6035002e-001  6.6756491e-001  6.7470204e-001  6.8175899e-001  6.8873348e-001  6.9562335e-001  7.0242661e-001  7.0914139e-001  7.1576596e-001  7.2229874e-001
  4.8178622e-001  4.9011053e-001  4.9844033e-001  5.0677100e-001  5.1509791e-001  5.2341645e-001  5.3172202e-001  5.4001004e-001  5.4827600e-001  5.5651541e-001  5.6472384e-001  5.7289694e-001  5.8103043e-001  5.8912012e-001  5.9716191e-001  6.0515179e-001  6.1308588e-001  6.2096040e-001  6.2877169e-001  6.3651624e-001  6.4419065e-001  6.5179167e-001  6.5931618e-001  6.6676123e-001  6.7412399e-001  6.8140181e-001  6.8859217e-001  6.9569273e-001  7.0270129e-001  7.0961580e-001  7.1643440e-001  7.2315535e-001  7.2977709e-001  7.3629819e-001  7.4271741e-001  7.4903363e-001
  4.8303228e-001  5.5580678e-001  6.2626323e-001  6.9174223e-001  7.5032288e-001  8.0097400e-001  8.4349302e-001  8.7830853e-001  9.0624010e-001  9.2828408e-001  9.4545721e-001  9.5870100e-001  9.6883501e-001  9.7654316e-001  9.8237951e-001  9.8678335e-001  9.9009765e-001  9.9258707e-001  9.9445417e-001  9.9585296e-001  9.9690005e-001  9.9768337e-001  9.9826910e-001  9.9870692e-001  9.9903411e-001  9.9927857e-001  9.9946119e-001  9.9959760e-001  9.9969949e-001  9.9977558e-001  9.9983241e-001  9.9987485e-001  9.9990655e-001  9.9993021e-001  9.9994789e-001  9.9996109e-001
  0.0000000e+000 -4.0000000e+000 -8.0000000e+000 -1.6000000e+001 -3.2000000e+001  4.0000000e+000  8.0000000e+000  1.6000000e+001  3.2000000e+001
  1.5000000e-001  1.0000000e-001  1.0000000e-001  1.0000000e-001  5.0000000e-002  5.0000000e-001  4.0000000e-001  3.0000000e-001  8.0000000e-001
  4.7500000e-001  5.5000000e-001  5.5000000e-001  3.5000000e-001  1.5000000e-001  6.5000000e-001  5.5000000e-001  7.0000000e-001  8.5000000e-001
  6.5000000e-001  5.0000000e-001  7.0000000e-001  6.0000000e-001  2.0000000e-001  9.0000000e-001  8.5000000e-001  9.0000000e-001  9.5000000e-001
 -4.0000000e+001 -3.9800000e+001 -3.9600000e+001 -3.9400000e+001 -3.9200000e+001 -3.9000000e+001 -3.8800000e+001 -3.8600000e+001 -3.8400000e+001 -3.8200000e+001 -3.8000000e+001 -3.7800000e+001 -3.7600000e+001 -3.7400000e+001 -3.7200000e+001 -3.7000000e+001 -3.6800000e+001 -3.6600000e+001 -3.6400000e+001 -3.6200000e+001 -3.6000000e+001 -3.5800000e+001 -3.5600000e+001 -3.5400000e+001 -3.5200000e+001 -3.5000000e+001 -3.4800000e+001 -3.4600000e+001 -3.4400000e+001 -3.4200000e+001 -3.4000000e+001 -3.3800000e+001 -3.3600000e+001 -3.3400000e+001 -3.3200000e+001 -3.3000000e+001 -3.2800000e+001 -3.2600000e+001 -3.2400000e+001 -3.2200000e+001 -3.2000000e+001 -3.1800000e+001 -3.1600000e+001 -3.1400000e+001 -3.1200000e+001 -3.1000000e+001 -3.0800000e+001 -3.0600000e+001 -3.0400000e+001 -3.0200000e+001 -3.0000000e+001 -2.9800000e+001 -2.9600000e+001 -2.9400000e+001 -2.9200000e+001 -2.9000000e+001 -2.8800000e+001 -2.8600000e+001 -2.8400000e+001 -2.8200000e+001 -2.8000000e+001 -2.7800000e+001 -2.7600000e+001 -2.7400000e+001 -2.7200000e+001 -2.7000000e+001 -2.6800000e+001 -2.6600000e+001 -2.6400000e+001 -2.6200000e+001 -2.6000000e+001 -2.5800000e+001 -2.5600000e+001 -2.5400000e+001 -2.5200000e+001 -2.5000000e+001 -2.4800000e+001 -2.4600000e+001 -2.4400000e+001 -2.4200000e+001 -2.4000000e+001 -2.3800000e+001 -2.3600000e+001 -2.3400000e+001 -2.3200000e+001 -2.3000000e+001 -2.2800000e+001 -2.2600000e+001 -2.2400000e+001 -2.2200000e+001 -2.2000000e+001 -2.1800000e+001 -2.1600000e+001 -2.1400000e+001 -2.1200000e+001 -2.1000000e+001 -2.0800000e+001 -2.0600000e+001 -2.0400000e+001 -2.0200000e+001 -2.0000000e+001 -1.9800000e+001 -1.9600000e+001 -1.9400000e+001 -1.9200000e+001 -1.9000000e+001 -1.8800000e+001 -1.8600000e+001 -1.8400000e+001 -1.8200000e+001 -1.8000000e+001 -1.7800000e+001 -1.7600000e+001 -1.7400000e+001 -1.7200000e+001 -1.7000000e+001 -1.6800000e+001 -1.6600000e+001 -1.6400000e+001 -1.6200000e+001 -1.6000000e+001 -1.5800000e+001 -1.5600000e+001 -1.5400000e+001 -1.5200000e+001 -1.5000000e+001 -1.4800000e+001 -1.4600000e+001 -1.4400000e+001 -1.4200000e+001 -1.4000000e+001 -1.3800000e+001 -1.3600000e+001 -1.3400000e+001 -1.3200000e+001 -1.3000000e+001 -1.2800000e+001 -1.2600000e+001 -1.2400000e+001 -1.2200000e+001 -1.2000000e+001 -1.1800000e+001 -1.1600000e+001 -1.1400000e+001 -1.1200000e+001 -1.1000000e+001 -1.0800000e+001 -1.0600000e+001 -1.0400000e+001 -1.0200000e+001 -1.0000000e+001 -9.8000000e+000 -9.6000000e+000 -9.4000000e+000 -9.2000000e+000 -9.0000000e+000 -8.8000000e+000 -8.6000000e+000 -8.4000000e+000 -8.2000000e+000 -8.0000000e+000 -7.8000000e+000 -7.6000000e+000 -7.4000000e+000 -7.2000000e+000 -7.0000000e+000 -6.8000000e+000 -6.6000000e+000 -6.4000000e+000 -6.2000000e+000 -6.0000000e+000 -5.8000000e+000 -5.6000000e+000 -5.4000000e+000 -5.2000000e+000 -5.0000000e+000 -4.8000000e+000 -4.6000000e+000 -4.4000000e+000 -4.2000000e+000 -4.0000000e+000 -3.8000000e+000 -3.6000000e+000 -3.4000000e+000 -3.2000000e+000 -3.0000000e+000 -2.8000000e+000 -2.6000000e+000 -2.4000000e+000 -2.2000000e+000 -2.0000000e+000 -1.8000000e+000 -1.6000000e+000 -1.4000000e+000 -1.2000000e+000 -1.0000000e+000 -8.0000000e-001 -6.0000000e-001 -4.0000000e-001 -2.0000000e-001  0.0000000e+000  2.0000000e-001  4.0000000e-001  6.0000000e-001  8.0000000e-001  1.0000000e+000  1.2000000e+000  1.4000000e+000  1.6000000e+000  1.8000000e+000  2.0000000e+000  2.2000000e+000  2.4000000e+000  2.6000000e+000  2.8000000e+000  3.0000000e+000  3.2000000e+000  3.4000000e+000  3.6000000e+000  3.8000000e+000  4.0000000e+000  4.2000000e+000  4.4000000e+000  4.6000000e+000  4.8000000e+000  5.0000000e+000  5.2000000e+000  5.4000000e+000  5.6000000e+000  5.8000000e+000  6.0000000e+000  6.2000000e+000  6.4000000e+000  6.6000000e+000  6.8000000e+000  7.0000000e+000  7.2000000e+000  7.4000000e+000  7.6000000e+000  7.8000000e+000  8.0000000e+000  8.2000000e+000  8.4000000e+000  8.6000000e+000  8.8000000e+000  9.0000000e+000  9.2000000e+000  9.4000000e+000  9.6000000e+000  9.8000000e+000  1.0000000e+001  1.0200000e+001  1.0400000e+001  1.0600000e+001  1.0800000e+001  1.1000000e+001  1.1200000e+001  1.1400000e+001  1.1600000e+001  1.1800000e+001  1.2000000e+001  1.2200000e+001  1.2400000e+001  1.2600000e+001  1.2800000e+001  1.3000000e+001  1.3200000e+001  1.3400000e+001  1.3600000e+001  1.3800000e+001  1.4000000e+001  1.4200000e+001  1.4400000e+001  1.4600000e+001  1.4800000e+001  1.5000000e+001  1.5200000e+001  1.5400000e+001  1.5600000e+001  1.5800000e+001  1.6000000e+001  1.6200000e+001  1.6400000e+001  1.6600000e+001  1.6800000e+001  1.7000000e+001  1.7200000e+001  1.7400000e+001  1.7600000e+001  1.7800000e+001  1.8000000e+001  1.8200000e+001  1.8400000e+001  1.8600000e+001  1.8800000e+001  1.9000000e+001  1.9200000e+001  1.9400000e+001  1.9600000e+001  1.9800000e+001  2.0000000e+001  2.0200000e+001  2.0400000e+001  2.0600000e+001  2.0800000e+001  2.1000000e+001  2.1200000e+001  2.1400000e+001  2.1600000e+001  2.1800000e+001  2.2000000e+001  2.2200000e+001  2.2400000e+001  2.2600000e+001  2.2800000e+001  2.3000000e+001  2.3200000e+001  2.3400000e+001  2.3600000e+001  2.3800000e+001  2.4000000e+001  2.4200000e+001  2.4400000e+001  2.4600000e+001  2.4800000e+001  2.5000000e+001  2.5200000e+001  2.5400000e+001  2.5600000e+001  2.5800000e+001  2.6000000e+001  2.6200000e+001  2.6400000e+001  2.6600000e+001  2.6800000e+001  2.7000000e+001  2.7200000e+001  2.7400000e+001  2.7600000e+001  2.7800000e+001  2.8000000e+001  2.8200000e+001  2.8400000e+001  2.8600000e+001  2.8800000e+001  2.9000000e+001  2.9200000e+001  2.9400000e+001  2.9600000e+001  2.9800000e+001  3.0000000e+001  3.0200000e+001  3.0400000e+001  3.0600000e+001  3.0800000e+001  3.1000000e+001  3.1200000e+001  3.1400000e+001  3.1600000e+001  3.1800000e+001  3.2000000e+001  3.2200000e+001  3.2400000e+001  3.2600000e+001  3.2800000e+001  3.3000000e+001  3.3200000e+001  3.3400000e+001  3.3600000e+001  3.3800000e+001  3.4000000e+001  3.4200000e+001  3.4400000e+001  3.4600000e+001  3.4800000e+001  3.5000000e+001  3.5200000e+001  3.5400000e+001  3.5600000e+001  3.5800000e+001  3.6000000e+001  3.6200000e+001  3.6400000e+001  3.6600000e+001  3.6800000e+001  3.7000000e+001  3.7200000e+001  3.7400000e+001  3.7600000e+001  3.7800000e+001  3.8000000e+001  3.8200000e+001  3.8400000e+001  3.8600000e+001  3.8800000e+001  3.9000000e+001  3.9200000e+001  3.9400000e+001  3.9600000e+001  3.9800000e+001  4.0000000e+001
  1.4347215e-002  1.4556405e-002  1.4768599e-002  1.4983840e-002  1.5202169e-002  1.5423630e-002  1.5648265e-002  1.5876119e-002  1.6107237e-002  1.6341664e-002  1.6579445e-002  1.6820626e-002  1.7065255e-002  1.7313379e-002  1.7565047e-002  1.7820306e-002  1.8079207e-002  1.8341799e-002  1.8608132e-002  1.8878258e-002  1.9152230e-002  1.9430098e-002  1.9711917e-002  1.9997740e-002  2.0287622e-002  2.0581617e-002  2.0879782e-002  2.1182174e-002  2.1488848e-002  2.1799864e-002  2.2115279e-002  2.2435154e-002  2.2759547e-002  2.3088520e-002  2.3422134e-002  2.3760451e-002  2.4103535e-002  2.4451448e-002  2.4804255e-002  2.5162022e-002  2.5524814e-002  2.5892698e-002  2.6265741e-002  2.6644012e-002  2.7027579e-002  2.7416513e-002  2.7810883e-002  2.8210762e-002  2.8616221e-002  2.9027333e-002  2.9444173e-002  2.9866814e-002  3.0295333e-002  3.0729805e-002  3.1170308e-002  3.1616919e-002  3.2069718e-002  3.2528783e-002  3.2994196e-002  3.3466037e-002  3.3944389e-002  3.4429336e-002  3.4920959e-002  3.5419346e-002  3.5924580e-002  3.6436749e-002  3.6955940e-002  3.7482241e-002  3.8015742e-002  3.8556532e-002  3.9104702e-002  3.9660344e-002  4.0223551e-002  4.0794416e-002  4.1373034e-002  4.1959499e-002  4.2553909e-002  4.3156360e-002  4.3766951e-002  4.4385779e-002  4.5012945e-002  4.5648550e-002  4.6292695e-002  4.6945482e-002  4.7607015e-002  4.8277397e-002  4.8956735e-002  4.9645133e-002  5.0342698e-002  5.1049539e-002  5.1765762e-002  5.2491479e-002  5.3226799e-002  5.3971832e-002  5.4726691e-002  5.5491489e-002  5.6266338e-002  5.7051353e-002  5.7846649e-002  5.8652342e-002  5.9468549e-002  6.0295386e-002  6.1132973e-002  6.1981427e-002  6.2840868e-002  6.3711417e-002  6.4593195e-002  6.5486323e-002  6.6390924e-002  6.7307121e-002  6.8235037e-002  6.9174797e-002  7.0126525e-002  7.1090348e-002  7.2066391e-002  7.3054781e-002  7.4055644e-002  7.5069110e-002  7.6095304e-002  7.7134357e-002  7.8186398e-002  7.9251554e-002  8.0329958e-002  8.1421738e-002  8.2527024e-002  8.3645949e-002  8.4778643e-002  8.5925236e-002  8.7085862e-002  8.8260650e-002  8.9449734e-002  9.0653245e-002  9.1871314e-002  9.3104075e-002  9.4351658e-002  9.5614197e-002  9.6891822e-002  9.8184666e-002  9.9492860e-002  1.0081654e-001  1.0215582e-001  1.0351086e-001  1.0488176e-001  1.0626867e-001  1.0767172e-001  1.0909102e-001  1.1052672e-001  1.1197894e-001  1.1344781e-001  1.1493345e-001  1.1643598e-001  1.1795555e-001  1.1949226e-001  1.2104625e-001  1.2261763e-001  1.2420653e-001  1.2581306e-001  1.2743735e-001  1.2907952e-001  1.3073967e-001  1.3241793e-001  1.3411441e-001  1.3582922e-001  1.3756248e-001  1.3931428e-001  1.4108475e-001  1.4287398e-001  1.4468208e-001  1.4650915e-001  1.4835529e-001  1.5022059e-001  1.5210517e-001  1.5400910e-001  1.5593248e-001  1.5787539e-001  1.5983793e-001  1.6182018e-001  1.6382222e-001  1.6584413e-001  1.6788598e-001  1.6994785e-001  1.7202981e-001  1.7413192e-001  1.7625425e-001  1.7839686e-001  1.8055981e-001  1.8274315e-001  1.8494693e-001  1.8717120e-001  1.8941600e-001  1.9168138e-001  1.9396737e-001  1.9627400e-001  1.9860130e-001  2.0094930e-001  2.0331801e-001  2.0570746e-001  2.0811766e-001  2.1054861e-001  2.1300031e-001  2.1547277e-001  2.1796599e-001  2.2047994e-001  2.2301462e-001  2.2557001e-001  2.2814608e-001  2.3074281e-001  2.3336015e-001  2.3599808e-001  2.3865654e-001  2.4133549e-001  2.4403487e-001  2.4675462e-001  2.4949469e-001  2.5225498e-001  2.5503545e-001  2.5783599e-001  2.6065652e-001  2.6349695e-001  2.6635719e-001  2.6923712e-001  2.7213664e-001  2.7505563e-001  2.7799398e-001  2.8095154e-001  2.8392821e-001  2.8692382e-001  2.8993824e-001  2.9297132e-001  2.9602290e-001  2.9909282e-001  3.0218092e-001  3.0528700e-001  3.0841091e-001  3.1155245e-001  3.1471142e-001  3.1788763e-001  3.2108088e-001  3.2429096e-001  3.2751765e-001  3.3076073e-001  3.3401997e-001  3.3729514e-001  3.4058600e-001  3.4389231e-001  3.4721382e-001  3.5055026e-001  3.5390138e-001  3.5726692e-001  3.6064660e-001  3.6404014e-001  3.6744726e-001  3.7086767e-001  3.7430108e-001  3.7774719e-001  3.8120570e-001  3.8467630e-001  3.8815867e-001  3.9165251e-001  3.9515748e-001  3.9867326e-001  4.0219953e-001  4.0573593e-001  4.0928215e-001  4.1283783e-001  4.1640262e-001  4.1997617e-001  4.2355814e-001  4.2714816e-001  4.3074587e-001  4.3435090e-001  4.3796290e-001  4.4158148e-001  4.4520628e-001  4.4883692e-001  4.5247301e-001  4.5611419e-001  4.5976006e-001  4.6341025e-001  4.6706436e-001  4.7072201e-001  4.7438280e-001  4.7804635e-001  4.8171227e-001  4.8538015e-001  4.8904961e-001  4.9272025e-001  4.9639168e-001  5.0006349e-001  5.0373530e-001  5.0740670e-001  5.1107731e-001  5.1474672e-001  5.1841454e-001  5.2208038e-001  5.2574385e-001  5.2940454e-001  5.3306207e-001  5.3671605e-001  5.4036610e-001  5.4401181e-001  5.4765282e-001  5.5128874e-001  5.5491918e-001  5.5854377e-001  5.6216213e-001  5.6577389e-001  5.6937868e-001  5.7297613e-001  5.7656587e-001  5.8014755e-001  5.8372081e-001  5.8728530e-001  5.9084065e-001  5.9438653e-001  5.9792259e-001  6.0144850e-001  6.0496392e-001  6.0846851e-001  6.1196195e-001  6.1544393e-001  6.1891411e-001  6.2237220e-001  6.2581787e-001  6.2925084e-001  6.3267080e-001  6.3607745e-001  6.3947052e-001  6.4284971e-001  6.4621475e-001  6.4956537e-001  6.5290130e-001  6.5622229e-001  6.5952806e-001  6.6281839e-001  6.6609301e-001  6.6935170e-001  6.7259421e-001  6.7582033e-001  6.7902983e-001  6.8222250e-001  6.8539812e-001  6.8855649e-001  6.9169742e-001  6.9482071e-001  6.9792618e-001  7.0101365e-001  7.0408294e-001  7.0713388e-001  7.1016632e-001  7.1318009e-001  7.1617505e-001  7.1915106e-001  7.2210796e-001  7.2504564e-001  7.2796396e-001  7.3086281e-001  7.3374206e-001  7.3660161e-001  7.3944136e-001  7.4226120e-001  7.4506105e-001  7.4784081e-001  7.5060041e-001  7.5333977e-001  7.5605882e-001  7.5875750e-001  7.6143574e-001  7.6409350e-001  7.6673071e-001  7.6934734e-001  7.7194335e-001  7.7451871e-001  7.7707338e-001  7.7960735e-001  7.8212058e-001  7.8461308e-001  7.8708482e-001  7.8953581e-001  7.9196604e-001  7.9437552e-001  7.9676425e-001  7.9913225e-001  8.0147953e-001  8.0380612e-001  8.0611203e-001  8.0839731e-001  8.1066197e-001  8.1290607e-001  8.1512963e-001  8.1733270e-001  8.1951533e-001  8.2167757e-001  8.2381948e-001  8.2594111e-001  8.2804253e-001  8.3012379e-001  8.3218496e-001  8.3422612e-001  8.3624734e-001  8.3824870e-001
  1.4315995e-001  1.4434514e-001  1.4553848e-001  1.4673999e-001  1.4794970e-001  1.4916764e-001  1.5039384e-001  1.5162832e-001  1.5287111e-001  1.5412223e-001  1.5538172e-001  1.5664959e-001  1.5792588e-001  1.5921060e-001  1.6050378e-001  1.6180544e-001  1.6311561e-001  1.6443430e-001  1.6576154e-001  1.6709736e-001  1.6844176e-001  1.6979478e-001  1.7115643e-001  1.7252673e-001  1.7390569e-001  1.7529335e-001  1.7668971e-001  1.7809479e-001  1.7950860e-001  1.8093117e-001  1.8236251e-001  1.8380263e-001  1.8525155e-001  1.8670927e-001  1.8817582e-001  1.8965120e-001  1.9113542e-001  1.9262850e-001  1.9413045e-001  1.9564126e-001  1.9716096e-001  1.9868954e-001  2.0022702e-001  2.0177341e-001  2.0332869e-001  2.0489289e-001  2.0646601e-001  2.0804804e-001  2.0963899e-001  2.1123887e-001  2.1284766e-001  2.1446538e-001  2.1609201e-001  2.1772757e-001  2.1937204e-001  2.2102541e-001  2.2268770e-001  2.2435889e-001  2.2603897e-001  2.2772794e-001  2.2942579e-001  2.3113250e-001  2.3284808e-001  2.3457251e-001  2.3630577e-001  2.3804786e-001  2.3979876e-001  2.4155845e-001  2.4332692e-001  2.4510416e-001  2.4689014e-001  2.4868485e-001  2.5048827e-001  2.5230037e-001  2.5412113e-001  2.5595054e-001  2.5778857e-001  2.5963519e-001  2.6149037e-001  2.6335410e-001  2.6522634e-001  2.6710707e-001  2.6899625e-001  2.7089385e-001  2.7279984e-001  2.7471419e-001  2.7663686e-001  2.7856782e-001  2.8050704e-001  2.8245446e-001  2.8441007e-001  2.8637380e-001  2.8834564e-001  2.9032553e-001  2.9231343e-001  2.9430929e-001  2.9631308e-001  2.9832474e-001  3.0034423e-001  3.0237150e-001  3.0440650e-001  3.0644918e-001  3.0849948e-001  3.1055737e-001  3.1262277e-001  3.1469564e-001  3.1677592e-001  3.1886355e-001  3.2095848e-001  3.2306065e-001  3.2516999e-001  3.2728644e-001  3.2940994e-001  3.3154044e-001  3.3367785e-001  3.3582212e-001  3.3797318e-001  3.4013097e-001  3.4229540e-001  3.4446643e-001  3.4664396e-001  3.4882793e-001  3.5101827e-001  3.5321491e-001  3.5541776e-001  3.5762675e-001  3.5984181e-001  3.6206286e-001  3.6428981e-001  3.6652259e-001  3.6876112e-001  3.7100531e-001  3.7325509e-001  3.7551036e-001  3.7777104e-001  3.8003706e-001  3.8230831e-001  3.8458472e-001  3.8686619e-001  3.8915264e-001  3.9144398e-001  3.9374010e-001  3.9604094e-001  3.9834638e-001  4.0065634e-001  4.0297073e-001  4.0528944e-001  4.0761239e-001  4.0993947e-001  4.1227060e-001  4.1460566e-001  4.1694457e-001  4.1928722e-001  4.2163352e-001  4.2398335e-001  4.2633664e-001  4.2869326e-001  4.3105312e-001  4.3341612e-001  4.3578214e-001  4.3815110e-001  4.4052288e-001  4.4289738e-001  4.4527448e-001  4.4765410e-001  4.5003612e-001  4.5242043e-001  4.5480692e-001  4.5719549e-001  4.5958604e-001  4.6197844e-001  4.6437260e-001  4.6676840e-001  4.6916573e-001  4.7156449e-001  4.7396456e-001  4.7636583e-001  4.7876820e-001  4.8117155e-001  4.8357577e-001  4.8598075e-001  4.8838639e-001  4.9079256e-001  4.9319915e-001  4.9560606e-001  4.9801318e-001  5.0042039e-001  5.0282758e-001  5.0523463e-001  5.0764145e-001  5.1004791e-001  5.1245390e-001  5.1485932e-001  5.1726405e-001  5.1966798e-001  5.2207100e-001  5.2447300e-001  5.2687386e-001  5.2927349e-001  5.3167176e-001  5.3406857e-001  5.3646381e-001  5.3885737e-001  5.4124913e-001  5.4363900e-001  5.4602686e-001  5.4841260e-001  5.5079612e-001  5.5317731e-001  5.5555607e-001  5.5793227e-001  5.6030583e-001  5.6267664e-001  5.6504458e-001  5.6740957e-001  5.6977148e-001  5.7213022e-001  5.7448569e-001  5.7683778e-001  5.7918639e-001  5.8153142e-001  5.8387278e-001  5.8621036e-001  5.8854406e-001  5.9087378e-001  5.9319943e-001  5.9552091e-001  5.9783812e-001  6.0015097e-001  6.0245936e-001  6.0476321e-001  6.0706241e-001  6.0935688e-001  6.1164651e-001  6.1393123e-001  6.1621095e-001  6.1848557e-001  6.2075500e-001  6.2301916e-001  6.2527797e-001  6.2753133e-001  6.2977916e-001  6.3202138e-001  6.3425791e-001  6.3648867e-001  6.3871357e-001  6.4093253e-001  6.4314548e-001  6.4535234e-001  6.4755303e-001  6.4974747e-001  6.5193560e-001  6.5411733e-001  6.5629260e-001  6.5846133e-001  6.6062345e-001  6.6277889e-001  6.6492759e-001  6.6706947e-001  6.6920448e-001  6.7133254e-001  6.7345358e-001  6.7556756e-001  6.7767440e-001  6.7977404e-001  6.8186643e-001  6.8395150e-001  6.8602920e-001  6.8809947e-001  6.9016225e-001  6.9221750e-001  6.9426515e-001  6.9630515e-001  6.9833745e-001  7.0036201e-001  7.0237877e-001  7.0438769e-001  7.0638871e-001  7.0838180e-001  7.1036691e-001  7.1234399e-001  7.1431300e-001  7.1627390e-001  7.1822665e-001  7.2017121e-001  7.2210755e-001  7.2403562e-001  7.2595539e-001  7.2786682e-001  7.2976989e-001  7.3166455e-001  7.3355078e-001  7.3542855e-001  7.3729782e-001  7.3915856e-001  7.4101076e-001  7.4285438e-001  7.4468940e-001  7.4651579e-001  7.4833354e-001  7.5014261e-001  7.5194298e-001  7.5373465e-001  7.5551757e-001  7.5729175e-001  7.5905716e-001  7.6081378e-001  7.6256161e-001  7.6430061e-001  7.6603079e-001  7.6775213e-001  7.6946461e-001  7.7116823e-001  7.7286298e-001  7.7454885e-001  7.7622582e-001  7.7789390e-001  7.7955308e-001  7.8120335e-001  7.8284470e-001  7.8447714e-001  7.8610066e-001  7.8771526e-001  7.8932094e-001  7.9091770e-001  7.9250553e-001  7.9408445e-001  7.9565445e-001  7.9721554e-001  7.9876772e-001  8.0031099e-001  8.0184536e-001  8.0337084e-001  8.0488744e-001  8.0639515e-001  8.0789400e-001  8.0938398e-001  8.1086511e-001  8.1233741e-001  8.1380087e-001  8.1525552e-001  8.1670136e-001  8.1813841e-001  8.1956669e-001  8.2098620e-001  8.2239696e-001  8.2379899e-001  8.2519231e-001  8.2657693e-001  8.2795286e-001  8.2932014e-001  8.3067877e-001  8.3202878e-001  8.3337018e-001  8.3470300e-001  8.3602725e-001  8.3734297e-001  8.3865016e-001  8.3994886e-001  8.4123908e-001  8.4252085e-001  8.4379419e-001  8.4505914e-001  8.4631570e-001  8.4756391e-001  8.4880380e-001  8.5003538e-001  8.5125869e-001  8.5247375e-001  8.5368060e-001  8.5487925e-001  8.5606974e-001  8.5725209e-001  8.5842633e-001  8.5959250e-001  8.6075062e-001  8.6190073e-001  8.6304284e-001  8.6417700e-001  8.6530323e-001  8.6642157e-001  8.6753204e-001  8.6863468e-001  8.6972952e-001  8.7081660e-001  8.7189594e-001  8.7296757e-001  8.7403154e-001  8.7508787e-001  8.7613660e-001  8.7717776e-001  8.7821138e-001  8.7923750e-001  8.8025616e-001  8.8126738e-001  8.8227121e-001  8.8326767e-001  8.8425680e-001  8.8523865e-001  8.8621323e-001  8.8718060e-001
  1.5595119e-001  1.5771891e-001  1.5950289e-001  1.6130318e-001  1.6311985e-001  1.6495295e-001  1.6680255e-001  1.6866870e-001  1.7055145e-001  1.7245086e-001  1.7436697e-001  1.7629984e-001  1.7824951e-001  1.8021602e-001  1.8219942e-001  1.8419974e-001  1.8621703e-001  1.8825130e-001  1.9030261e-001  1.9237097e-001  1.9445641e-001  1.9655895e-001  1.9867862e-001  2.0081544e-001  2.0296942e-001  2.0514057e-001  2.0732890e-001  2.0953443e-001  2.1175715e-001  2.1399706e-001  2.1625417e-001  2.1852847e-001  2.2081994e-001  2.2312858e-001  2.2545438e-001  2.2779731e-001  2.3015735e-001  2.3253448e-001  2.3492867e-001  2.3733988e-001  2.3976809e-001  2.4221325e-001  2.4467532e-001  2.4715426e-001  2.4965001e-001  2.5216252e-001  2.5469174e-001  2.5723759e-001  2.5980003e-001  2.6237897e-001  2.6497435e-001  2.6758608e-001  2.7021410e-001  2.7285831e-001  2.7551863e-001  2.7819496e-001  2.8088721e-001  2.8359528e-001  2.8631906e-001  2.8905845e-001  2.9181333e-001  2.9458358e-001  2.9736910e-001  3.0016974e-001  3.0298538e-001  3.0581590e-001  3.0866115e-001  3.1152099e-001  3.1439527e-001  3.1728386e-001  3.2018659e-001  3.2310331e-001  3.2603386e-001  3.2897807e-001  3.3193577e-001  3.3490679e-001  3.3789095e-001  3.4088808e-001  3.4389798e-001  3.4692047e-001  3.4995536e-001  3.5300244e-001  3.5606152e-001  3.5913240e-001  3.6221486e-001  3.6530871e-001  3.6841371e-001  3.7152965e-001  3.7465632e-001  3.7779348e-001  3.8094091e-001  3.8409837e-001  3.8726563e-001  3.9044245e-001  3.9362859e-001  3.9682380e-001  4.0002784e-001  4.0324046e-001  4.0646140e-001  4.0969040e-001  4.1292721e-001  4.1617156e-001  4.1942319e-001  4.2268183e-001  4.2594722e-001  4.2921908e-001  4.3249713e-001  4.3578111e-001  4.3907073e-001  4.4236571e-001  4.4566577e-001  4.4897063e-001  4.5228001e-001  4.5559360e-001  4.5891114e-001  4.6223232e-001  4.6555685e-001  4.6888445e-001  4.7221482e-001  4.7554766e-001  4.7888268e-001  4.8221959e-001  4.8555808e-001  4.8889786e-001  4.9223863e-001  4.9558010e-001  4.9892196e-001  5.0226392e-001  5.0560567e-001  5.0894693e-001  5.1228738e-001  5.1562674e-001  5.1896470e-001  5.2230098e-001  5.2563526e-001  5.2896726e-001  5.3229667e-001  5.3562322e-001  5.3894660e-001  5.4226652e-001  5.4558269e-001  5.4889482e-001  5.5220262e-001  5.5550581e-001  5.5880411e-001  5.6209722e-001  5.6538487e-001  5.6866677e-001  5.7194266e-001  5.7521225e-001  5.7847528e-001  5.8173146e-001  5.8498054e-001  5.8822225e-001  5.9145631e-001  5.9468248e-001  5.9790050e-001  6.0111010e-001  6.0431104e-001  6.0750306e-001  6.1068592e-001  6.1385938e-001  6.1702319e-001  6.2017712e-001  6.2332093e-001  6.2645439e-001  6.2957728e-001  6.3268936e-001  6.3579043e-001  6.3888026e-001  6.4195863e-001  6.4502535e-001  6.4808020e-001  6.5112298e-001  6.5415348e-001  6.5717153e-001  6.6017692e-001  6.6316947e-001  6.6614899e-001  6.6911530e-001  6.7206823e-001  6.7500761e-001  6.7793327e-001  6.8084505e-001  6.8374278e-001  6.8662631e-001  6.8949548e-001  6.9235016e-001  6.9519020e-001  6.9801545e-001  7.0082579e-001  7.0362108e-001  7.0640119e-001  7.0916600e-001  7.1191540e-001  7.1464926e-001  7.1736748e-001  7.2006994e-001  7.2275656e-001  7.2542722e-001  7.2808183e-001  7.3072031e-001  7.3334255e-001  7.3594850e-001  7.3853805e-001  7.4111114e-001  7.4366770e-001  7.4620766e-001  7.4873095e-001  7.5123752e-001  7.5372731e-001  7.5620027e-001  7.5865635e-001  7.6109550e-001  7.6351768e-001  7.6592286e-001  7.6831100e-001  7.7068207e-001  7.7303604e-001  7.7537289e-001  7.7769260e-001  7.7999515e-001  7.8228053e-001  7.8454873e-001  7.8679974e-001  7.8903355e-001  7.9125017e-001  7.9344959e-001  7.9563183e-001  7.9779688e-001  7.9994477e-001  8.0207550e-001  8.0418909e-001  8.0628557e-001  8.0836494e-001  8.1042725e-001  8.1247250e-001  8.1450075e-001  8.1651201e-001  8.1850632e-001  8.2048372e-001  8.2244425e-001  8.2438796e-001  8.2631488e-001  8.2822506e-001  8.3011855e-001  8.3199540e-001  8.3385567e-001  8.3569941e-001  8.3752667e-001  8.3933752e-001  8.4113202e-001  8.4291022e-001  8.4467219e-001  8.4641801e-001  8.4814772e-001  8.4986142e-001  8.5155916e-001  8.5324101e-001  8.5490706e-001  8.5655737e-001  8.5819203e-001  8.5981110e-001  8.6141468e-001  8.6300283e-001  8.6457565e-001  8.6613321e-001  8.6767560e-001  8.6920290e-001  8.7071520e-001  8.7221258e-001  8.7369514e-001  8.7516296e-001  8.7661613e-001  8.7805474e-001  8.7947889e-001  8.8088865e-001  8.8228414e-001  8.8366543e-001  8.8503263e-001  8.8638583e-001  8.8772512e-001  8.8905060e-001  8.9036236e-001  8.9166050e-001  8.9294513e-001  8.9421632e-001  8.9547419e-001  8.9671883e-001  8.9795034e-001  8.9916881e-001  9.0037435e-001  9.0156705e-001  9.0274702e-001  9.0391435e-001  9.0506914e-001  9.0621150e-001  9.0734151e-001  9.0845929e-001  9.0956492e-001  9.1065852e-001  9.1174017e-001  9.1280998e-001  9.1386805e-001  9.1491447e-001  9.1594935e-001  9.1697279e-001  9.1798488e-001  9.1898573e-001  9.1997542e-001  9.2095407e-001  9.2192176e-001  9.2287859e-001  9.2382467e-001  9.2476010e-001  9.2568495e-001  9.2659935e-001  9.2750337e-001  9.2839712e-001  9.2928069e-001  9.3015417e-001  9.3101767e-001  9.3187128e-001  9.3271508e-001  9.3354918e-001  9.3437367e-001  9.3518864e-001  9.3599418e-001  9.3679039e-001  9.3757735e-001  9.3835516e-001  9.3912391e-001  9.3988368e-001  9.4063457e-001  9.4137667e-001  9.4211006e-001  9.4283483e-001  9.4355108e-001  9.4425888e-001  9.4495832e-001  9.4564949e-001  9.4633247e-001  9.4700736e-001  9.4767422e-001  9.4833315e-001  9.4898423e-001  9.4962754e-001  9.5026317e-001  9.5089119e-001  9.5151168e-001  9.5212473e-001  9.5273041e-001  9.5332881e-001  9.5391999e-001  9.5450405e-001  9.5508105e-001  9.5565107e-001  9.5621419e-001  9.5677049e-001  9.5732003e-001  9.5786289e-001  9.5839915e-001  9.5892888e-001  9.5945215e-001  9.5996903e-001  9.6047959e-001  9.6098390e-001  9.6148204e-001  9.6197407e-001  9.6246005e-001  9.6294007e-001  9.6341418e-001  9.6388246e-001  9.6434496e-001  9.6480176e-001  9.6525291e-001  9.6569849e-001  9.6613855e-001  9.6657317e-001  9.6700239e-001  9.6742629e-001  9.6784493e-001  9.6825836e-001  9.6866665e-001  9.6906986e-001  9.6946804e-001  9.6986125e-001  9.7024955e-001  9.7063301e-001  9.7101166e-001  9.7138558e-001  9.7175482e-001  9.7211943e-001  9.7247947e-001  9.7283498e-001  9.7318603e-001  9.7353267e-001  9.7387495e-001  9.7421291e-001  9.7454662e-001  9.7487612e-001
