FILE		 lo_corr	 CPnovar	 CPvar	 CPzero	 Pzero	 CPgrnd	 Pgrnd	
m1c5r7.htb   4.00     --     -- 0.6380 0.15400 0.7154 0.00000
m1c74r2.htb   3.00     --     -- 0.5540 0.41550 0.7446 0.00000
m1c84r9.htb   4.00     --     -- 0.2397 0.00050 0.3793 0.00150
m1c89r7.htb   4.00     --     -- 0.4771 0.75250 0.4961 0.93850
m1c105r5.htb   0.00     --     -- 0.4299 0.29250 0.4830 0.55450
m1c107r7.htb   0.00     --     -- 0.8097 0.00000 0.7716 0.00000
m1c111r5.htb   0.00     --     -- 0.5362 0.59800 0.5540 0.07300
m1c112r4.htb   0.00     --     -- 0.7852 0.00150 0.8023 0.00000
m1c115r6.htb   0.00     --     -- 0.6228 0.18400 0.5920 0.05950
m1c116r4.htb   0.00     --     -- 0.4862 0.87300 0.5232 0.59750
m1c118r5.htb   1.50     --     -- 0.5942 0.22250 0.5640 0.07250
m1c119r6.htb   0.00     --     -- 0.5764 0.24100 0.6278 0.00000
m1c121r6.htb   0.00     --     -- 0.7400 0.00050 0.7663 0.00000
m1c125r5.htb   0.00     --     -- 0.7188 0.02750 0.7507 0.00000
m1c126r6.htb   0.00     --     -- 0.7500 0.00000 0.7705 0.00000
m1c127r7.htb   0.00     --     -- 0.5787 0.22900 0.6268 0.00000
m1c128r6.htb   0.00     --     -- 0.5556 0.56400 0.6084 0.01000
m1c129r5.htb   0.00     --     -- 0.6010 0.27000 0.7234 0.00000
m1c134r6.htb   0.00     --     -- 0.8420 0.00000 0.7960 0.00000
m1c144r7.htb   0.00     --     -- 0.6745 0.00600 0.6354 0.00000
m1c145r7.htb   0.00     --     -- 0.5348 0.62000 0.5519 0.12250
m1c152r7.htb   0.00 0.5000 0.5000 0.5000 0.99650 0.5564 0.22750
m1c153r5.htb   0.00 0.4297 0.4596 0.4596 0.74650 0.4537 0.27600
m1c154r7.htb   0.00 0.6303 0.5903 0.6088 0.12850 0.5943 0.01100
m1c156r6.htb   0.00     --     -- 0.3269 0.07150 0.3462 0.00100
m1c157r5.htb   0.00     --     -- 0.4122 0.40350 0.4647 0.39800
m1c159r9.htb   0.00     --     -- 0.4531 0.61200 0.5289 0.47900
m1c160r6.htb   0.00 0.5714 0.5625 0.5625 0.63850 0.6714 0.00000
m1c162r6.htb   0.00 0.8132 0.8627 0.8132 0.01800 0.6336 0.00200
m1c163r6.htb   0.00 0.7594 0.8120 0.7765 0.00000 0.7498 0.00000
m1c165r7.htb   0.00 0.5940 0.7063 0.6485 0.02650 0.6004 0.00000
m1c166r6.htb   0.00 0.8102 0.8361 0.8184 0.00000 0.7790 0.00000
m1c167r7.htb   0.00     --     -- 0.4100 0.29200 0.4841 0.70650
m1c168r7.htb   0.00 0.5907 0.6875 0.6363 0.07650 0.6400 0.00000
m1c171r6.htb   0.00 0.5686 0.4115 0.4115 0.53700 0.6092 0.00700
m1c172r6.htb   0.00 0.5611 0.5888 0.5888 0.38700 0.6629 0.00000
m1c175r6.htb   0.00 0.5926 0.4412 0.5082 0.92400 0.4584 0.35650
m1c178r6.htb   0.00 0.6175 0.7435 0.6768 0.01100 0.7176 0.00000
m1c183r5.htb   0.00 0.7946 0.7643 0.7643 0.06300 0.6573 0.00300
m1c184r6.htb   0.00 0.2813 0.6993 0.4956 0.96150 0.6180 0.00150
m1c185r6.htb   0.00 0.6526 0.5023 0.6526 0.13400 0.5756 0.04800
m1c188r6.htb   0.00 0.5587 0.5827 0.5657 0.33700 0.5883 0.00150
m1c190r6.htb   0.00 0.6604 0.5588 0.6076 0.15150 0.5991 0.00500
m1c193r5.htb   0.00 0.5133 0.4609 0.5133 0.91800 0.4410 0.16050
m1c194r8.htb   0.00 0.8361 0.5818 0.6943 0.00100 0.7425 0.00000
m1c195r5.htb   0.00 0.5707 0.4115 0.4987 0.98700 0.5309 0.46750
m1c197r8.htb   0.00     --     -- 0.7717 0.00000 0.6668 0.00000
m1c200r7.htb   0.00 0.6458 0.6068 0.6202 0.07950 0.6266 0.00000
m1c201r7.htb   0.00     --     -- 0.5091 0.89750 0.5082 0.78800
m1c204r5.htb   0.00 0.3906 0.3800 0.3977 0.28750 0.5635 0.12350
m1c205r7.htb   0.00 0.5351 0.7051 0.6017 0.12350 0.7424 0.00000
m1c206r7.htb   0.00     --     -- 0.5125 0.83450 0.5218 0.42600
m2c72r6.htb   0.00     --     -- 0.6552 0.07200 0.5795 0.04800
m2c73r6.htb   0.00     --     -- 0.5372 0.58850 0.5454 0.15250
m2c74r6.htb   0.00 0.7892 0.6364 0.6364 0.13100 0.6266 0.00100
m2c76r6.htb   0.00 0.7933 0.5781 0.6432 0.11650 0.7568 0.00000
m2c78r6.htb   0.00     --     -- 0.4350 0.33650 0.4893 0.76450
m2c81r6.htb   0.00 0.8705 0.6125 0.7360 0.00000 0.7117 0.00000
m2c82r7.htb   0.00 0.3750 0.4211 0.4211 0.42900 0.4983 0.96350
m2c86r7.htb   0.00     --     -- 0.5930 0.15900 0.5635 0.02750
m2c91r6.htb   0.00 0.5074 0.8175 0.8188 0.00050 0.6900 0.00000
m2c92r6.htb   0.00 0.6621 0.5812 0.6223 0.05750 0.6771 0.00000
m2c93r6.htb   0.00 0.4091 0.4744 0.4530 0.48950 0.5215 0.50000
m2c95r7.htb   0.00 0.4419 0.5560 0.4987 0.98200 0.5818 0.00300
m2c96r6.htb   0.00     --     -- 0.6180 0.07000 0.6125 0.00000
m2c97r6.htb   0.00 0.1875 0.5801    NaN     NaN 0.3680 0.00300
m2c98r6.htb   0.00 0.7160 0.7213 0.7140 0.00050 0.7338 0.00000
m2c99r6.htb   0.00 0.9895 0.7743 0.7743 0.02050 0.7475 0.00000
m2c101r5.htb   0.00     --     -- 0.3747 0.17600 0.4525 0.25300
m2c103r6.htb   0.00 0.6400 0.4821 0.4821 0.84900 0.5097 0.72250
m2c104r6.htb   0.00 0.6200 0.5627 0.5813 0.21400 0.6552 0.00000
m2c105r6.htb   0.00 0.6994 0.8105 0.7123 0.00100 0.7986 0.00000
m2c106r8.htb   0.00     --     -- 0.6694 0.02850 0.5945 0.01700
m2c107r7.htb   0.00     --     -- 0.5190 0.78550 0.4363 0.04000
m2c110r6.htb   0.00 0.4583 0.4015 0.4230 0.25600 0.4290 0.01200
m2c111r7.htb   0.00 0.4242 0.4875 0.4875 0.88000 0.5416 0.16700
m2c112r7.htb   0.00 0.7165 0.7108 0.7108 0.03000 0.5247 0.44600
m2c114r7.htb   0.00     --     -- 0.5050 0.95000 0.5852 0.00450
m2c115r7.htb   0.00 0.5547 0.3363 0.4455 0.42400 0.5455 0.12200
m2c117r6.htb   0.00 0.3389 0.4035 0.3778 0.05600 0.5095 0.74400
m2c118r7.htb   0.00 0.9113 0.4296 0.4296 0.49400 0.5340 0.31000
m2c120r7.htb   0.00     --     -- 0.5243 0.74200 0.5449 0.13200
m2c121r6.htb   0.00 0.6621 0.5320 0.5830 0.21000 0.6086 0.00050
m2c123r6.htb   0.00 0.3483 0.3929 0.3434 0.03650 0.3264 0.00000
m2c125r6.htb   0.00     --     -- 0.4745 0.67650 0.4567 0.19200
m2c126r6.htb   0.00 0.4273 0.5729 0.4879 0.92050 0.5703 0.15950
m2c129r7.htb   0.00     --     -- 0.5592 0.37150 0.6323 0.00000
m2c131r7.htb   0.00 0.6317 0.6003 0.6190 0.06600 0.6488 0.00000
m2c132r7.htb   0.00 0.4219 0.5878 0.4219 0.39100 0.5797 0.00550
m2c133r5.htb   0.00 0.2875 0.4167 0.3810 0.31550 0.5134 0.79500
m2c134r7.htb   0.00 0.3873 0.5280 0.4539 0.53650 0.5222 0.47850
m2c135r5.htb   0.00 0.3737 0.7188 0.5499 0.58200 0.4936 0.86850
m2c137r5.htb   0.00 0.4635 0.4821 0.4621 0.69200 0.5074 0.88100
m2c138r7.htb   0.00     --     -- 0.7413 0.00000 0.6330 0.00000
m2c140r7.htb   0.00 0.7214 0.7549    NaN     NaN 0.5740 0.10400
m2c142r7.htb   0.00     --     -- 0.4758 0.72900 0.4388 0.01900
m2c144r6.htb   0.00 0.4667 0.1099 0.2664 0.01850 0.3320 0.00000
m2c145r8.htb   0.00 0.4545 0.5541 0.5541 0.58050 0.5019 0.95500
m2c147r7.htb   0.00 0.4805 0.6120 0.5447 0.52600 0.5631 0.04900
m2c148r6.htb   0.00     --     -- 0.5196 0.76600 0.6133 0.00050
m2c149r7.htb   0.00 0.3490 0.4700 0.4126 0.17000 0.5249 0.41500
m2c151r7.htb   0.00 0.6653 0.5794 0.6215 0.06250 0.5344 0.26200
m2c152r7.htb   0.00 0.6533 0.3788 0.5101 0.86950 0.4557 0.17550
m2c153r7.htb   0.00 0.5115 0.4786 0.4786 0.82900 0.4594 0.23150
