  7.5407682e-002 -2.9638434e-001  3.7179202e-001
  7.3360457e-002 -2.7916037e-001  3.5252083e-001
 -2.0363923e-001 -3.3180653e-001  1.2816730e-001
  1.0072248e-001 -2.5445625e-001  3.5517872e-001
 -4.3475714e-001 -4.2123921e-001 -1.3517926e-002
  8.5593196e-002 -3.7889786e-001  4.6449106e-001
 -3.1503834e-001 -4.4226122e-001  1.2722288e-001
 -1.5225846e-001 -3.4974069e-001  1.9748223e-001
  4.0721443e-002 -2.3218710e-001  2.7290855e-001
  1.6974410e-001 -1.8924326e-001  3.5898737e-001
 -2.5799108e-001 -2.9136670e-001  3.3375622e-002
 -1.6825161e-001 -3.4637483e-001  1.7812321e-001
  1.4229494e-001 -2.3160182e-001  3.7389676e-001
 -1.1553211e-001 -2.7663471e-001  1.6110260e-001
  1.5699939e-002 -2.1092961e-001  2.2662954e-001
 -2.0017906e-001 -3.4133147e-001  1.4115241e-001
  2.1024170e-001 -1.9899881e-001  4.0924051e-001
  2.0563860e-001 -1.6307872e-001  3.6871732e-001
  2.0353397e-003 -3.1175654e-001  3.1379188e-001
  6.5516268e-002 -2.8158435e-001  3.4710062e-001
  5.3253941e-002 -2.8485747e-001  3.3811141e-001
  9.9128288e-002 -2.7240289e-001  3.7153117e-001
 -1.7791619e-001 -3.0912610e-001  1.3120991e-001
 -1.3338995e-001 -3.1675555e-001  1.8336560e-001
 -9.4063746e-002 -2.5198829e-001  1.5792455e-001
 -1.4463335e-001 -2.9958902e-001  1.5495566e-001
 -1.1939455e-001 -3.1071684e-001  1.9132229e-001
  7.8235743e-003 -2.5208630e-001  2.5990988e-001
 -6.8048218e-002 -3.4714799e-001  2.7909978e-001
 -6.7509007e-002 -3.6201766e-001  2.9450865e-001
  1.6188520e-001 -1.9935429e-001  3.6123949e-001
 -1.8587194e-001 -2.6130712e-001  7.5435181e-002
 -2.8744980e-001 -4.0741187e-001  1.1996207e-001
 -2.0117988e-001 -2.8871401e-001  8.7534127e-002
 -1.7058081e-001 -3.6218356e-001  1.9160275e-001
 -1.6649348e-001 -3.3680692e-001  1.7031344e-001
 -1.0929780e-001 -3.0749135e-001  1.9819355e-001
 -2.8603015e-002 -2.5354073e-001  2.2493772e-001
 -2.6215133e-001 -3.2928163e-001  6.7130297e-002
 -1.0240786e-001 -2.3419303e-001  1.3178518e-001
 -1.5193138e-001 -2.3294382e-001  8.1012445e-002
  2.0867547e-003 -1.4916786e-001  1.5125461e-001
 -5.0101133e-002 -1.7479467e-001  1.2469353e-001
  7.8663159e-002 -2.3661338e-001  3.1527654e-001
  1.0893385e-001 -3.2397293e-001  4.3290678e-001
  1.3176181e-001 -2.0323455e-001  3.3499636e-001
  3.9957169e-002 -1.8218256e-001  2.2213973e-001
  5.1018842e-002 -2.3659829e-001  2.8761714e-001
  2.7221752e-001 -9.9853812e-002  3.7207134e-001
  3.6894636e-001 -1.0655258e-001  4.7549894e-001
  1.5900289e-001 -2.0809388e-001  3.6709677e-001
  2.3495277e-001 -2.4176633e-001  4.7671910e-001
  1.8193270e-001 -1.0746539e-001  2.8939809e-001
  4.1418368e-001 -1.1890919e-001  5.3309287e-001
  8.0728226e-001 -2.1616574e-002  8.2889883e-001
  6.1118269e-001 -1.0243081e-001  7.1361350e-001
  7.0517473e-001 -1.1278751e-003  7.0630260e-001
  7.6796867e-001  1.1021461e-002  7.5694721e-001
  7.9676223e-001  7.7128022e-002  7.1963420e-001
  4.8313918e-001 -1.6184243e-001  6.4498160e-001
  6.9280876e-001  1.0354914e-002  6.8245385e-001
  7.1159644e-001  6.7422647e-003  7.0485417e-001
  8.5701807e-001  4.8896130e-002  8.0812194e-001
  8.1166014e-001 -2.0169298e-002  8.3182944e-001
  8.5903716e-001 -7.4852242e-004  8.5978569e-001
  8.5893514e-001  5.4666198e-003  8.5346852e-001
  7.0284036e-001  3.6759481e-002  6.6608088e-001
  9.3532496e-001  7.9944724e-002  8.5538024e-001
  2.6531950e-001 -1.4903215e-001  4.1435165e-001
  5.1706211e-001 -3.6458348e-002  5.5352046e-001
  3.4931099e-001 -1.8809263e-001  5.3740361e-001
  6.9095184e-001 -3.4505304e-002  7.2545714e-001
  4.1012836e-001 -1.4045175e-001  5.5058011e-001
  4.7999057e-001 -1.7166599e-001  6.5165656e-001
  9.1668579e-002 -1.9198866e-001  2.8365724e-001
  5.4143317e-001 -1.8895820e-002  5.6032899e-001
  4.2375739e-001 -3.1150275e-002  4.5490766e-001
  4.6082149e-001 -1.3193627e-001  5.9275776e-001
  6.9206163e-001 -4.8785393e-002  7.4084702e-001
  2.6180323e-001 -2.0644181e-001  4.6824504e-001
  2.8012380e-001 -1.8106904e-001  4.6119284e-001
  6.3486288e-001 -6.5780900e-002  7.0064378e-001
  8.8784010e-001 -1.5300238e-002  9.0314034e-001
  1.2198232e+000  1.1193530e-001  1.1078879e+000
  1.1261988e+000  1.1348933e-001  1.0127095e+000
  1.1048565e+000  5.5439604e-002  1.0494169e+000
  1.3883701e+000  2.3189901e-001  1.1564711e+000
  1.1226583e+000  1.5681617e-001  9.6584210e-001
  1.2486723e+000  7.3812540e-002  1.1748598e+000
  1.0668493e+000  1.3631183e-001  9.3053751e-001
  1.1632165e+000  7.1898178e-002  1.0913183e+000
  1.2700283e+000  1.0818695e-001  1.1618414e+000
  1.2208578e+000  7.8283087e-002  1.1425747e+000
  1.2486436e+000  2.1427021e-001  1.0343733e+000
  1.2571911e+000  1.5493328e-001  1.1022578e+000
  1.2049471e+000  1.2806440e-001  1.0768827e+000
  7.7774836e-001 -3.0487640e-002  8.0823600e-001
  9.2608950e-001  8.0304478e-002  8.4578502e-001
  1.0121602e+000  5.8600810e-002  9.5355941e-001
  1.1335943e+000  8.3487011e-002  1.0501073e+000
  1.2073662e+000  1.1355341e-001  1.0938128e+000
  1.0386635e+000  1.5873881e-001  8.7992474e-001
  1.1696028e+000  1.4925163e-001  1.0203512e+000
  1.4290936e+000  1.9929405e-001  1.2297995e+000
  1.5513736e+000  2.3697161e-001  1.3144020e+000
  1.6465291e+000  1.6535854e-001  1.4811705e+000
  1.0288329e+000 -8.1607773e-003  1.0369937e+000
  8.6520099e-001 -2.4499969e-002  8.8970096e-001
  9.4289688e-001 -1.3809975e-002  9.5670686e-001
  1.1756560e+000  9.6596681e-002  1.0790593e+000
  1.5285851e+000  2.0194958e-001  1.3266355e+000
  1.5032350e+000  2.5094926e-001  1.2522858e+000
  9.8013415e-001  9.1652045e-002  8.8848210e-001
  1.0847048e+000  4.5592167e-002  1.0391126e+000
  1.2369507e+000  1.4482477e-001  1.0921259e+000
  1.2965126e+000  1.5721973e-001  1.1392929e+000
  1.5550934e+000  2.7523436e-001  1.2798590e+000
  1.4199186e+000  1.5929455e-001  1.2606240e+000
  1.5573832e+000  1.5969896e-001  1.3976842e+000
  1.3790522e+000  1.1403363e-001  1.2650185e+000
  1.3862053e+000  1.6721761e-001  1.2189877e+000
  8.5967662e-001 -5.8870473e-002  9.1854709e-001
  1.3790544e+000  1.1303694e-001  1.2660175e+000
  1.2593579e+000  1.2147107e-001  1.1378869e+000
  1.0293201e+000 -1.2125465e-002  1.0414455e+000
  5.7757455e-001 -1.3257997e-001  7.1015452e-001
  9.1268456e-001  5.5000681e-002  8.5768388e-001
  7.4873023e-001 -2.8198745e-002  7.7692897e-001
  1.0343866e+000  1.1392834e-001  9.2045822e-001
  7.9375994e-001  4.9567102e-002  7.4419284e-001
  8.5162402e-001 -1.7010316e-004  8.5179412e-001
  9.6099514e-001  5.3944990e-002  9.0705015e-001
  9.0956700e-001  2.7463832e-002  8.8210317e-001
  1.1458526e+000  9.8110454e-002  1.0477421e+000
  1.1152726e+000  1.1957187e-001  9.9570074e-001
  1.2185114e+000  9.3807475e-002  1.1247040e+000
  1.2063536e+000  1.1339267e-001  1.0929609e+000
  1.0638779e+000  1.7485802e-001  8.8901992e-001
  1.0333563e+000  8.0251244e-002  9.5310507e-001
  6.2798037e-001 -8.0049121e-002  7.0802950e-001
  3.4568186e-001 -1.1518173e-001  4.6086359e-001
  2.6773213e-001 -7.7838790e-002  3.4557092e-001
  4.4884065e-001 -7.8239848e-002  5.2708050e-001
  6.5289824e-001 -5.3223394e-003  6.5822058e-001
  2.8715844e-001 -1.0823818e-001  3.9539662e-001
  6.1560616e-001  1.5476577e-002  6.0012959e-001
  2.2304275e-001 -1.8517843e-001  4.0822118e-001
  3.5904686e-001 -5.0279219e-002  4.0932608e-001
  4.1944095e-001 -5.4202390e-002  4.7364334e-001
  4.9729707e-001 -5.5157494e-002  5.5245457e-001
  1.9064254e-001 -1.4484751e-001  3.3549005e-001
  3.0717296e-001 -1.4774174e-001  4.5491471e-001
  7.6511812e-002 -1.7194278e-001  2.4845460e-001
  1.5402120e-002 -2.1323420e-001  2.2863632e-001
  8.9838333e-002 -1.3736028e-001  2.2719862e-001
  1.5330616e-001 -1.1349143e-001  2.6679759e-001
  6.3843015e-002 -2.1464906e-001  2.7849207e-001
  6.1864668e-002 -6.3163114e-002  1.2502778e-001
  9.6862792e-002 -1.5404765e-001  2.5091044e-001
  2.8224216e-001 -6.6058454e-002  3.4830062e-001
  1.2450129e-001 -1.1063569e-001  2.3513698e-001
  5.7202011e-001  5.4153652e-002  5.1786646e-001
  2.0937476e-001 -7.9307180e-002  2.8868194e-001
  2.2364955e-001 -9.7152748e-002  3.2080229e-001
 -7.2601125e-003 -1.8474445e-001  1.7748434e-001
 -3.0948706e-002 -1.7558673e-001  1.4463803e-001
  1.0304634e-001 -1.0305570e-001  2.0610204e-001
  2.5276072e-002 -1.7342213e-001  1.9869821e-001
 -1.4345857e-001 -2.1499314e-001  7.1534569e-002
 -1.5892415e-001 -2.7640241e-001  1.1747826e-001
  1.7995355e-001 -1.1599606e-001  2.9594961e-001
  2.9683434e-001 -1.0533996e-001  4.0217429e-001
  5.4735600e-002 -1.4441377e-001  1.9914937e-001
  9.4440949e-002 -1.8899995e-001  2.8344090e-001
  1.6252595e-001 -6.1636381e-002  2.2416233e-001
  1.8898142e-001 -2.6719911e-002  2.1570133e-001
  1.2149981e-001 -1.2795289e-001  2.4945271e-001
  3.5008286e-001 -5.3771076e-002  4.0385394e-001
  4.6415797e-001 -3.1400802e-002  4.9555877e-001
  4.7923180e-001  3.7856795e-002  4.4137500e-001
  5.4473198e-001 -4.3949135e-002  5.8868111e-001
  3.7034686e-001 -1.0036628e-001  4.7071314e-001
  5.8393498e-001 -1.9387113e-002  6.0332209e-001
  4.2213426e-001 -1.5305709e-001  5.7519135e-001
  3.3992968e-001 -1.4588004e-001  4.8580972e-001
  5.0194302e-001 -1.3873895e-002  5.1581691e-001
  5.2727334e-001 -5.7385409e-002  5.8465874e-001
  3.6089732e-001 -1.4309186e-001  5.0398919e-001
  4.7452684e-001 -8.8998067e-002  5.6352490e-001
  5.1896334e-001 -7.1643853e-002  5.9060719e-001
  7.2875435e-001  2.0515373e-002  7.0823898e-001
  7.9968868e-001  4.2626920e-002  7.5706176e-001
  9.8482569e-001  7.2074720e-002  9.1275097e-001
  9.4412001e-001  3.9585671e-002  9.0453434e-001
  1.0476256e+000  8.2976195e-002  9.6464941e-001
  8.5552299e-001  3.4851758e-002  8.2067124e-001
  9.5755583e-001  5.3663572e-002  9.0389226e-001
  1.1104863e+000  2.7496984e-001  8.3551648e-001
  8.1840327e-001  5.3128246e-002  7.6527503e-001
  8.2624617e-001  1.6905981e-001  6.5718636e-001
  7.6773762e-001  6.9063408e-002  6.9867422e-001
  3.0649034e-001 -1.5719723e-001  4.6368757e-001
  5.5971817e-001 -3.1936401e-002  5.9165457e-001
  2.3771593e-001 -1.1623466e-001  3.5395058e-001
  1.7190208e-001 -1.9926318e-001  3.7116526e-001
  5.4059905e-001 -9.4188683e-002  6.3478773e-001
  4.1566340e-001 -1.1486702e-001  5.3053042e-001
  6.6903383e-001  4.0796881e-002  6.2823695e-001
  6.3460451e-001 -3.7684776e-002  6.7228928e-001
  6.8210926e-001 -3.8511206e-002  7.2062047e-001
  5.3303004e-001 -6.1982644e-002  5.9501269e-001
  6.0283243e-001 -4.7285566e-002  6.5011800e-001
  6.5761985e-001 -1.7376712e-002  6.7499657e-001
  6.0242774e-001 -5.3741291e-002  6.5616903e-001
  5.0758234e-001 -1.3278459e-001  6.4036693e-001
  8.5131650e-001  4.2434765e-002  8.0888173e-001
  5.7655385e-001 -1.2268873e-001  6.9924258e-001
  7.2122221e-001  4.5245677e-002  6.7597653e-001
  9.3602586e-001  1.0385396e-001  8.3217190e-001
  1.0608351e+000  1.2584049e-001  9.3499458e-001
  7.3099123e-001  4.5371516e-002  6.8561971e-001
  1.1327119e+000  1.2547281e-001  1.0072390e+000
  7.6217817e-001  1.5103106e-002  7.4707506e-001
  1.0741509e+000  1.0439628e-001  9.6975465e-001
  1.3433565e+000  3.0190141e-001  1.0414551e+000
  1.3025838e+000  2.7311560e-001  1.0294682e+000
  1.2539734e+000  1.8938948e-001  1.0645839e+000
  1.0578533e+000  9.8892578e-002  9.5896075e-001
  5.3615698e-001  2.1004172e-001  3.2611526e-001
  4.3952030e-001  1.0138240e-001  3.3813790e-001
  5.3496942e-001  2.4600327e-001  2.8896615e-001
  4.7861045e-001  2.4253551e-001  2.3607494e-001
  3.0844993e-001  1.2093937e-001  1.8751056e-001
  1.2904101e-001 -1.5366644e-002  1.4440766e-001
  9.3838108e-003  4.7136604e-002 -3.7752794e-002
  3.0642292e-001  1.2005032e-001  1.8637259e-001
  5.7114977e-001  2.0893463e-001  3.6221514e-001
  4.3314807e-001  1.5861931e-001  2.7452876e-001
  6.8791787e-001  2.9003154e-001  3.9788633e-001
  7.2366879e-001  2.6292146e-001  4.6074733e-001
