FILE	 PrDir	 PrSpd	 PrHDsp	 RFX	 RFY	 RFDiam	 Nthr	 NSlp	 Mthr	 MSlp	 NthrSim	 NslpSim	 DspLo	 DspHi	 Ntrials	
m1c5r7.htb	  270.0	  11.00	 -0.200	  -6.00	   0.40	   7.00	 17.12582	 1.21045	 29.94185	 2.01137	 14.26026	 1.15887	 -0.200	  0.600	  200	
m1c74r2.htb	  290.0	   2.20	 -0.700	  -9.20	  -4.00	  10.00	 15.45413	 1.15198	 23.20831	 1.36104	 12.33626	 1.11733	 -0.700	  0.500	  400	
m1c84r9.htb	  280.0	   8.00	  0.200	  -6.00	  -5.30	   5.00	 16.54027	 1.43359	 24.07821	 1.27533	 13.27156	 1.38081	 -0.600	  0.200	  320	
m1c89r7.htb	  270.0	   1.00	  0.250	  -6.40	  -6.40	   7.00	 25.61106	 1.35476	 26.96907	 3.14067	 24.01701	 1.51951	 -0.500	  0.250	  220	
m1c105r5.htb	   75.0	   4.00	  0.200	  -8.10	  -5.70	   9.00	 19.13484	 1.93164	 23.96264	 1.78324	 16.46701	 1.96265	 -0.600	  0.200	  546	
m1c107r7.htb	  105.0	   1.00	 -0.200	  -7.10	  -2.30	   8.00	 13.40090	 1.23928	 16.39719	 1.37864	 10.98486	 1.22299	 -0.200	  0.200	  560	
m1c111r5.htb	  350.0	   6.00	  0.500	  -6.60	  -1.70	   9.00	 21.25089	 2.21929	 13.56887	 1.14313	 17.59985	 2.00081	 -0.500	  0.500	  560	
m1c112r4.htb	  160.0	   4.00	 -0.400	  -6.50	  -2.90	   7.00	 10.24610	 0.65682	 14.57010	 0.81236	 6.92075	 0.63053	 -0.400	  0.600	  280	
m1c115r6.htb	  170.0	  15.00	 -1.000	  -4.80	   1.50	   7.50	 33.44001	 1.26434	 16.60772	 0.77923	 28.60042	 1.13026	 -1.000	  0.400	  240	
m1c116r4.htb	  130.0	  15.00	  0.400	  -2.60	   5.00	   7.50	 83.17858	 0.66972	 17.79568	 1.04905	 49.49600	 0.71590	 -0.800	  0.400	  280	
m1c118r5.htb	  120.0	  16.00	 -1.000	  -5.30	   0.30	   7.50	 19.83019	 1.32571	 26.40608	 1.44832	 16.64711	 1.17402	 -1.000	  0.500	  372	
m1c119r6.htb	  245.0	   6.00	 -0.800	  -8.40	  -0.50	  10.00	 24.20970	 1.52669	 16.49239	 1.20025	 20.35316	 1.42271	 -0.800	  0.800	  560	
m1c121r6.htb	  130.0	   6.00	 -0.800	  -3.20	  -0.20	   5.50	 32.89461	 2.07992	 26.64611	 1.42410	 28.74110	 2.02469	 -0.800	  0.400	  560	
m1c125r5.htb	  170.0	   8.00	 -0.700	  -4.00	  -2.20	   7.00	 14.92812	 1.70386	 20.91864	 2.38349	 12.01836	 1.76318	 -0.700	  0.400	  280	
m1c126r6.htb	    0.0	   7.00	 -0.800	  -6.10	   0.05	   7.00	 10.72805	 1.15470	 15.21083	 1.32475	 8.39919	 1.10731	 -0.800	  0.500	  560	
m1c127r7.htb	  155.0	   7.00	 -0.600	  -6.70	   0.90	   8.00	 23.07567	 2.02446	 17.63616	 1.59568	 20.48934	 1.96384	 -0.600	  0.600	  560	
m1c128r6.htb	   60.0	   1.50	 -0.500	  -6.40	   3.70	  12.00	 26.09894	 1.13634	 19.84815	 0.93719	 21.48924	 1.27320	 -0.500	  0.500	  271	
m1c129r5.htb	  110.0	   1.00	  0.600	  -5.60	   0.40	   4.00	 32.54293	 2.29057	 25.52864	 1.37775	 28.80829	 2.03224	 -0.600	  0.600	  280	
m1c134r6.htb	  250.0	  20.00	 -0.400	  -1.80	   5.60	   6.00	 23.41837	 1.36234	 23.12745	 1.34938	 19.17360	 1.35082	 -0.400	  0.400	  460	
m1c144r7.htb	  315.0	   3.00	  0.200	  -0.90	  -2.00	   4.00	 22.02486	 1.44981	 26.53676	 1.61999	 18.14397	 1.55220	 -0.400	  0.200	  560	
m1c145r7.htb	  170.0	   4.00	  0.200	  -2.90	  -1.20	   5.00	 15.24309	 1.01048	 20.12520	 1.04240	 11.52961	 0.98538	 -0.600	  0.200	  544	
m1c152r7.htb	  210.0	  32.00	  0.300	  -6.60	  -1.50	  12.00	 13.75567	 0.93121	 33.91052	 2.26917	 9.63115	 0.79707	 -0.300	  0.300	  283	
m1c153r5.htb	  160.0	   4.00	  0.300	  -5.50	  -2.20	   8.00	 24.59149	 1.84788	 17.52039	 2.10432	 15.33634	 1.96989	 -0.300	  0.300	  280	
m1c154r7.htb	  340.0	   4.00	  0.200	  -0.70	  -4.70	   8.00	 18.72754	 1.62395	 15.58313	 1.79413	 14.53213	 1.54264	 -0.200	  0.200	  427	
m1c156r6.htb	  215.0	   4.00	  0.200	  -7.00	   1.80	  13.00	 31.22572	 1.36202	 11.70852	 1.49703	 25.01016	 1.60602	 -0.600	  0.200	  320	
m1c157r5.htb	   25.0	   4.00	  0.700	  -5.50	   0.30	  10.00	 75.60823	 1.55123	 25.65789	 1.67778	 61.28512	 1.36371	 -1.300	  0.700	  320	
m1c159r9.htb	   70.0	   2.50	  0.050	 -10.00	  -1.80	  16.00	 19.35997	 1.70103	 16.50771	 1.43069	 16.09653	 1.54463	 -0.400	  0.050	  280	
m1c160r6.htb	  230.0	  13.00	 -1.000	  -3.00	   0.60	   4.00	 28.70412	 1.50804	 35.11499	 1.14697	 22.52364	 1.43515	 -1.000	  0.500	  353	
m1c162r6.htb	   10.0	   1.00	 -0.400	  -3.70	   1.80	   6.00	 31.28036	 2.42705	 24.43037	 2.77635	 23.93000	 1.28399	 -0.400	  0.400	  280	
m1c163r6.htb	  135.0	  13.00	 -1.000	  -5.40	   4.00	   8.00	 20.90985	 2.01004	 19.62025	 1.60280	 18.46841	 3.03172	 -1.000	  0.500	  560	
m1c165r7.htb	   20.0	   7.00	 -0.800	  -1.50	   1.20	   3.50	 80.79888	 1.10723	 40.03009	 1.32350	 61.07385	 1.14054	 -0.800	  0.500	  640	
m1c166r6.htb	  250.0	   7.00	 -0.400	  -3.60	   2.70	   7.00	 15.56065	 1.81916	 16.57271	 1.74075	 13.38884	 1.64806	 -0.400	  0.400	  425	
m1c167r7.htb	   60.0	   3.00	  0.050	  -3.40	   4.30	   8.00	 12.89231	 0.97156	 12.77652	 1.42950	 11.85169	 0.92060	 -0.500	  0.050	  349	
m1c168r7.htb	   80.0	   8.00	 -0.100	  -3.50	   4.00	   6.00	 17.64522	 2.06908	 27.66733	 1.18379	 15.84976	 2.19934	 -0.100	  0.500	  410	
m1c171r6.htb	   75.0	   0.50	 -0.100	  -2.60	  -5.90	   8.00	 29.22509	 30.45098	 26.53478	 2.08566	 25.43000	 2.02048	 -0.100	  0.400	  280	
m1c172r6.htb	  250.0	   3.00	 -0.400	  -2.40	  -5.70	   8.00	 19.92750	 1.57458	 17.94536	 1.45373	 16.21320	 1.47650	 -0.400	  0.400	  497	
m1c175r6.htb	  170.0	   5.00	 -1.000	  -3.80	  -2.80	   5.00	 24.15714	 1.86520	 20.78565	 0.92652	 19.89558	 2.08782	 -1.000	  0.400	  332	
m1c178r6.htb	   65.0	   2.00	 -0.200	  -3.40	  -6.00	  11.00	 11.02673	 1.31686	 14.81604	 2.19633	 9.43754	 1.32411	 -0.200	  0.400	  505	
m1c183r5.htb	   90.0	  15.00	 -1.000	  -6.20	   3.00	   9.00	 22.70262	 1.23654	 43.13332	 5.29648	 19.31731	 1.18370	 -1.000	  0.500	  246	
m1c184r6.htb	  190.0	  15.00	 -0.800	  -6.50	  -2.10	   5.50	 25.80863	 1.31191	 20.62641	 1.44962	 20.56379	 1.25723	 -0.800	  0.800	  336	
m1c185r6.htb	   60.0	  25.00	 -2.000	 -15.00	   4.70	  16.00	 24.13919	 1.63478	 34.58142	 1.20340	 20.83858	 1.75440	 -2.000	  1.000	  480	
m1c188r6.htb	  330.0	  16.00	 -0.200	 -10.10	   3.70	  10.00	 21.30846	 1.57290	 19.37774	 1.74256	 17.97184	 1.57830	 -0.200	  0.800	  560	
m1c190r6.htb	   70.0	  25.00	  0.700	  -8.10	   2.30	   8.00	 14.52304	 1.15024	 20.59159	 0.91671	 11.47413	 1.24768	 -0.700	  0.700	  441	
m1c193r5.htb	  230.0	   3.00	  0.900	  -8.00	   0.70	  13.00	 18.52513	 1.09460	 21.69207	 1.57513	 13.21676	 1.09011	 -0.400	  0.900	  280	
m1c194r8.htb	  270.0	  20.00	 -0.400	  -9.30	   5.30	   7.00	 30.59229	 1.06039	 26.58435	 1.12881	 24.35635	 1.09028	 -0.400	  0.800	  717	
m1c195r5.htb	  200.0	   7.00	 -0.800	  -5.70	   0.10	  10.00	 24.39270	 1.38539	 20.68832	 5.61925	 19.82697	 1.43917	 -0.800	  0.800	  280	
m1c197r8.htb	  235.0	   8.00	  0.100	  -1.40	   9.00	  11.00	 16.49950	 1.57721	 23.03822	 1.50723	 13.90937	 1.67038	 -0.600	  0.100	  787	
m1c200r7.htb	  155.0	   4.00	 -0.400	  -3.10	  -3.40	   8.00	 17.03498	 1.26467	 14.66015	 1.59360	 13.94613	 1.26052	 -0.400	  0.400	  560	
m1c201r7.htb	  340.0	   1.20	  0.100	  -1.40	  -6.50	   8.00	 46.50858	 1.67278	 28.78642	 0.88879	 39.99656	 2.23720	 -0.600	  0.100	  640	
m1c204r5.htb	  295.0	   3.50	 -0.400	  -2.90	  -0.20	   5.00	 20.33912	 1.18095	 21.54419	 1.40734	 15.53489	 1.11851	 -0.400	  0.400	  280	
m1c205r7.htb	  290.0	   6.00	 -0.150	  -4.90	  -2.70	  10.00	 11.84807	 1.50856	 12.86498	 1.54722	 9.60855	 1.51211	 -0.150	  0.500	  560	
m1c206r7.htb	  240.0	   3.00	  0.050	  -4.00	   1.90	   7.00	 23.55549	 1.80104	 27.87593	 1.86113	 20.34668	 1.74526	 -0.800	  0.050	  560	
m2c72r6.htb	  125.0	  10.00	 -0.500	  -3.60	  -3.10	   8.50	 38.46924	 1.29321	 30.96409	 1.27113	 31.35455	 1.34363	 -0.500	  0.800	  364	
m2c73r6.htb	  205.0	  10.00	  0.500	  -3.90	  -2.10	   7.00	 18.99132	 1.47821	 21.88512	 0.96044	 15.66989	 1.28472	 -0.300	  0.500	  560	
m2c74r6.htb	  300.0	   0.50	  0.400	  -5.30	  -2.00	  10.00	 40.39722	 1.42575	 16.78918	 1.12403	 32.52318	 1.22960	 -0.400	  0.400	  560	
m2c76r6.htb	  315.0	   7.00	  0.800	  -5.80	   0.00	   7.00	 26.59119	 0.79531	 20.85999	 1.32956	 19.04318	 0.83497	 -0.200	  0.800	  280	
m2c78r6.htb	  135.0	   8.00	  0.300	  -5.70	   2.00	   6.00	 18.19387	 1.07199	 26.46238	 1.12050	 13.74726	 0.99681	 -0.400	  0.300	  560	
m2c81r6.htb	  260.0	   1.00	  0.400	  -9.90	  -2.70	  16.00	 19.38928	 2.67462	 23.43311	 1.17097	 17.75936	 2.54118	 -0.400	  0.400	  560	
m2c82r7.htb	  125.0	   4.00	 -0.250	  -9.90	  -0.10	   8.00	 43.95650	 1.72541	 24.09526	 1.00593	 36.37198	 1.81796	 -0.250	  0.600	  478	
m2c86r7.htb	  190.0	  14.00	  0.100	  -8.20	   4.90	   8.00	 9.73226	 1.35783	 57.73295	 1.34468	 8.11169	 1.53700	 -0.900	  0.100	  560	
m2c91r6.htb	   75.0	  20.00	 -1.200	  -6.50	  -5.60	  15.00	 19.81264	 1.89961	 30.27682	 1.25530	 16.76189	 1.65494	 -1.200	  1.200	  560	
m2c92r6.htb	  125.0	  12.00	  0.600	 -10.80	  -2.10	  18.00	 9.55407	 1.07962	 23.41548	 2.09570	 7.54956	 1.03981	 -0.600	  0.600	  560	
m2c93r6.htb	   80.0	   0.50	  0.300	  -7.90	  -6.00	  16.00	 14.03385	 1.87695	 15.50784	 1.14833	 12.27740	 2.55384	 -0.300	  0.300	  560	
m2c95r7.htb	  155.0	   8.00	 -0.100	  -4.80	  -7.10	  12.00	 18.68790	 1.51390	 22.74988	 1.18670	 15.60940	 1.41392	 -0.100	  0.900	  560	
m2c96r6.htb	  130.0	  20.00	  0.500	  -2.50	  -6.10	  10.00	 61.02622	 1.57775	 24.05109	 0.86944	 51.34530	 1.70380	 -0.400	  0.500	  560	
m2c97r6.htb	  135.0	   0.50	  0.200	  -6.60	  -5.10	   7.00	 34.14749	 2.57013	 22.62052	 1.90429	 31.48784	 2.78008	 -0.200	  0.200	  560	
m2c98r6.htb	  325.0	   0.50	 -0.500	  -6.60	  -9.10	  15.00	 15.99499	 1.45959	 16.97487	 1.04150	 13.43776	 1.72148	 -0.500	  0.500	  560	
m2c99r6.htb	   60.0	   7.50	 -0.300	  -4.80	  -8.90	   8.00	 23.88012	 1.47851	 21.69168	 2.45137	 20.25599	 1.39464	 -0.300	  0.700	  333	
m2c101r5.htb	  210.0	  12.00	  0.400	  -2.40	  -6.90	  13.00	 23.60468	 1.30604	 54.35118	 1.57939	 18.27242	 1.30149	 -0.500	  0.400	  280	
m2c103r6.htb	  270.0	  32.00	 -0.200	  -0.80	  -3.30	   4.00	 79.97480	 1.94471	 66.92065	 2.21299	 70.61266	 1.94359	 -0.200	  1.200	  560	
m2c104r6.htb	  180.0	  14.00	 -1.100	  -1.10	  -4.10	   7.00	 19.07376	 2.18628	 34.94133	 1.34461	 16.28951	 2.57435	 -1.100	  1.000	  560	
m2c105r6.htb	  105.0	  20.00	 -0.900	  -3.50	  -5.20	   7.00	 20.20517	 1.62064	 30.45400	 1.69983	 17.18531	 1.54729	 -0.900	  0.600	  560	
m2c106r8.htb	  195.0	   6.00	  0.100	  -9.90	   4.00	  13.00	 45.87986	 2.72253	 20.54400	 1.08071	 42.61331	 2.99087	 -0.700	  0.100	  451	
m2c107r7.htb	  240.0	  11.00	  0.100	  -6.70	   5.40	   8.00	 15.73459	 1.12603	 22.39335	 1.35633	 12.29032	 1.13535	 -0.600	  0.100	  560	
m2c110r6.htb	  255.0	   1.20	 -0.200	  -7.10	   6.50	  16.00	 17.97618	 1.39323	 28.74170	 0.79222	 14.49117	 1.33262	 -0.200	  0.600	  560	
m2c111r7.htb	  260.0	   9.00	 -0.250	  -5.20	   4.70	  12.00	 13.21973	 1.30103	 29.90458	 1.14351	 11.18642	 1.26721	 -0.250	  0.600	  560	
m2c112r7.htb	  100.0	  10.00	 -0.450	  -5.40	   4.20	  10.00	 13.50008	 1.52961	 23.24248	 1.28602	 10.15348	 1.36524	 -0.450	  0.600	  560	
m2c114r7.htb	  175.0	   7.00	  0.200	  -6.20	   1.90	   8.00	 14.10721	 2.05922	 19.04165	 2.06927	 12.31301	 1.98751	 -0.400	  0.200	  560	
m2c115r7.htb	  260.0	   3.00	 -0.100	  -5.40	   5.90	   5.00	 64.43493	 3.14300	 42.76448	 2.03934	 58.87445	 2.77840	 -0.100	  0.600	  560	
m2c117r6.htb	  225.0	  20.00	 -1.200	 -11.10	   3.90	  20.00	 19.17083	 1.32084	 33.50207	 2.67861	 16.45620	 1.27152	 -1.200	  1.300	  560	
m2c118r7.htb	  140.0	   4.50	 -0.150	  -7.70	   4.00	  10.00	 13.06539	 1.47147	 29.30774	 1.52082	 10.48148	 1.53709	 -0.150	  0.600	  465	
m2c120r7.htb	   55.0	   6.00	  0.200	  -4.60	  15.00	   8.00	 77.02393	 81.70232	 54.56762	 2.13267	 77.02393	 81.70232	 -0.400	  0.200	  560	
m2c121r6.htb	   20.0	  18.00	 -1.700	  -4.20	   2.70	   6.00	 57.37539	 1.88335	 59.47791	 1.23717	 49.34047	 1.64376	 -1.700	  1.000	  560	
m2c123r6.htb	   55.0	  15.00	  0.500	  -3.20	   5.30	  10.00	 73.94867	 5.36239	 38.13902	 0.74367	 52.04715	 25.56269	 -0.600	  0.500	  434	
m2c125r6.htb	  220.0	   6.50	  1.000	  -4.30	   1.30	   5.00	 58.95522	 4.81776	 28.18112	 0.98367	 57.25240	 4.33208	 -0.300	  1.000	  560	
m2c126r6.htb	   75.0	   6.00	  0.600	  -4.70	   2.50	   4.50	 31.53326	 1.85358	 38.31089	 4.53437	 27.14705	 2.08235	 -0.200	  0.600	  226	
m2c129r7.htb	  155.0	   2.00	  0.100	  -5.50	   1.40	  10.00	 24.73592	 2.05812	 29.45174	 1.09154	 21.50264	 2.12068	 -0.400	  0.100	  560	
m2c131r7.htb	  250.0	  15.00	 -0.150	  -2.70	  11.80	  12.00	 15.53807	 2.06636	 35.05195	 1.78213	 13.27342	 1.99660	 -0.150	  0.800	  560	
m2c132r7.htb	  340.0	   1.00	 -0.100	  -4.40	  -0.10	   4.00	 20.54416	 1.02429	 35.53322	 1.53409	 15.26119	 0.86477	 -0.100	  0.800	  560	
m2c133r5.htb	  115.0	  15.00	  0.500	  -1.10	   9.80	  15.00	 52.16004	 2.51149	 50.82321	 0.87010	 46.85820	 2.66035	 -0.500	  0.500	  182	
m2c134r7.htb	   65.0	   3.00	 -0.050	  -4.30	   0.50	   5.00	 23.32530	 1.39252	 30.12177	 2.14535	 19.35342	 1.33202	 -0.050	  0.400	  431	
m2c135r5.htb	  130.0	   5.00	 -0.700	  -4.90	   2.00	   5.00	 91.28356	 28.48519	 46.58906	 15.95030	 91.09589	 29.12434	 -0.700	  0.300	  280	
m2c137r5.htb	  240.0	   4.00	  1.000	  -5.10	   1.90	   8.00	 71.00175	 8.44197	 29.06628	 1.41392	 69.10019	 7.28970	 -0.400	  1.000	  280	
m2c138r7.htb	  300.0	  15.00	  0.350	  -4.40	  -0.20	   8.30	 17.60651	 1.27239	 24.27885	 1.11504	 13.62440	 1.15192	 -0.500	  0.350	  840	
m2c140r7.htb	   90.0	   1.00	  0.200	  -2.90	   5.80	   7.00	 39.55325	 1.74811	 30.05368	 1.53743	 32.89666	 1.90574	 -0.200	  0.200	  515	
m2c142r7.htb	  275.0	   4.00	  0.080	  -2.20	  -0.40	   4.00	 18.27731	 2.38578	 49.19141	 1.63420	 15.97652	 2.86517	 -0.300	  0.080	  560	
m2c144r6.htb	  330.0	   7.00	  0.200	  -2.30	  -2.30	   5.00	 27.95848	 3.30488	 30.77566	 1.48640	 25.66791	 2.82675	 -0.200	  0.200	  240	
m2c145r8.htb	  270.0	   2.00	  0.050	  -3.30	  -1.70	   5.50	 24.18778	 1.27488	 50.67721	 1.56430	 17.65239	 1.07010	 -0.100	  0.050	  560	
m2c147r7.htb	   65.0	   6.00	 -0.100	  -5.10	  -1.80	  10.00	 22.46125	 1.48103	 18.85315	 1.49062	 18.46359	 1.40472	 -0.100	  0.700	  560	
m2c148r6.htb	  260.0	  10.00	  0.200	  -6.00	  -0.30	   8.00	 17.58207	 2.06120	 19.46845	 2.17825	 15.43220	 2.21112	 -0.400	  0.200	  499	
m2c149r7.htb	   30.0	   7.00	 -0.200	  -5.80	  -2.50	  11.00	 15.07662	 1.12797	 18.84345	 1.19827	 11.99530	 1.17125	 -0.200	  0.800	  560	
m2c151r7.htb	  245.0	  20.00	  0.200	  -1.30	   8.90	  14.00	 51.17752	 1.80992	 32.25894	 1.37047	 41.00785	 1.86476	 -0.200	  0.200	  560	
m2c152r7.htb	  150.0	   0.00	  0.250	  -4.90	   0.20	   9.00	 50.96488	 2.60001	 16.59775	 1.41398	 44.81302	 2.69464	 -0.300	  0.250	  560	
m2c153r7.htb	  315.0	   6.00	 -0.050	  -5.50	   0.30	   9.50	 30.02681	 2.07931	 27.17415	 1.44891	 25.87678	 1.77149	 -0.050	  0.700	  489	
