  3.0000000e+000  5.5780089e-001
  3.1000000e+000  5.5868801e-001
  3.2000000e+000  5.5955903e-001
  3.3000000e+000  5.6041473e-001
  3.4000000e+000  5.6125579e-001
  3.5000000e+000  5.6208286e-001
  3.6000000e+000  5.6289654e-001
  3.7000000e+000  5.6369740e-001
  3.8000000e+000  5.6448595e-001
  3.9000000e+000  5.6526268e-001
  4.0000000e+000  5.6602804e-001
  4.1000000e+000  5.6678248e-001
  4.2000000e+000  5.6752638e-001
  4.3000000e+000  5.6826012e-001
  4.4000000e+000  5.6898406e-001
  4.5000000e+000  5.6969855e-001
  4.6000000e+000  5.7040388e-001
  4.7000000e+000  5.7110037e-001
  4.8000000e+000  5.7178829e-001
  4.9000000e+000  5.7246793e-001
  5.0000000e+000  5.7313952e-001
  5.1000000e+000  5.7380332e-001
  5.2000000e+000  5.7445955e-001
  5.3000000e+000  5.7510844e-001
  5.4000000e+000  5.7575020e-001
  5.5000000e+000  5.7638501e-001
  5.6000000e+000  5.7701309e-001
  5.7000000e+000  5.7763460e-001
  5.8000000e+000  5.7824972e-001
  5.9000000e+000  5.7885862e-001
  6.0000000e+000  5.7946145e-001
  6.1000000e+000  5.8005838e-001
  6.2000000e+000  5.8064954e-001
  6.3000000e+000  5.8123508e-001
  6.4000000e+000  5.8181513e-001
  6.5000000e+000  5.8238983e-001
  6.6000000e+000  5.8295929e-001
  6.7000000e+000  5.8352364e-001
  6.8000000e+000  5.8408299e-001
  6.9000000e+000  5.8463746e-001
  7.0000000e+000  5.8518714e-001
  7.1000000e+000  5.8573216e-001
  7.2000000e+000  5.8627259e-001
  7.3000000e+000  5.8680855e-001
  7.4000000e+000  5.8734013e-001
  7.5000000e+000  5.8786740e-001
  7.6000000e+000  5.8839047e-001
  7.7000000e+000  5.8890941e-001
  7.8000000e+000  5.8942431e-001
  7.9000000e+000  5.8993525e-001
  8.0000000e+000  5.9044229e-001
  8.1000000e+000  5.9094552e-001
  8.2000000e+000  5.9144501e-001
  8.3000000e+000  5.9194082e-001
  8.4000000e+000  5.9243303e-001
  8.5000000e+000  5.9292169e-001
  8.6000000e+000  5.9340688e-001
  8.7000000e+000  5.9388865e-001
  8.8000000e+000  5.9436706e-001
  8.9000000e+000  5.9484218e-001
  9.0000000e+000  5.9531405e-001
  9.1000000e+000  5.9578273e-001
  9.2000000e+000  5.9624828e-001
  9.3000000e+000  5.9671074e-001
  9.4000000e+000  5.9717018e-001
  9.5000000e+000  5.9762662e-001
  9.6000000e+000  5.9808014e-001
  9.7000000e+000  5.9853076e-001
  9.8000000e+000  5.9897854e-001
  9.9000000e+000  5.9942353e-001
  1.0000000e+001  5.9986575e-001
  1.0100000e+001  6.0030526e-001
  1.0200000e+001  6.0074210e-001
  1.0300000e+001  6.0117631e-001
  1.0400000e+001  6.0160792e-001
  1.0500000e+001  6.0203697e-001
  1.0600000e+001  6.0246350e-001
  1.0700000e+001  6.0288755e-001
  1.0800000e+001  6.0330916e-001
  1.0900000e+001  6.0372835e-001
  1.1000000e+001  6.0414516e-001
  1.1100000e+001  6.0455962e-001
  1.1200000e+001  6.0497177e-001
  1.1300000e+001  6.0538164e-001
  1.1400000e+001  6.0578925e-001
  1.1500000e+001  6.0619464e-001
  1.1600000e+001  6.0659784e-001
  1.1700000e+001  6.0699888e-001
  1.1800000e+001  6.0739778e-001
  1.1900000e+001  6.0779458e-001
  1.2000000e+001  6.0818929e-001
  1.2100000e+001  6.0858195e-001
  1.2200000e+001  6.0897259e-001
  1.2300000e+001  6.0936122e-001
  1.2400000e+001  6.0974787e-001
  1.2500000e+001  6.1013257e-001
  1.2600000e+001  6.1051534e-001
  1.2700000e+001  6.1089620e-001
  1.2800000e+001  6.1127518e-001
  1.2900000e+001  6.1165230e-001
  1.3000000e+001  6.1202758e-001
  1.3100000e+001  6.1240104e-001
  1.3200000e+001  6.1277271e-001
  1.3300000e+001  6.1314260e-001
  1.3400000e+001  6.1351074e-001
  1.3500000e+001  6.1387714e-001
  1.3600000e+001  6.1424183e-001
  1.3700000e+001  6.1460482e-001
  1.3800000e+001  6.1496614e-001
  1.3900000e+001  6.1532580e-001
  1.4000000e+001  6.1568382e-001
  1.4100000e+001  6.1604021e-001
  1.4200000e+001  6.1639501e-001
  1.4300000e+001  6.1674821e-001
  1.4400000e+001  6.1709985e-001
  1.4500000e+001  6.1744993e-001
  1.4600000e+001  6.1779848e-001
  1.4700000e+001  6.1814550e-001
  1.4800000e+001  6.1849102e-001
  1.4900000e+001  6.1883505e-001
  1.5000000e+001  6.1917761e-001
  1.5100000e+001  6.1951871e-001
  1.5200000e+001  6.1985837e-001
  1.5300000e+001  6.2019659e-001
  1.5400000e+001  6.2053340e-001
  1.5500000e+001  6.2086881e-001
  1.5600000e+001  6.2120283e-001
  1.5700000e+001  6.2153548e-001
  1.5800000e+001  6.2186677e-001
  1.5900000e+001  6.2219671e-001
  1.6000000e+001  6.2252532e-001
  1.6100000e+001  6.2285261e-001
  1.6200000e+001  6.2317859e-001
  1.6300000e+001  6.2350327e-001
  1.6400000e+001  6.2382667e-001
  1.6500000e+001  6.2414879e-001
  1.6600000e+001  6.2446966e-001
  1.6700000e+001  6.2478928e-001
  1.6800000e+001  6.2510766e-001
  1.6900000e+001  6.2542482e-001
  1.7000000e+001  6.2574076e-001
  1.7100000e+001  6.2605550e-001
  1.7200000e+001  6.2636904e-001
  1.7300000e+001  6.2668141e-001
  1.7400000e+001  6.2699260e-001
  1.7500000e+001  6.2730263e-001
  1.7600000e+001  6.2761151e-001
  1.7700000e+001  6.2791925e-001
  1.7800000e+001  6.2822586e-001
  1.7900000e+001  6.2853135e-001
  1.8000000e+001  6.2883573e-001
  1.8100000e+001  6.2913900e-001
  1.8200000e+001  6.2944118e-001
  1.8300000e+001  6.2974228e-001
  1.8400000e+001  6.3004231e-001
  1.8500000e+001  6.3034127e-001
  1.8600000e+001  6.3063917e-001
  1.8700000e+001  6.3093603e-001
  1.8800000e+001  6.3123184e-001
  1.8900000e+001  6.3152663e-001
  1.9000000e+001  6.3182039e-001
  1.9100000e+001  6.3211314e-001
  1.9200000e+001  6.3240489e-001
  1.9300000e+001  6.3269563e-001
  1.9400000e+001  6.3298539e-001
  1.9500000e+001  6.3327416e-001
  1.9600000e+001  6.3356197e-001
  1.9700000e+001  6.3384880e-001
  1.9800000e+001  6.3413468e-001
  1.9900000e+001  6.3441960e-001
  2.0000000e+001  6.3470358e-001
  2.0100000e+001  6.3498663e-001
  2.0200000e+001  6.3526874e-001
  2.0300000e+001  6.3554994e-001
  2.0400000e+001  6.3583021e-001
  2.0500000e+001  6.3610958e-001
  2.0600000e+001  6.3638805e-001
  2.0700000e+001  6.3666562e-001
  2.0800000e+001  6.3694231e-001
  2.0900000e+001  6.3721811e-001
  2.1000000e+001  6.3749304e-001
  2.1100000e+001  6.3776710e-001
  2.1200000e+001  6.3804030e-001
  2.1300000e+001  6.3831264e-001
  2.1400000e+001  6.3858413e-001
  2.1500000e+001  6.3885478e-001
  2.1600000e+001  6.3912459e-001
  2.1700000e+001  6.3939357e-001
  2.1800000e+001  6.3966172e-001
  2.1900000e+001  6.3992905e-001
  2.2000000e+001  6.4019557e-001
  2.2100000e+001  6.4046128e-001
  2.2200000e+001  6.4072619e-001
  2.2300000e+001  6.4099030e-001
  2.2400000e+001  6.4125362e-001
  2.2500000e+001  6.4151616e-001
  2.2600000e+001  6.4177791e-001
  2.2700000e+001  6.4203889e-001
  2.2800000e+001  6.4229910e-001
  2.2900000e+001  6.4255854e-001
  2.3000000e+001  6.4281722e-001
  2.3100000e+001  6.4307515e-001
  2.3200000e+001  6.4333233e-001
  2.3300000e+001  6.4358876e-001
  2.3400000e+001  6.4384446e-001
  2.3500000e+001  6.4409942e-001
  2.3600000e+001  6.4435365e-001
  2.3700000e+001  6.4460716e-001
  2.3800000e+001  6.4485994e-001
  2.3900000e+001  6.4511201e-001
  2.4000000e+001  6.4536337e-001
  2.4100000e+001  6.4561403e-001
  2.4200000e+001  6.4586398e-001
  2.4300000e+001  6.4611323e-001
  2.4400000e+001  6.4636179e-001
  2.4500000e+001  6.4660967e-001
  2.4600000e+001  6.4685685e-001
  2.4700000e+001  6.4710336e-001
  2.4800000e+001  6.4734920e-001
  2.4900000e+001  6.4759436e-001
  2.5000000e+001  6.4783885e-001
  2.5100000e+001  6.4808268e-001
  2.5200000e+001  6.4832586e-001
  2.5300000e+001  6.4856837e-001
  2.5400000e+001  6.4881024e-001
  2.5500000e+001  6.4905146e-001
  2.5600000e+001  6.4929204e-001
  2.5700000e+001  6.4953198e-001
  2.5800000e+001  6.4977128e-001
  2.5900000e+001  6.5000995e-001
  2.6000000e+001  6.5024800e-001
  2.6100000e+001  6.5048542e-001
  2.6200000e+001  6.5072222e-001
  2.6300000e+001  6.5095840e-001
  2.6400000e+001  6.5119397e-001
  2.6500000e+001  6.5142894e-001
  2.6600000e+001  6.5166329e-001
  2.6700000e+001  6.5189705e-001
  2.6800000e+001  6.5213020e-001
  2.6900000e+001  6.5236276e-001
  2.7000000e+001  6.5259473e-001
  2.7100000e+001  6.5282611e-001
  2.7200000e+001  6.5305691e-001
  2.7300000e+001  6.5328712e-001
  2.7400000e+001  6.5351676e-001
  2.7500000e+001  6.5374582e-001
  2.7600000e+001  6.5397431e-001
  2.7700000e+001  6.5420223e-001
  2.7800000e+001  6.5442959e-001
  2.7900000e+001  6.5465638e-001
  2.8000000e+001  6.5488262e-001
  2.8100000e+001  6.5510830e-001
  2.8200000e+001  6.5533342e-001
  2.8300000e+001  6.5555800e-001
  2.8400000e+001  6.5578203e-001
  2.8500000e+001  6.5600552e-001
  2.8600000e+001  6.5622846e-001
  2.8700000e+001  6.5645087e-001
  2.8800000e+001  6.5667274e-001
  2.8900000e+001  6.5689408e-001
  2.9000000e+001  6.5711489e-001
  2.9100000e+001  6.5733518e-001
  2.9200000e+001  6.5755494e-001
  2.9300000e+001  6.5777418e-001
  2.9400000e+001  6.5799290e-001
  2.9500000e+001  6.5821111e-001
  2.9600000e+001  6.5842881e-001
  2.9700000e+001  6.5864599e-001
  2.9800000e+001  6.5886267e-001
  2.9900000e+001  6.5907884e-001
  3.0000000e+001  6.5929452e-001
  3.0100000e+001  6.5950969e-001
  3.0200000e+001  6.5972437e-001
  3.0300000e+001  6.5993855e-001
  3.0400000e+001  6.6015224e-001
  3.0500000e+001  6.6036544e-001
  3.0600000e+001  6.6057816e-001
  3.0700000e+001  6.6079039e-001
  3.0800000e+001  6.6100214e-001
  3.0900000e+001  6.6121341e-001
  3.1000000e+001  6.6142420e-001
  3.1100000e+001  6.6163452e-001
  3.1200000e+001  6.6184437e-001
  3.1300000e+001  6.6205375e-001
  3.1400000e+001  6.6226266e-001
  3.1500000e+001  6.6247111e-001
  3.1600000e+001  6.6267909e-001
  3.1700000e+001  6.6288661e-001
  3.1800000e+001  6.6309368e-001
  3.1900000e+001  6.6330029e-001
  3.2000000e+001  6.6350644e-001
  3.2100000e+001  6.6371215e-001
  3.2200000e+001  6.6391740e-001
  3.2300000e+001  6.6412221e-001
  3.2400000e+001  6.6432658e-001
  3.2500000e+001  6.6453050e-001
  3.2600000e+001  6.6473398e-001
  3.2700000e+001  6.6493702e-001
  3.2800000e+001  6.6513963e-001
  3.2900000e+001  6.6534180e-001
  3.3000000e+001  6.6554354e-001
  3.3100000e+001  6.6574485e-001
  3.3200000e+001  6.6594573e-001
  3.3300000e+001  6.6614618e-001
  3.3400000e+001  6.6634622e-001
  3.3500000e+001  6.6654582e-001
  3.3600000e+001  6.6674501e-001
  3.3700000e+001  6.6694378e-001
  3.3800000e+001  6.6714214e-001
  3.3900000e+001  6.6734008e-001
  3.4000000e+001  6.6753761e-001
  3.4100000e+001  6.6773472e-001
  3.4200000e+001  6.6793143e-001
  3.4300000e+001  6.6812773e-001
  3.4400000e+001  6.6832363e-001
  3.4500000e+001  6.6851913e-001
  3.4600000e+001  6.6871422e-001
  3.4700000e+001  6.6890891e-001
  3.4800000e+001  6.6910321e-001
  3.4900000e+001  6.6929711e-001
  3.5000000e+001  6.6949061e-001
  3.5100000e+001  6.6968373e-001
  3.5200000e+001  6.6987645e-001
  3.5300000e+001  6.7006879e-001
  3.5400000e+001  6.7026073e-001
  3.5500000e+001  6.7045230e-001
  3.5600000e+001  6.7064347e-001
  3.5700000e+001  6.7083427e-001
  3.5800000e+001  6.7102469e-001
  3.5900000e+001  6.7121472e-001
  3.6000000e+001  6.7140439e-001
  3.6100000e+001  6.7159367e-001
  3.6200000e+001  6.7178258e-001
  3.6300000e+001  6.7197112e-001
  3.6400000e+001  6.7215929e-001
  3.6500000e+001  6.7234709e-001
  3.6600000e+001  6.7253453e-001
  3.6700000e+001  6.7272159e-001
  3.6800000e+001  6.7290830e-001
  3.6900000e+001  6.7309464e-001
  3.7000000e+001  6.7328062e-001
  3.7100000e+001  6.7346624e-001
  3.7200000e+001  6.7365150e-001
  3.7300000e+001  6.7383640e-001
  3.7400000e+001  6.7402096e-001
  3.7500000e+001  6.7420515e-001
  3.7600000e+001  6.7438900e-001
  3.7700000e+001  6.7457249e-001
  3.7800000e+001  6.7475564e-001
  3.7900000e+001  6.7493844e-001
  3.8000000e+001  6.7512089e-001
  3.8100000e+001  6.7530300e-001
  3.8200000e+001  6.7548476e-001
  3.8300000e+001  6.7566618e-001
  3.8400000e+001  6.7584726e-001
  3.8500000e+001  6.7602800e-001
  3.8600000e+001  6.7620841e-001
  3.8700000e+001  6.7638848e-001
  3.8800000e+001  6.7656821e-001
  3.8900000e+001  6.7674761e-001
  3.9000000e+001  6.7692668e-001
  3.9100000e+001  6.7710541e-001
  3.9200000e+001  6.7728382e-001
  3.9300000e+001  6.7746190e-001
  3.9400000e+001  6.7763965e-001
  3.9500000e+001  6.7781708e-001
  3.9600000e+001  6.7799418e-001
  3.9700000e+001  6.7817096e-001
  3.9800000e+001  6.7834741e-001
  3.9900000e+001  6.7852355e-001
  4.0000000e+001  6.7869936e-001
  4.0100000e+001  6.7887486e-001
  4.0200000e+001  6.7905004e-001
  4.0300000e+001  6.7922491e-001
  4.0400000e+001  6.7939946e-001
  4.0500000e+001  6.7957370e-001
  4.0600000e+001  6.7974763e-001
  4.0700000e+001  6.7992125e-001
  4.0800000e+001  6.8009455e-001
  4.0900000e+001  6.8026755e-001
  4.1000000e+001  6.8044024e-001
  4.1100000e+001  6.8061263e-001
  4.1200000e+001  6.8078471e-001
  4.1300000e+001  6.8095649e-001
  4.1400000e+001  6.8112796e-001
  4.1500000e+001  6.8129914e-001
  4.1600000e+001  6.8147001e-001
  4.1700000e+001  6.8164058e-001
  4.1800000e+001  6.8181086e-001
  4.1900000e+001  6.8198084e-001
  4.2000000e+001  6.8215053e-001
  4.2100000e+001  6.8231992e-001
  4.2200000e+001  6.8248901e-001
  4.2300000e+001  6.8265782e-001
  4.2400000e+001  6.8282633e-001
  4.2500000e+001  6.8299455e-001
  4.2600000e+001  6.8316249e-001
  4.2700000e+001  6.8333013e-001
  4.2800000e+001  6.8349749e-001
  4.2900000e+001  6.8366457e-001
  4.3000000e+001  6.8383136e-001
  4.3100000e+001  6.8399786e-001
  4.3200000e+001  6.8416408e-001
  4.3300000e+001  6.8433002e-001
  4.3400000e+001  6.8449568e-001
  4.3500000e+001  6.8466106e-001
  4.3600000e+001  6.8482617e-001
  4.3700000e+001  6.8499099e-001
  4.3800000e+001  6.8515554e-001
  4.3900000e+001  6.8531981e-001
  4.4000000e+001  6.8548381e-001
  4.4100000e+001  6.8564753e-001
  4.4200000e+001  6.8581098e-001
  4.4300000e+001  6.8597416e-001
  4.4400000e+001  6.8613707e-001
  4.4500000e+001  6.8629971e-001
  4.4600000e+001  6.8646208e-001
  4.4700000e+001  6.8662418e-001
  4.4800000e+001  6.8678602e-001
  4.4900000e+001  6.8694758e-001
  4.5000000e+001  6.8710889e-001
  4.5100000e+001  6.8726993e-001
  4.5200000e+001  6.8743071e-001
  4.5300000e+001  6.8759122e-001
  4.5400000e+001  6.8775148e-001
  4.5500000e+001  6.8791147e-001
  4.5600000e+001  6.8807120e-001
  4.5700000e+001  6.8823068e-001
  4.5800000e+001  6.8838990e-001
  4.5900000e+001  6.8854886e-001
  4.6000000e+001  6.8870756e-001
  4.6100000e+001  6.8886601e-001
  4.6200000e+001  6.8902421e-001
  4.6300000e+001  6.8918215e-001
  4.6400000e+001  6.8933984e-001
  4.6500000e+001  6.8949728e-001
  4.6600000e+001  6.8965446e-001
  4.6700000e+001  6.8981140e-001
  4.6800000e+001  6.8996809e-001
  4.6900000e+001  6.9012453e-001
  4.7000000e+001  6.9028072e-001
  4.7100000e+001  6.9043667e-001
  4.7200000e+001  6.9059237e-001
  4.7300000e+001  6.9074783e-001
  4.7400000e+001  6.9090304e-001
  4.7500000e+001  6.9105801e-001
  4.7600000e+001  6.9121274e-001
  4.7700000e+001  6.9136722e-001
  4.7800000e+001  6.9152147e-001
  4.7900000e+001  6.9167547e-001
  4.8000000e+001  6.9182923e-001
  4.8100000e+001  6.9198276e-001
  4.8200000e+001  6.9213605e-001
  4.8300000e+001  6.9228910e-001
  4.8400000e+001  6.9244192e-001
  4.8500000e+001  6.9259450e-001
  4.8600000e+001  6.9274684e-001
  4.8700000e+001  6.9289896e-001
  4.8800000e+001  6.9305084e-001
  4.8900000e+001  6.9320248e-001
  4.9000000e+001  6.9335390e-001
  4.9100000e+001  6.9350508e-001
  4.9200000e+001  6.9365604e-001
  4.9300000e+001  6.9380676e-001
  4.9400000e+001  6.9395726e-001
  4.9500000e+001  6.9410753e-001
  4.9600000e+001  6.9425757e-001
  4.9700000e+001  6.9440739e-001
  4.9800000e+001  6.9455698e-001
  4.9900000e+001  6.9470635e-001
  5.0000000e+001  6.9485549e-001
  5.0100000e+001  6.9500440e-001
  5.0200000e+001  6.9515310e-001
  5.0300000e+001  6.9530157e-001
  5.0400000e+001  6.9544982e-001
  5.0500000e+001  6.9559786e-001
  5.0600000e+001  6.9574567e-001
  5.0700000e+001  6.9589326e-001
  5.0800000e+001  6.9604063e-001
  5.0900000e+001  6.9618779e-001
  5.1000000e+001  6.9633473e-001
  5.1100000e+001  6.9648145e-001
  5.1200000e+001  6.9662795e-001
  5.1300000e+001  6.9677424e-001
  5.1400000e+001  6.9692032e-001
  5.1500000e+001  6.9706618e-001
  5.1600000e+001  6.9721183e-001
  5.1700000e+001  6.9735727e-001
  5.1800000e+001  6.9750249e-001
  5.1900000e+001  6.9764751e-001
  5.2000000e+001  6.9779231e-001
  5.2100000e+001  6.9793690e-001
  5.2200000e+001  6.9808129e-001
  5.2300000e+001  6.9822546e-001
  5.2400000e+001  6.9836943e-001
  5.2500000e+001  6.9851319e-001
  5.2600000e+001  6.9865674e-001
  5.2700000e+001  6.9880009e-001
  5.2800000e+001  6.9894323e-001
  5.2900000e+001  6.9908616e-001
  5.3000000e+001  6.9922890e-001
  5.3100000e+001  6.9937142e-001
  5.3200000e+001  6.9951375e-001
  5.3300000e+001  6.9965587e-001
  5.3400000e+001  6.9979779e-001
  5.3500000e+001  6.9993951e-001
  5.3600000e+001  7.0008103e-001
  5.3700000e+001  7.0022235e-001
  5.3800000e+001  7.0036347e-001
  5.3900000e+001  7.0050439e-001
  5.4000000e+001  7.0064511e-001
  5.4100000e+001  7.0078564e-001
  5.4200000e+001  7.0092596e-001
  5.4300000e+001  7.0106609e-001
  5.4400000e+001  7.0120603e-001
  5.4500000e+001  7.0134577e-001
  5.4600000e+001  7.0148531e-001
  5.4700000e+001  7.0162466e-001
  5.4800000e+001  7.0176382e-001
  5.4900000e+001  7.0190279e-001
  5.5000000e+001  7.0204156e-001
  5.5100000e+001  7.0218014e-001
  5.5200000e+001  7.0231852e-001
  5.5300000e+001  7.0245672e-001
  5.5400000e+001  7.0259473e-001
  5.5500000e+001  7.0273254e-001
  5.5600000e+001  7.0287017e-001
  5.5700000e+001  7.0300761e-001
  5.5800000e+001  7.0314486e-001
  5.5900000e+001  7.0328192e-001
  5.6000000e+001  7.0341880e-001
  5.6100000e+001  7.0355549e-001
  5.6200000e+001  7.0369199e-001
  5.6300000e+001  7.0382831e-001
  5.6400000e+001  7.0396444e-001
  5.6500000e+001  7.0410039e-001
  5.6600000e+001  7.0423615e-001
  5.6700000e+001  7.0437174e-001
  5.6800000e+001  7.0450713e-001
  5.6900000e+001  7.0464235e-001
  5.7000000e+001  7.0477738e-001
  5.7100000e+001  7.0491224e-001
  5.7200000e+001  7.0504691e-001
  5.7300000e+001  7.0518140e-001
  5.7400000e+001  7.0531571e-001
  5.7500000e+001  7.0544984e-001
  5.7600000e+001  7.0558380e-001
  5.7700000e+001  7.0571757e-001
  5.7800000e+001  7.0585117e-001
  5.7900000e+001  7.0598459e-001
  5.8000000e+001  7.0611783e-001
  5.8100000e+001  7.0625090e-001
  5.8200000e+001  7.0638379e-001
  5.8300000e+001  7.0651650e-001
  5.8400000e+001  7.0664904e-001
  5.8500000e+001  7.0678141e-001
  5.8600000e+001  7.0691360e-001
  5.8700000e+001  7.0704562e-001
  5.8800000e+001  7.0717747e-001
  5.8900000e+001  7.0730914e-001
  5.9000000e+001  7.0744064e-001
  5.9100000e+001  7.0757197e-001
  5.9200000e+001  7.0770313e-001
  5.9300000e+001  7.0783411e-001
  5.9400000e+001  7.0796493e-001
  5.9500000e+001  7.0809558e-001
  5.9600000e+001  7.0822606e-001
  5.9700000e+001  7.0835636e-001
  5.9800000e+001  7.0848651e-001
  5.9900000e+001  7.0861648e-001
  6.0000000e+001  7.0874628e-001
  6.0100000e+001  7.0887592e-001
  6.0200000e+001  7.0900539e-001
  6.0300000e+001  7.0913470e-001
  6.0400000e+001  7.0926384e-001
  6.0500000e+001  7.0939281e-001
  6.0600000e+001  7.0952162e-001
  6.0700000e+001  7.0965027e-001
  6.0800000e+001  7.0977875e-001
  6.0900000e+001  7.0990706e-001
  6.1000000e+001  7.1003522e-001
  6.1100000e+001  7.1016321e-001
  6.1200000e+001  7.1029104e-001
  6.1300000e+001  7.1041871e-001
  6.1400000e+001  7.1054621e-001
  6.1500000e+001  7.1067356e-001
  6.1600000e+001  7.1080074e-001
  6.1700000e+001  7.1092777e-001
  6.1800000e+001  7.1105463e-001
  6.1900000e+001  7.1118134e-001
  6.2000000e+001  7.1130788e-001
  6.2100000e+001  7.1143427e-001
  6.2200000e+001  7.1156050e-001
  6.2300000e+001  7.1168657e-001
  6.2400000e+001  7.1181249e-001
  6.2500000e+001  7.1193824e-001
  6.2600000e+001  7.1206384e-001
  6.2700000e+001  7.1218929e-001
  6.2800000e+001  7.1231458e-001
  6.2900000e+001  7.1243971e-001
  6.3000000e+001  7.1256469e-001
  6.3100000e+001  7.1268952e-001
  6.3200000e+001  7.1281419e-001
  6.3300000e+001  7.1293871e-001
  6.3400000e+001  7.1306307e-001
  6.3500000e+001  7.1318728e-001
  6.3600000e+001  7.1331134e-001
  6.3700000e+001  7.1343524e-001
  6.3800000e+001  7.1355900e-001
  6.3900000e+001  7.1368260e-001
  6.4000000e+001  7.1380605e-001
  6.4100000e+001  7.1392935e-001
  6.4200000e+001  7.1405251e-001
  6.4300000e+001  7.1417551e-001
  6.4400000e+001  7.1429836e-001
  6.4500000e+001  7.1442106e-001
  6.4600000e+001  7.1454361e-001
  6.4700000e+001  7.1466602e-001
  6.4800000e+001  7.1478828e-001
  6.4900000e+001  7.1491039e-001
  6.5000000e+001  7.1503235e-001
  6.5100000e+001  7.1515416e-001
  6.5200000e+001  7.1527583e-001
  6.5300000e+001  7.1539736e-001
  6.5400000e+001  7.1551873e-001
  6.5500000e+001  7.1563996e-001
  6.5600000e+001  7.1576105e-001
  6.5700000e+001  7.1588199e-001
  6.5800000e+001  7.1600279e-001
  6.5900000e+001  7.1612344e-001
  6.6000000e+001  7.1624395e-001
  6.6100000e+001  7.1636432e-001
  6.6200000e+001  7.1648454e-001
  6.6300000e+001  7.1660462e-001
  6.6400000e+001  7.1672456e-001
  6.6500000e+001  7.1684435e-001
  6.6600000e+001  7.1696401e-001
  6.6700000e+001  7.1708352e-001
  6.6800000e+001  7.1720289e-001
  6.6900000e+001  7.1732212e-001
  6.7000000e+001  7.1744122e-001
  6.7100000e+001  7.1756017e-001
  6.7200000e+001  7.1767898e-001
  6.7300000e+001  7.1779765e-001
  6.7400000e+001  7.1791618e-001
  6.7500000e+001  7.1803458e-001
  6.7600000e+001  7.1815284e-001
  6.7700000e+001  7.1827095e-001
  6.7800000e+001  7.1838893e-001
  6.7900000e+001  7.1850678e-001
  6.8000000e+001  7.1862449e-001
  6.8100000e+001  7.1874206e-001
  6.8200000e+001  7.1885949e-001
  6.8300000e+001  7.1897679e-001
  6.8400000e+001  7.1909395e-001
  6.8500000e+001  7.1921098e-001
  6.8600000e+001  7.1932787e-001
  6.8700000e+001  7.1944462e-001
  6.8800000e+001  7.1956125e-001
  6.8900000e+001  7.1967774e-001
  6.9000000e+001  7.1979409e-001
  6.9100000e+001  7.1991031e-001
  6.9200000e+001  7.2002640e-001
  6.9300000e+001  7.2014236e-001
  6.9400000e+001  7.2025818e-001
  6.9500000e+001  7.2037387e-001
  6.9600000e+001  7.2048943e-001
  6.9700000e+001  7.2060485e-001
  6.9800000e+001  7.2072015e-001
  6.9900000e+001  7.2083532e-001
  7.0000000e+001  7.2095035e-001
  7.0100000e+001  7.2106525e-001
  7.0200000e+001  7.2118003e-001
  7.0300000e+001  7.2129467e-001
  7.0400000e+001  7.2140919e-001
  7.0500000e+001  7.2152357e-001
  7.0600000e+001  7.2163783e-001
  7.0700000e+001  7.2175195e-001
  7.0800000e+001  7.2186595e-001
  7.0900000e+001  7.2197983e-001
  7.1000000e+001  7.2209357e-001
  7.1100000e+001  7.2220719e-001
  7.1200000e+001  7.2232067e-001
  7.1300000e+001  7.2243404e-001
  7.1400000e+001  7.2254727e-001
  7.1500000e+001  7.2266038e-001
  7.1600000e+001  7.2277336e-001
  7.1700000e+001  7.2288622e-001
  7.1800000e+001  7.2299895e-001
  7.1900000e+001  7.2311156e-001
  7.2000000e+001  7.2322404e-001
  7.2100000e+001  7.2333640e-001
  7.2200000e+001  7.2344863e-001
  7.2300000e+001  7.2356074e-001
  7.2400000e+001  7.2367273e-001
  7.2500000e+001  7.2378459e-001
  7.2600000e+001  7.2389633e-001
  7.2700000e+001  7.2400795e-001
  7.2800000e+001  7.2411944e-001
  7.2900000e+001  7.2423081e-001
  7.3000000e+001  7.2434206e-001
  7.3100000e+001  7.2445318e-001
  7.3200000e+001  7.2456419e-001
  7.3300000e+001  7.2467507e-001
  7.3400000e+001  7.2478584e-001
  7.3500000e+001  7.2489648e-001
  7.3600000e+001  7.2500700e-001
  7.3700000e+001  7.2511740e-001
  7.3800000e+001  7.2522768e-001
  7.3900000e+001  7.2533784e-001
  7.4000000e+001  7.2544789e-001
  7.4100000e+001  7.2555781e-001
  7.4200000e+001  7.2566761e-001
  7.4300000e+001  7.2577730e-001
  7.4400000e+001  7.2588687e-001
  7.4500000e+001  7.2599632e-001
  7.4600000e+001  7.2610565e-001
  7.4700000e+001  7.2621486e-001
  7.4800000e+001  7.2632396e-001
  7.4900000e+001  7.2643294e-001
  7.5000000e+001  7.2654180e-001
  7.5100000e+001  7.2665054e-001
  7.5200000e+001  7.2675917e-001
  7.5300000e+001  7.2686768e-001
  7.5400000e+001  7.2697608e-001
  7.5500000e+001  7.2708436e-001
  7.5600000e+001  7.2719253e-001
  7.5700000e+001  7.2730058e-001
  7.5800000e+001  7.2740852e-001
  7.5900000e+001  7.2751634e-001
  7.6000000e+001  7.2762404e-001
  7.6100000e+001  7.2773164e-001
  7.6200000e+001  7.2783912e-001
  7.6300000e+001  7.2794648e-001
  7.6400000e+001  7.2805373e-001
  7.6500000e+001  7.2816087e-001
  7.6600000e+001  7.2826790e-001
  7.6700000e+001  7.2837481e-001
  7.6800000e+001  7.2848161e-001
  7.6900000e+001  7.2858830e-001
  7.7000000e+001  7.2869488e-001
  7.7100000e+001  7.2880134e-001
  7.7200000e+001  7.2890769e-001
  7.7300000e+001  7.2901393e-001
  7.7400000e+001  7.2912007e-001
  7.7500000e+001  7.2922609e-001
  7.7600000e+001  7.2933199e-001
  7.7700000e+001  7.2943779e-001
  7.7800000e+001  7.2954348e-001
  7.7900000e+001  7.2964906e-001
  7.8000000e+001  7.2975453e-001
  7.8100000e+001  7.2985989e-001
  7.8200000e+001  7.2996514e-001
  7.8300000e+001  7.3007028e-001
  7.8400000e+001  7.3017532e-001
  7.8500000e+001  7.3028024e-001
  7.8600000e+001  7.3038506e-001
  7.8700000e+001  7.3048976e-001
  7.8800000e+001  7.3059436e-001
  7.8900000e+001  7.3069886e-001
  7.9000000e+001  7.3080324e-001
  7.9100000e+001  7.3090752e-001
  7.9200000e+001  7.3101169e-001
  7.9300000e+001  7.3111576e-001
  7.9400000e+001  7.3121971e-001
  7.9500000e+001  7.3132356e-001
  7.9600000e+001  7.3142731e-001
  7.9700000e+001  7.3153095e-001
  7.9800000e+001  7.3163448e-001
  7.9900000e+001  7.3173791e-001
  8.0000000e+001  7.3184123e-001
  8.0100000e+001  7.3194445e-001
  8.0200000e+001  7.3204756e-001
  8.0300000e+001  7.3215057e-001
  8.0400000e+001  7.3225348e-001
  8.0500000e+001  7.3235628e-001
  8.0600000e+001  7.3245897e-001
  8.0700000e+001  7.3256157e-001
  8.0800000e+001  7.3266405e-001
  8.0900000e+001  7.3276644e-001
  8.1000000e+001  7.3286872e-001
  8.1100000e+001  7.3297090e-001
  8.1200000e+001  7.3307298e-001
  8.1300000e+001  7.3317495e-001
  8.1400000e+001  7.3327682e-001
  8.1500000e+001  7.3337859e-001
  8.1600000e+001  7.3348026e-001
  8.1700000e+001  7.3358183e-001
  8.1800000e+001  7.3368329e-001
  8.1900000e+001  7.3378465e-001
  8.2000000e+001  7.3388592e-001
  8.2100000e+001  7.3398708e-001
  8.2200000e+001  7.3408814e-001
  8.2300000e+001  7.3418910e-001
  8.2400000e+001  7.3428996e-001
  8.2500000e+001  7.3439072e-001
  8.2600000e+001  7.3449138e-001
  8.2700000e+001  7.3459194e-001
  8.2800000e+001  7.3469240e-001
  8.2900000e+001  7.3479276e-001
  8.3000000e+001  7.3489302e-001
  8.3100000e+001  7.3499319e-001
  8.3200000e+001  7.3509325e-001
  8.3300000e+001  7.3519322e-001
  8.3400000e+001  7.3529308e-001
  8.3500000e+001  7.3539285e-001
  8.3600000e+001  7.3549253e-001
  8.3700000e+001  7.3559210e-001
  8.3800000e+001  7.3569158e-001
  8.3900000e+001  7.3579096e-001
  8.4000000e+001  7.3589024e-001
  8.4100000e+001  7.3598942e-001
  8.4200000e+001  7.3608851e-001
  8.4300000e+001  7.3618750e-001
  8.4400000e+001  7.3628640e-001
  8.4500000e+001  7.3638519e-001
  8.4600000e+001  7.3648390e-001
  8.4700000e+001  7.3658250e-001
  8.4800000e+001  7.3668102e-001
  8.4900000e+001  7.3677943e-001
  8.5000000e+001  7.3687775e-001
  8.5100000e+001  7.3697598e-001
  8.5200000e+001  7.3707411e-001
  8.5300000e+001  7.3717214e-001
  8.5400000e+001  7.3727008e-001
  8.5500000e+001  7.3736793e-001
  8.5600000e+001  7.3746568e-001
  8.5700000e+001  7.3756334e-001
  8.5800000e+001  7.3766090e-001
  8.5900000e+001  7.3775837e-001
  8.6000000e+001  7.3785575e-001
  8.6100000e+001  7.3795303e-001
  8.6200000e+001  7.3805022e-001
  8.6300000e+001  7.3814732e-001
  8.6400000e+001  7.3824432e-001
  8.6500000e+001  7.3834124e-001
  8.6600000e+001  7.3843806e-001
  8.6700000e+001  7.3853478e-001
  8.6800000e+001  7.3863142e-001
  8.6900000e+001  7.3872796e-001
  8.7000000e+001  7.3882441e-001
  8.7100000e+001  7.3892077e-001
  8.7200000e+001  7.3901704e-001
  8.7300000e+001  7.3911322e-001
  8.7400000e+001  7.3920930e-001
  8.7500000e+001  7.3930530e-001
  8.7600000e+001  7.3940120e-001
  8.7700000e+001  7.3949702e-001
  8.7800000e+001  7.3959274e-001
  8.7900000e+001  7.3968837e-001
  8.8000000e+001  7.3978391e-001
  8.8100000e+001  7.3987937e-001
  8.8200000e+001  7.3997473e-001
  8.8300000e+001  7.4007000e-001
  8.8400000e+001  7.4016519e-001
  8.8500000e+001  7.4026028e-001
  8.8600000e+001  7.4035529e-001
  8.8700000e+001  7.4045021e-001
  8.8800000e+001  7.4054504e-001
  8.8900000e+001  7.4063978e-001
  8.9000000e+001  7.4073443e-001
  8.9100000e+001  7.4082899e-001
  8.9200000e+001  7.4092346e-001
  8.9300000e+001  7.4101785e-001
  8.9400000e+001  7.4111215e-001
  8.9500000e+001  7.4120636e-001
  8.9600000e+001  7.4130049e-001
  8.9700000e+001  7.4139452e-001
  8.9800000e+001  7.4148847e-001
  8.9900000e+001  7.4158234e-001
  9.0000000e+001  7.4167611e-001
  9.0100000e+001  7.4176980e-001
  9.0200000e+001  7.4186340e-001
  9.0300000e+001  7.4195692e-001
  9.0400000e+001  7.4205035e-001
  9.0500000e+001  7.4214370e-001
  9.0600000e+001  7.4223695e-001
  9.0700000e+001  7.4233013e-001
  9.0800000e+001  7.4242321e-001
  9.0900000e+001  7.4251622e-001
  9.1000000e+001  7.4260913e-001
  9.1100000e+001  7.4270196e-001
  9.1200000e+001  7.4279471e-001
  9.1300000e+001  7.4288737e-001
  9.1400000e+001  7.4297995e-001
  9.1500000e+001  7.4307244e-001
  9.1600000e+001  7.4316485e-001
  9.1700000e+001  7.4325717e-001
  9.1800000e+001  7.4334941e-001
  9.1900000e+001  7.4344157e-001
  9.2000000e+001  7.4353364e-001
  9.2100000e+001  7.4362563e-001
  9.2200000e+001  7.4371754e-001
  9.2300000e+001  7.4380936e-001
  9.2400000e+001  7.4390110e-001
  9.2500000e+001  7.4399275e-001
  9.2600000e+001  7.4408432e-001
  9.2700000e+001  7.4417581e-001
  9.2800000e+001  7.4426722e-001
  9.2900000e+001  7.4435855e-001
  9.3000000e+001  7.4444979e-001
  9.3100000e+001  7.4454095e-001
  9.3200000e+001  7.4463203e-001
  9.3300000e+001  7.4472303e-001
  9.3400000e+001  7.4481394e-001
  9.3500000e+001  7.4490478e-001
  9.3600000e+001  7.4499553e-001
  9.3700000e+001  7.4508620e-001
  9.3800000e+001  7.4517679e-001
  9.3900000e+001  7.4526730e-001
  9.4000000e+001  7.4535773e-001
  9.4100000e+001  7.4544808e-001
  9.4200000e+001  7.4553834e-001
  9.4300000e+001  7.4562853e-001
  9.4400000e+001  7.4571864e-001
  9.4500000e+001  7.4580866e-001
  9.4600000e+001  7.4589861e-001
  9.4700000e+001  7.4598847e-001
  9.4800000e+001  7.4607826e-001
  9.4900000e+001  7.4616797e-001
  9.5000000e+001  7.4625760e-001
  9.5100000e+001  7.4634714e-001
  9.5200000e+001  7.4643661e-001
  9.5300000e+001  7.4652600e-001
  9.5400000e+001  7.4661531e-001
  9.5500000e+001  7.4670455e-001
  9.5600000e+001  7.4679370e-001
  9.5700000e+001  7.4688278e-001
  9.5800000e+001  7.4697177e-001
  9.5900000e+001  7.4706069e-001
  9.6000000e+001  7.4714953e-001
