File ShiftRatioInd PInd ShiftRatioPaired PPaired PGaussCtr
 m3c737r12.htb   0.4684   0.4163  -0.0763   0.9432   0.1122
 m3c737r12.htb   0.0001   0.9669   3.1998   0.0026   0.0000
 m3c737r12.htb  -0.0205   0.6580   0.0251   0.6443   0.0000
 m3c737r12.htb   0.0808   0.0388   0.1003   0.0248   0.0000
 m3c737r12.htb  -0.3023   0.4671   6.0961   0.0000   0.0000
 m3c737r12.htb  -0.0695   0.4922   3.1587   0.0000   0.0000
 m3c737r12.htb   0.0136   0.0755   2.1179   0.0000   0.0000
 m3c737r12.htb  -0.0627   0.9026   0.0168   0.7142   0.0096
 m3c737r12.htb   0.1623   0.0518   0.1686   0.0014   1.0000
 m3c737r12.htb   0.1825   0.1819   0.3015   0.0186   0.0972
 m3c738r12.htb  -0.0307   1.0000  -0.0351   0.6348   0.2889
 m3c738r12.htb  -0.0440   1.0000  -0.0330   0.5396   0.0006
 m3c738r12.htb  -0.0063   1.0000  -0.0090   0.5184   1.0000
 m3c738r12.htb   0.0106   1.0000   0.0104   0.2083   1.0000
 m3c738r12.htb  -0.0370   1.0000  -0.0294   0.8548   0.0000
 m3c738r12.htb   0.0157   1.0000   0.0024   0.8782   0.2790
 m3c738r12.htb   0.0309   1.0000   0.0250   0.1160   0.0014
 m3c738r12.htb   0.0661   1.0000   0.0367   0.8674   0.0000
 m3c738r12.htb   0.0641   0.9887   0.0530   0.0722   0.0011
 m3c738r12.htb   0.0621   1.0000   0.0731   0.0273   0.9499
 m3c787r10.htb  -0.0093   0.2677   2.1222   0.0004   0.0000
 m3c787r10.htb   0.0116   0.1817  -0.3756   0.0975   0.0000
 m3c787r10.htb   0.0700   0.9885   0.1307   0.7182   0.2116
 m3c826r6.htb  -0.0549   0.9939   0.0861   0.7395   0.7953
 m3c826r6.htb   0.0287   0.7467  -0.1255   0.4217   0.6685
 m3c826r6.htb  -0.1246   0.9581   0.2588   0.1550   0.2333
 m3c826r6.htb   0.0462   0.9973   0.3704   0.0026   0.0891
 m3c826r6.htb   0.5960   0.7937  -0.1398   0.4638   0.9428
 m3c826r6.htb  -0.1568   0.8315   0.2535   0.2093   0.7610
 m3c826r6.htb   0.0768   0.9013   0.3873   0.0061   0.6441
 m3c826r6.htb   0.3889   0.5797   0.5831   0.0382   0.8383
 m3c826r6.htb   0.0640   0.2930   0.5599   0.0015   0.2796
 m3c826r6.htb  -0.4009   0.9453   0.3470   0.3507   0.9258
 m3c828r7.htb   0.4660   0.0085  -0.5996   0.0294   0.0010
 m3c828r7.htb   0.3477   0.0200  -0.9145   0.0000   0.0000
 m3c828r7.htb   0.1745   0.4343  -0.0176   0.8867   0.0000
 m3c828r7.htb  -0.1241   0.2178   0.0446   0.4593   0.0001
 m3c828r7.htb  -0.0075   0.8690  -0.1511   1.0000   0.0006
 m3c828r7.htb   0.0248   0.0087   0.1741   0.0205   0.0031
 m3c828r7.htb   0.1244   0.0066   0.1969   0.0002   0.1557
 m3c828r7.htb  -0.1918   0.3569   0.4178   0.0111   0.0075
 m3c828r7.htb   0.0706   0.0228   0.3716   0.0000   0.1786
 m3c828r7.htb   0.1986   0.7452   0.2518   0.0948   0.8293
 m3c830r8.htb   0.0551   1.0000   0.1183   0.5311   0.5778
 m3c830r8.htb   0.0368   0.9072  -0.2239   0.3807   0.0000
 m3c830r8.htb   0.0647   0.0102   0.1032   0.0357   0.0000
 m3c830r8.htb   0.0507   0.0528   0.0653   0.2173   0.0000
 m3c830r8.htb   0.0171   1.0000  -2.1465   0.0107   0.0000
 m3c830r8.htb   0.0698   0.6878  -3.2930   0.0001   0.0000
 m3c830r8.htb   0.0492   0.4199   1.3397   0.0072   0.0000
 m3c830r8.htb   0.1224   0.0009   0.2465   0.0034   0.0115
 m3c830r8.htb   0.0645   0.0141   0.0983   0.1825   0.0162
 m3c830r8.htb   0.0116   1.0000   0.0949   0.8568   0.9942
 m3c833r8.htb  -0.1319   0.0631   0.0751   0.1071   0.0597
 m3c833r8.htb   0.0423   0.1147   0.0624   0.0583   0.0857
 m3c833r8.htb   0.0377   0.6883   0.0355   0.1434   0.1402
 m3c833r8.htb   0.1268   0.0024   0.1343   0.0235   0.0364
 m3c833r8.htb   0.0933   0.0201   0.0676   0.0694   0.0007
 m3c833r8.htb   0.0237   0.4618  -0.0454   0.7657   0.0034
 m3c836r9.htb  -0.0915   0.4284   0.1305   0.1444   0.0083
 m3c836r9.htb   0.0322   0.0057   0.2371   0.0035   0.0004
 m3c836r9.htb   0.0992   0.0488  -1.5736   0.0005   0.0000
 m3c836r9.htb   0.1928   0.1816   0.3048   0.0898   0.4554
 m3c836r9.htb  -0.0569   0.3814   0.0206   0.9916   0.0133
 m3c836r9.htb  -0.3159   0.6878  -0.2699   0.1435   0.2045
 m3c837r8.htb  -0.2559   0.3923   0.2874   0.1831   0.1627
 m3c837r8.htb   0.0798   0.7438   0.1501   0.2982   0.0034
 m3c837r8.htb   0.0786   0.1827   2.1269   0.0057   0.0004
 m3c837r8.htb  -0.0168   0.2005   0.0014   0.9308   0.0000
 m3c837r8.htb   0.0705   0.4760  -0.1838   0.2706   0.0541
 m3c837r8.htb  -0.1082   0.4575  -0.2038   0.0551   0.0242
 m3c837r8.htb  -0.1739   0.0497   2.0618   0.0015   0.0461
 m3c837r8.htb   0.0763   0.7030  -0.0230   0.8626   0.4250
 m3c837r8.htb  -0.1145   0.5942  -0.1480   0.2200   0.5237
 m3c837r8.htb  -0.3176   0.8088  -0.3409   0.2096   0.9998
 m3c838r8.htb   0.0409   0.8061   0.1476   0.3802   0.8038
 m3c838r8.htb   0.0652   0.3260   0.0358   0.8873   0.0114
 m3c838r8.htb   0.0466   0.0169   0.0326   0.5362   0.0033
 m3c838r8.htb   0.0209   0.2480   0.0249   0.7564   0.0166
 m3c838r8.htb   0.0106   0.1465  -0.0330   0.8717   0.0065
 m3c838r8.htb  -0.0423   0.0022   0.0037   0.7231   0.0001
 m3c838r8.htb  -0.0461   0.0251  -0.0050   0.9017   0.0002
 m3c838r8.htb  -0.0966   1.0000   0.0739   0.3915   0.7626
 m3c838r8.htb   0.0552   1.0000   0.0509   0.4690   0.0907
 m3c838r8.htb  -0.0532   1.0000   0.0418   0.9941   1.0000
 m3c841r8.htb  -0.1544   0.5580   0.1318   0.0879   0.8040
 m3c841r8.htb   0.1173   0.0046   0.1963   0.0000   0.0009
 m3c841r8.htb   0.0948   0.2799   0.1332   0.2070   0.0000
 m3c841r8.htb   0.0230   0.3109   0.0769   0.1275   0.0000
 m3c841r8.htb   0.2700   1.0000   0.1901   0.0205   0.0019
 m3c841r8.htb   0.0935   0.4067  -0.9597   0.0192   0.0000
 m3c841r8.htb  -0.0867   0.9509   0.0667   1.0000   0.0000
 m3c841r8.htb   0.0538   0.6922  -0.0806   0.4033   0.0000
 m3c841r8.htb   0.0694   0.0984  -0.0859   1.0000   0.0000
 m3c841r8.htb   0.0890   0.2377  -7.4265   0.0841   0.1594
 m3c843r6.htb   0.1188   0.9059  -0.1046   0.4784   0.0971
 m3c843r6.htb   0.0225   0.4862  -0.0627   0.5843   0.0777
 m3c843r6.htb  -0.0847   1.0000   0.0305   0.7859   1.0000
 m3c844r6.htb   0.2245   0.0319   0.3729   0.1662   0.0507
 m3c844r6.htb   0.1067   0.2410   0.0272   0.7822   0.0067
 m3c844r6.htb  -0.0336   0.9193  -0.1668   0.8365   0.3419
 m3c849r6.htb   0.0307   0.0441   0.0404   0.6966   0.9119
 m3c849r6.htb   0.1472   0.0763   0.1401   0.1318   0.1922
 m3c849r6.htb  -0.0053   0.8819   0.0367   0.4919   0.8166
 m3c849r6.htb   0.2575   0.2551   0.2052   0.2703   1.0000
 m3c849r6.htb   0.0072   0.1122   0.0198   0.8915   0.8554
 m3c849r6.htb  -0.2312   0.2958  -5.9883   0.1752   0.6614
 m3c850r6.htb   0.0514   0.2318   0.0195   0.7417   0.2600
 m3c850r6.htb   0.0171   0.1179  -0.0374   0.5122   0.2085
 m3c850r6.htb   0.0681   0.5587   0.0843   0.1208   0.4176
 m3c850r6.htb   0.0237   0.2176   0.0634   0.0614   0.5167
 m3c850r6.htb  -0.0215   0.0833  -0.0122   0.3478   0.1829
 m3c850r6.htb   0.0961   0.0758   0.0890   0.1536   0.1283
 m3c850r6.htb   0.0539   0.0123   0.0689   0.0201   0.1185
 m3c850r6.htb   0.1950   0.0159   0.3010   0.0634   0.0328
 m3c850r6.htb   0.0883   0.0014   0.1615   0.0238   0.0209
 m3c850r6.htb  -0.0382   0.8789  -0.0140   0.6983   0.3353
 m2c2r5.htb  -0.1727   1.0000  -0.1641   0.1689   0.0063
 m2c2r5.htb  -0.0876   1.0000  -0.0754   0.4086   0.0000
 m2c2r5.htb  -0.0015   1.0000   0.0115   0.8422   0.0000
 m2c3r5.htb  -0.2241   0.6330  -0.1136   0.4028   0.0262
 m2c3r5.htb  -0.1904   0.9052  -0.0003   0.7945   0.0059
 m2c3r5.htb  -0.1554   0.9440  -0.0647   0.8119   0.9230
 m2c24r6.htb   0.2308   1.0000   0.3793   0.0159   0.0000
 m2c26r5.htb   0.3314   0.0336   5.4354   0.0001   0.0000
 m2c26r5.htb   0.3871   0.0000   0.5824   0.0201   0.0000
 m2c26r5.htb   0.2884   0.0004   1.2513   0.7203   0.0000
 m2c29r6.htb  -0.0171   0.4450  -0.0070   0.8569   0.0006
 m2c29r6.htb   0.1754   0.0241   0.5757   0.0313   0.0000
 m2c29r6.htb   0.4367   0.9785   0.4837   0.1167   0.0000
 m2c30r5.htb  -0.2582   0.0447  -0.3675   0.1798   0.0000
 m2c30r5.htb  -0.1545   0.0082  -0.1986   0.0559   0.0000
 m2c30r5.htb  -0.0527   0.4567  -0.1014   0.5201   0.0065
 m2c39r5.htb  -2.4335   0.0835  -3.2365   0.0000   0.0000
 m2c39r5.htb  -1.2408   0.0324  -1.7260   0.0000   0.0000
 m2c39r5.htb   0.1558   1.0000  -1.8009   0.0002   0.0000
 m2c40r6.htb  -0.0823   0.0509   1.0472   0.1752   0.0000
 m2c52r7.htb   0.1514   0.6501   0.2416   0.3763   0.5870
 m2c54r6.htb   0.1103   0.3462   0.1612   0.2171   1.0000
 m2c54r6.htb   0.1719   0.0956   0.3047   0.0598   0.0000
 m2c54r6.htb   0.1809   0.0913  -3.8992   0.0000   0.0000
 m2c77r7.htb   0.0982   0.7332   0.2288   0.1748   0.4339
 m2c77r7.htb   0.0602   0.8223   0.0723   0.6982   0.0613
 m2c77r7.htb  -0.0122   0.3342   0.0282   0.6032   0.1152
 m2c77r7.htb   0.0425   0.1777   0.0670   0.2149   0.0776
 m2c77r7.htb   0.0179   0.8892  -0.0722   0.5513   0.3533
 m2c77r7.htb  -0.0429   0.5380  -0.0741   0.0611   0.9862
 m2c77r7.htb   0.0221   0.9465   0.0108   0.9581   0.6947
 m2c77r7.htb   0.0532   0.7403  -0.0617   0.3162   0.0564
 m2c77r7.htb   0.0242   0.7740   0.0563   0.4680   0.0235
 m2c77r7.htb   0.1549   0.3598   0.1815   0.0387   0.9703
 m2c78r7.htb  -0.0174   1.0000   0.0327   0.3013   1.0000
 m2c78r7.htb   0.1614   0.9338   0.0314   0.5039   0.0000
 m2c78r7.htb   0.1026   1.0000   0.0755   0.5343   0.0000
 m2c78r7.htb   0.0674   1.0000   0.0474   0.0649   0.0025
 m2c78r7.htb   0.3393   0.0005   0.2177   0.1088   0.0000
 m2c78r7.htb   0.1561   0.3221   0.1423   0.3941   0.0000
 m2c78r7.htb   0.0942   0.0403   0.0727   0.0310   0.0000
 m2c78r7.htb   0.0068   0.1581   0.1273   0.7580   0.0000
 m2c78r7.htb  -0.0201   0.1039   0.0578   0.6704   0.0000
 m2c78r7.htb  -0.0560   0.9214  -0.0531   0.6445   0.0000
 m2c105r7.htb   0.2628   0.0004   0.3594   0.0004   0.0000
 m2c105r7.htb   0.4575   0.0000  -1.5073   0.0001   0.0000
 m2c105r7.htb   0.2823   0.0000  -1.2742   0.0000   0.0000
 m2c105r7.htb   0.2335   0.0000  -1.0946   0.0000   0.0000
 m2c105r7.htb   0.4348   0.0002   0.4464   0.0185   0.0000
 m2c105r7.htb   0.1992   0.0000  -0.8616   0.0000   0.0000
 m2c105r7.htb   0.1592   0.0000  -0.6880   0.0000   0.0000
 m2c105r7.htb  -0.0512   0.0498   0.0945   0.8292   0.0000
 m2c105r7.htb  -0.0041   0.0063   0.0262   0.4591   0.0000
 m2c105r7.htb   0.0552   0.0656  -0.1338   0.6721   0.0063
 m2c138r8.htb   0.0876   0.1246   1.5404   0.0536   0.0000
 m2c138r8.htb   0.1035   0.0000   0.2610   0.0131   0.0000
 m2c138r8.htb   0.0812   0.9297   0.0895   0.9135   0.0000
 m2c170r7.htb  -0.3694   0.0737  -0.4818   0.0027   0.6937
 m2c170r7.htb  -0.1223   0.1314  -0.1676   0.0078   0.0170
 m2c170r7.htb   0.1142   1.0000   0.1450   0.6546   0.3547
 m2c189r17.htb  -0.0707   0.8293  -0.0718   0.2913   0.0000
 m1c106r9.htb   1.0719   0.0002   1.4155   0.0000   0.0040
 m1c107r9.htb   0.0239   1.0000  -0.1254   0.6213   1.0000
 m1c107r9.htb   0.0178   1.0000  -0.1135   0.1779   0.0027
 m1c107r9.htb   0.0099   1.0000  -0.0223   0.6582   0.0000
 m1c107r9.htb  -0.0029   1.0000  -0.0332   0.4091   0.0001
 m1c107r9.htb   0.0120   1.0000  -1.3705   0.0608   0.0001
 m1c107r9.htb   0.0851   1.0000  -0.5112   0.0318   0.0000
 m1c107r9.htb   0.0437   1.0000  -0.3258   0.0110   0.0000
 m1c107r9.htb   0.2543   1.0000   0.1729   0.1263   0.9959
 m1c107r9.htb   0.1090   1.0000   0.0627   0.2981   1.0000
 m1c107r9.htb  -0.0415   1.0000  -0.0346   0.7420   1.0000
 m1c117r5.htb  -0.6378   0.0017   2.9627   0.0006   0.0000
 m1c144r11.htb   0.0512   1.0000   0.1760   0.0313   0.0000
 m1c192r6.htb   0.0066   0.9594  -0.0587   0.9557   0.9834
 m1c192r6.htb   0.0379   0.9173  -0.0099   0.7818   0.4408
 m1c192r6.htb   0.0661   1.0000   0.0345   0.8567   0.4096
 m1c200r13.htb  -0.0306   0.0475  -2.9486   0.0053   0.0000
 m1c206r9.htb  -0.5454   0.0001  -0.4607   0.0000   0.0000
 m1c206r9.htb  -0.0088   0.3657  -0.0279   0.2919   0.0000
 m1c206r9.htb  -0.0702   0.0618   0.8193   0.0000   0.0000
 m1c218r9.htb   0.0759   0.0067   0.1337   0.2416   0.0001
 m1c218r9.htb  -0.1136   0.0000  -0.4394   0.0002   0.0000
 m1c218r9.htb  -0.0443   0.0000  -0.1181   0.0013   0.0000
 m1c218r9.htb  -0.0406   0.0654  -0.0649   0.0061   0.0000
 m1c218r9.htb  -0.2768   0.0002  -0.3827   0.0008   0.0011
 m1c218r9.htb  -0.0636   0.0022  -0.0960   0.0186   0.0000
 m1c218r9.htb   0.0633   0.0559  -0.0855   0.0694   0.0000
 m1c218r9.htb   0.0915   0.4324   0.1689   0.3694   0.0000
 m1c218r9.htb   0.0305   0.8557   0.4619   0.1734   0.0000
 m1c218r9.htb  -0.0296   1.0000   0.1666   0.1130   0.6113
 m1c222r9.htb  -0.2896   0.0396  -0.9714   0.0015   0.0000
 m1c224r10.htb  -0.0621   0.0337   0.1226   0.2350   0.0000
 m1c224r10.htb   0.1115   0.0000  -0.6236   0.0001   0.0000
 m1c224r10.htb  -0.0075   0.9895  -0.0146   0.4585   0.0584
 m1c224r10.htb   0.0476   1.0000   0.0165   0.9072   0.0000
 m1c224r10.htb   0.2789   0.0001  -0.3663   0.0362   0.0000
 m1c224r10.htb   0.0202   0.1737  -0.0589   0.2231   0.0000
 m1c224r10.htb  -0.0277   1.0000   0.0503   0.5387   0.0000
 m1c224r10.htb  -0.2679   0.0126   0.9715   0.0088   0.0000
 m1c224r10.htb   0.0918   0.6193   0.6920   0.0000   0.0000
 m1c224r10.htb   0.2081   1.0000   0.2014   0.1057   0.0444
 m1c265r13.htb  -0.0217   0.0606  -0.9716   0.0002   0.0000
 m1c265r13.htb   0.0851   0.6385   0.0700   0.3013   0.0000
 m1c265r13.htb   0.0859   0.2540   0.0611   0.1274   0.0001
 m1c265r13.htb   0.2925   0.0027   0.4133   0.0148   0.0030
 m1c265r13.htb   0.1932   0.0064   0.2265   0.0218   0.0000
 m1c265r13.htb   0.0678   0.8097   0.0586   0.5686   0.0133

