m1c100r1.htb	0.4693	0.5396	0		0
m1c101r1.htb	0.0988	0.65		0		0
m1c102r1.htb	0.2105	0.7067	0		0
m1c103r1.htb	0.128		0.5256	1E-3		0
m1c104r1.htb	0.1111	0.6132	0.043		0
m1c105r1.htb	0.2021	0.4667	0.028		0
m1c107r1.htb	0.2778	0.5261	0.013		0
m1c108r1.htb	0.1887	0.6982	0.004		0
m1c109r1.htb	0.1179	0.7054	0.128		0
m1c110r1.htb	0.0663	0.3395	0.31		0
m1c111r1.htb	0.1629	0.5439	0.287		0
m1c112r1.htb	0.1389	0.5946	0.852		0
m1c113r1.htb	0.0843	0.6597	0.105		0
m1c115r1.htb	0.1923	0.2672	0.235		0.048
m1c116r1.htb	0.1192	0.389		0.853		0
m1c117r1.htb	0.0496	0.6096	0.751		0
m1c118r1.htb	0.1758	0.6758	0.163		0
m1c119r1.htb	0.0242	0.5123	0.979		0
m1c120r1.htb	0.1319	0.5742	0.502		0
m1c121r1.htb	0.2184	0.5096	0		0
m1c124r1.htb	0.0592	0.2747	0.405		0
m1c126r1.htb	0.214	 	0.7343	1E-3		0
m1c188r1.htb	0.3325	0.6619	0		0
m1c191r1.htb	0.2641	0.627		0.002		0
m1c192r1.htb	0.3648	0.5778	0.02		0.002
m1c194r1.htb	0.1344	0.3967	0		0.037
m1c195r1.htb	0.0534	0.5232	0.996		0
m1c196r1.htb	0.0964	0.6019	0.302		0
m1c197r1.htb	0.155	      0.681		0		0
m1c198r1.htb	0.2112	0.6352	0.007		0
m1c199r1.htb	0.0584	0.1383	0.533		0
m1c200r1.htb	0.1025	0.1725	0.462		0.015
m1c202r1.htb	0.3969	0.5347	1E-3		0
m1c203r1.htb	0.2392	0.568		0.326		0
m1c204r1.htb	0.4195	0.5285	0.028		0.004
m1c205r1.htb	0.3162	0.6722	0.005		0
m1c206r1.htb	0.1531	0.297		0		0
m1c207r1.htb	0.0966	0.679		0.016		0
m1c208r1.htb	0.1096	0.6913	0.379		0
m1c210r1.htb	0.2499	0.4588	0.267		0
m1c213r1.htb	0.2103	0.2399	0.074		0
m1c214r1.htb	0.0376	0.2851	0.874		0
m1c215r1.htb	0.3115	0.3656	0.184		0
m1c216r1.htb	0.2175	0.6445	0.325		0
m1c217r1.htb	0.2069	0.5754	0.022		0
m1c218r1.htb	0.1167	0.3358	0.02		0
m1c220r1.htb	0.4791	0.2642	0		0
m1c221r1.htb	0.3366	0.4957	0		0
m1c222r1.htb	0.1291	0.1914	0.399		1E-3
m1c223r1.htb	0.3417	0.3831	0.007		0
m1c224r1.htb	0.0754	0.653		0.182		0
m1c225r1.htb	0.2747	0.1852	0.018		0
m1c226r1.htb	0.284		0.6372	0		0
m1c227r1.htb	0.1843	0.1456	0.176		0.002
m1c228r1.htb	0.1978	0.5562	0.079		0
m1c229r1.htb	0.2318	0.6228	0.28		0
m1c230r2.htb	0.1764	0.4488	0.075		0
m1c233r1.htb	0.1196	0.4133	0.688		0
m1c234r1.htb	0.4327	0.2741	0.003		0.002
m1c235r1.htb	0.1897	0.5911	0.626		0
m1c236r1.htb	0.2063	0.5946	0.012		0
m1c237r1.htb	0.0402	0.55		0.291		0
m1c238r1.htb	0.3314	0.475		0.038		0
m1c239r1.htb	0.1579	0.5142	0		0
m1c240r1.htb	0.0647	0.3262	0.164		0
m1c242r1.htb	0.3578	0.4271	0.002		0
m1c243r1.htb	0.1839	0.6147	0		0
m1c244r1.htb	0.0814	0.4794	0.565		0
m1c245r1.htb	0.1136	0.3944	0.908		0
m1c246r1.htb	0.154		0.198		0.435		0
m1c247r2.htb	0.2781	0.3676	0.104		0
m1c248r1.htb	0.0694	0.5926	0.641		0
m1c249r1.htb	0.1641	0.5477	0.446		0
m1c251r1.htb	0.2975	0.4436	0.232		0.022
m1c252r1.htb	0.3507	0.5902	0		0
m1c255r1.htb	0.3868	0.4767	0.042		0
m1c256r1.htb	0.3968	0.6386	0		0
m1c257r1.htb	0.3543	0.5108	0		0
m1c258r1.htb	0.4286	0.5661	0.018		0
m1c259r1.htb	0.1846	0.4369	0.02		0
m1c260r1.htb	0.129		0.353		0.724		0	
m1c261r1.htb	0.1393	0.4922	0.067		0		
m1c262r1.htb	0.0779	0.4056	0.19		0			
m1c263r1.htb	0.3548	0.6456	0.045		0
m1c264r1.htb	0.2219	0.5996	0.075		0
m1c265r1.htb	0.0678	0.0398	0.564		0.142
m1c266r1.htb	0.3779	0.6206	0.05		0
m1c267r1.htb	0.352		0.3197	0.06		0
m1c268r1.htb	0.283		0.3904	1E-3		0
m1c269r1.htb	0.5294	0.5751	0		0
m1c270r1.htb	0.195		0.4894	0.004		0
m1c271r1.htb	0.1468	0.4042	0.148		0.005
m1c272r1.htb	0.6141	0.5023	0		0
m1c273r1.htb	0.5842	0.6328	0		0
m1c274r1.htb	0.2189	0.6617	0.401		0
m1c275r1.htb	0.1464	0.2228	0.004		0
m1c276r1.htb	0.5235	0.6097	0		0
m1c278r1.htb	0.5519	0.5056	0		0
m1c279r1.htb	0.221		0.2123	0		0
m1c281r1.htb	0.3355	0.4436	0		0
m1c282r1.htb	0.5769	0.5154	0		0
m1c283r1.htb	0.4074	0.5889	0.003		0
m1c284r1.htb	0.2586	0.5403	0.004		0
m1c285r1.htb	0.2384	0.5957	0		0
m1c286r1.htb	0.2088	0.5807	0		0
m1c287r1.htb	0.1315	0.4303	0.853		0
m1c289r1.htb	0.1721	0.4542	0.637		0
m1c290r1.htb	0.1704	0.4833	0.148		0
m1c291r1.htb	0.1963	0.5197	0		0
m1c292r1.htb	0.4241	0.4233	0.016		0
m1c293r1.htb	0.4295	0.5848	0.003		0
m1c294r1.htb	0.221		0.4935	0.329		0
m1c296r1.htb	0.1381	0.5662	0.235		0
m1c297r1.htb	0.0926	0.7121	0.086		0
m1c298r1.htb	0.1815	0.1891	0.604		0
m1c299r1.htb	0.2212	0.654		0		0
m1c300r1.htb	0.6573	0.5428	0		0
m1c302r1.htb	0.1558	0.5517	0		0
m1c303r1.htb	0.2419	0.1628	0		0.739
m1c304r1.htb	0.1473	0.4808	0		0
m1c305r1.htb	0.2787	0.5623	0		0
m1c306r1.htb	0.1315	0.2072	0.052		0
m1c308r1.htb	0.0802	0.3798	0.057		0
m1c309r1.htb	0.1696	0.3662	1E-3		0.013
m1c310r1.htb	0.0716	0.5926	0.799		0
m1c311r1.htb	0.1719	0.5692	0.011		0
m1c312r1.htb	0.0285	0.2812	0.994		0
m1c314r1.htb	0.2007	0.6373	0.006		0
m1c315r1.htb	0.3749	0.3553	0		0
m1c316r1.htb	0.5697	0.418		0		0
m1c317r1.htb	0.1051	0.605		0.178		0
m1c318r1.htb	0.318		0.6746	0		0
m1c319r1.htb	0.5603	0.5976	0		0
m1c320r1.htb	0.1432	0.2095	0		0
m1c321r1.htb	0.0504	0.2816	0.123		0
m1c322r1.htb	0.2168	0.5307	0		0
m1c323r1.htb	0.0995	0.5114	0.009		0
m1c324r1.htb	0.1418	0.4013	0.804		0
m1c325r1.htb	0.1598	0.2531	0.367		0
m1c326r1.htb	0.172		0.493		0		0
m1c327r1.htb	0.261		0.4325	0.101		0.004
m1c328r1.htb	0.1466	0.4334	0.36		0
m1c330r1.htb	0.225		0.622		0.01		0
m1c331r1.htb	0.1708	0.5604	0		0
m1c332r1.htb	0.1678	0.4736	0.051		0
m1c333r1.htb	0.1484	0.0799	0.792		0.716
m1c334r1.htb	0.379		0.2405	0		0
m1c335r1.htb	0.6215	0.448		0		0
m1c340r1.htb	0.3711	0.4952	0.002		0
m1c342r1.htb	0.1655	0.6019	0		0
m1c343r1.htb	0.2038	0.4056	0.59		0
m1c345r1.htb	0.2495	0.499		0		0
m1c347r1.htb	0.1836	0.4948	0		0
m1c348r1.htb	0.2891	0.5595	0		0
m1c349r1.htb	0.1067	0.1429	0.856		0
m1c350r1.htb	0.3106	0.3074	0.026		0
m1c351r1.htb	0.2445	0.6304	0		0
m1c352r1.htb	0.1265	0.0852	0.012		0
m1c353r1.htb	0.1327	0.3095	0		0
m1c354r1.htb	0.4193	0.5137	0		0
m1c355r1.htb	0.3205	0.5978	0		0
m1c356r1.htb	0.3976	0.641		0		0
m1c357r1.htb	0.6084	0.4459	0		0
m1c358r1.htb	0.2084	0.3827	0		0
m1c95r1.htb		0.4884	0.1916	0		0
m1c96r1.htb		0.5227	0.451		0		0
m1c97r1.htb		0.2032	0.5506	0.395		0
m1c98r1.htb		0.0836	0.7053	0.418		0
m1c99r1.htb		0.0958	0.6331	0.4		0
m3c100r1.htb	0.6372	0.4345	0		0
m3c101r1.htb	0.4835	0.4846	0		0
m3c105r1.htb	0.6563	0.6079	0		0
m3c106r1.htb	0.458		0.6711	0		0
m3c109r1.htb	0.0861	0.4116	0.348		0.014
m3c10r1.htb		0.5477	0.4467	0		0.002
m3c110r1.htb	0.3821	0.4382	0		0
m3c114r1.htb	0.2861	0.1201	0		0.008
m3c115r1.htb	0.1925	0.3591	1E-3		0
m3c117r1.htb	0.0602	0.609		0.425		0
m3c118r1.htb	0.2495	0.3833	0.055		1E-3
m3c119r1.htb	0.4517	0.6576	0		0
m3c11r1.htb		0.2511	0.5078	0		0
m3c120r1.htb	0.2252	0.3591	0		0
m3c122r1.htb	0.5117	0.6306	0		0
m3c123r1.htb	0.6846	0.5039	0		0
m3c124r1.htb	0.6083	0.5674	0		0
m3c126r1.htb	0.6095	0.3324	0		0
m3c127r1.htb	0.4141	0.3136	0		0
m3c128r1.htb	0.2608	0.2773	1E-3		0
m3c129r1.htb	0.5538	0.4409	0		0
m3c12r1.htb		0.3443	0.6118	0.11		0
m3c130r1.htb	0.6393	0.6047	0		0
m3c13r1.htb		0.2091	0.693		0		0
m3c14r1.htb		0.2618	0.2506	0		0
m3c15r1.htb		0.4008	0.2583	0		0
m3c17r1.htb		0.3607	0.6283	0		0
m3c18r1.htb		0.0468	0.5289	0.125		0
m3c19r1.htb		0.4149	0.32		0		0
m3c1r1.htb		0.4787	0.5244	0.002		0
m3c20r1.htb		0.1413	0.5925	0.445		0
m3c21r1.htb		0.2594	0.5754	0		0
m3c24r1.htb		0.3063	0.6492	0		0
m3c25r1.htb		0.4012	0.6164	0.002		0
m3c26r1.htb		0.3532	0.6937	0.005		0
m3c27r1.htb		0.1039	0.6619	0.445		0
m3c28r1.htb		0.0969	0.4202	1E-3		0
m3c29r1.htb		0.4061	0.6571	0.01		0
m3c2r1.htb		0.1693	0.5664	0.039		0
m3c30r1.htb		0.6174	0.6342	0		0
m3c31r1.htb		0.1401	0.6532	0.618		0
m3c32r1.htb		0.2277	0.5228	0		0.002
m3c33r1.htb		0.2754	0.3183	0		0
m3c34r1.htb		0.371		0.3703	0		0
m3c35r1.htb		0.1386	0.2944	0.492		0
m3c36r1.htb		0.3331	0.5231	0		0
m3c37r1.htb		0.419		0.4673	0		0
m3c39r1.htb		0.2607	0.6449	0.329		0
m3c41r1.htb		0.4627	0.1031	0		0.918
m3c42r1.htb		0.2264	0.5492	0		0
m3c43r1.htb		0.2087	0.6385	0		0
m3c44r1.htb		0.3073	0.3074	0		0
m3c46r1.htb		0.5198	0.1655	0		0
m3c47r1.htb		0.297		0.6341	0		0
m3c48r1.htb		0.6365	0.5846	0		0
m3c49r1.htb		0.4443	0.3858	1E-3		0.03
m3c4r1.htb		0.3009	0.2637	0.239		0
m3c50r1.htb		0.2671	0.5144	0.339		0
m3c52r1.htb		0.2085	0.5308	0.466		0
m3c54r1.htb		0.2583	0.6724	0.002		0
m3c55r1.htb		0.2116	0.2268	0		0
m3c56r1.htb		0.4686	0.6814	0		0
m3c57r1.htb		0.083		0.5111	0.136		0.002
m3c58r1.htb		0.0678	0.6566	0.794		0
m3c60r1.htb		0.3244	0.4058	0		0
m3c61r1.htb		0.4131	0.6397	1E-3		0
m3c62r1.htb		0.4952	0.3703	0		0
m3c63r1.htb		0.402		0.5925	0		0
m3c64r1.htb		0.0481	0.4842	0.689		0
m3c65r1.htb		0.1541	0.6214	0.654		0
m3c66r1.htb		0.1464	0.228		0.02		0
m3c67r1.htb		0.3036	0.1637	0		0.004
m3c6r1.htb		0.3776	0.4969	0		0
m3c70r1.htb		0.3585	0.3663	0		0
m3c71r1.htb		0.1369	0.6297	0.192		0
m3c86r1.htb		0.166		0.5633	0		0
m3c87r1.htb		0.1577	0.2013	0		0
m3c88r1.htb		0.3596	0.3754	0		0
m3c8r1.htb		0.31		0.4179	0		0.03
m3c90r1.htb		0.2476	0.3949	0.257		0
m3c95r1.htb		0.3684	0.2617	0		0
m3c96r1.htb		0.5364	0.6166	1E-3		0
m3c97r1.htb		0.5163	0.6441	0.005		0
m3c98r1.htb		0.2812	0.4783	0.267		0
m3c99r1.htb		0.1064	0.3013	0.007		0
m3c9r1.htb		0.1758	0.4152	0		0
