78.713	75.248	76.98	90.347	109.406	113.614	95.297	60.891	70.545	55.941	67.822	35.149	105.693	112.129	107.921	91.584	50	54.455	56.931	73.762	80.693	90.099	96.287	63.614	65.594	66.584	15.392	4.917	24.445	24.271	23.1	17.514	17.137	28.906	23.463	12.744	8.8	4.082	20.152	34.99	27.283	10.242	7.117	9.038	7.775	17.423	14.107	13.648	19.358	11.781	12.217	17.829
13.069	6.733	11.683	18.614	7.129	3.96	4.95	8.317	5.941	1.584	2.178	3.762	0.99	0.594	1.386	3.96	2.178	2.376	2.97	2.178	1.188	2.178	1.386	3.366	2.574	2.772	0.828	2.92	3.923	2.146	3.003	1.4	1.852	1.129	2.1	1.502	0.828	1.904	0.99	0.886	1.502	3.358	1.291	1.129	2.1	1.291	1.291	1.291	1.129	2.053	1.129	2.465
2.376	1.386	5.545	3.168	2.376	3.366	1.386	0.198	1.584	3.96	1.98	28.713	7.129	2.772	2.772	2.178	7.327	1.386	5.743	21.98	13.663	9.901	7.327	17.228	0.594	15.446	1.657	1.129	2.675	2.029	2.279	4.516	0.542	0.443	2.053	2.62	1.852	5.423	2.146	0.828	1.904	2.364	2.675	0.886	1.904	6.838	3.162	1.4	4.118	5.22	0.886	5.883
1.782	4.158	4.356	1.98	13.465	12.475	7.525	3.366	2.376	3.564	4.356	6.337	16.04	20.594	17.624	2.376	4.752	4.158	7.525	4.158	7.723	11.881	9.505	1.782	4.158	3.366	0.828	2.835	1.657	0.7	3.019	6.246	1.129	2.582	0.542	1.799	2.384	3.019	6.545	4.395	6.909	0.886	1.904	0.828	2.485	2.146	3.387	2.62	3.744	1.469	1.469	1.799
3.218	30.941	14.604	3.96	3.465	5.198	5.198	2.475	20.297	42.574	50.99	10.891	4.455	4.208	1.733	2.97	33.663	13.861	11.881	4.208	2.723	4.208	6.188	5.198	5.446	6.683	1.691	5.68	5.623	0.808	1.278	2.195	0.495	1.715	2.492	6.21	5.145	1.808	1.278	2.727	0.948	0	2.139	0.808	3.877	0.495	1.485	1.246	1.874	1.485	2.97	0.495
8.119	8.911	7.921	6.535	14.851	24.554	11.485	4.752	7.921	5.941	6.931	8.515	42.574	43.366	36.832	2.376	7.525	14.257	9.307	10.891	13.069	22.574	20.594	4.554	9.505	10.693	1.627	2.322	1.213	2.384	3.284	3.923	2.852	1.627	2.524	2.214	1.98	2.675	1.852	1.085	2.92	1.129	2.582	3.328	1.657	4.316	2.258	2.747	4.282	1.502	2.582	2.258
52.079	42.376	47.129	48.713	34.059	33.267	38.614	54.653	48.119	23.564	22.178	25.149	21.782	19.604	24.158	62.574	31.881	26.139	30.693	39.406	32.277	24.356	20.99	20.594	27.327	32.277	3.997	3.387	6.515	6.62	9.304	6.952	5.941	5.116	3.328	7.323	7.16	3.472	3.43	3.239	4.931	5.748	6.47	5.965	3.131	5.486	3.401	8.031	5.116	3.387	4.118	2.279
48.185	51.815	47.195	34.323	61.056	62.706	68.317	43.234	56.436	32.673	24.752	14.851	51.485	66.997	62.046	22.772	31.683	23.762	24.752	25.413	34.653	42.574	30.693	13.201	16.832	23.102	15.156	7.163	4.122	9.917	7.431	8.303	5.239	6.05	1.98	6.023	5.145	4.537	5.513	4.001	8.984	2.97	1.715	5.145	1.98	4.884	3.96	4.537	5.941	6.05	3.96	5.801
15.842	11.683	11.089	16.634	26.931	39.604	34.851	13.861	9.109	10.099	8.515	9.703	33.861	35.644	25.941	2.97	8.119	20.198	21.98	10.495	10.495	8.911	9.703	6.931	13.267	10.495	2.524	3.239	3.86	4.282	2.747	3.43	3.162	2.214	3.923	1.771	1.129	1.627	6.62	4.372	0.828	2.524	3.314	2.384	4.769	1.129	2.053	3.284	2.364	2.97	4.461	4.177
12.871	28.713	31.683	15.842	12.376	16.337	19.802	14.356	24.257	45.05	50.99	9.406	25.743	15.347	12.376	13.861	57.921	38.119	49.01	30.198	16.832	19.802	12.376	22.277	42.079	23.762	1.4	1.4	1.4	5.601	0.7	4.901	8.401	0.7	7.701	3.501	3.501	0.7	1.4	4.901	0.7	1.4	3.501	3.501	2.1	3.501	2.8	4.201	3.501	2.1	0.7	2.8
25.149	28.911	40.198	28.713	36.04	32.277	33.267	26.139	26.931	19.604	27.129	28.119	52.871	37.822	29.703	31.485	24.95	26.535	37.228	46.139	38.416	47.921	40.99	43.366	28.515	45.347	6.881	6.079	10.7	8.254	10.208	10.087	6.127	5.841	6.545	6.945	2.852	10.677	9.118	11.145	8.401	6.278	4.717	9.985	9.841	20.705	3.458	16.127	5.267	6.766	8.413	13.474
8.911	6.733	5.545	11.287	9.109	7.723	10.297	16.634	8.911	2.376	2.178	3.168	3.168	3.366	3.366	6.733	3.96	5.149	4.554	5.545	3.96	2.178	4.158	5.941	6.337	8.119	3.131	2.465	2.675	4.35	2.835	3.003	4.98	2.465	5.468	1.328	2.563	3.003	2.146	1.799	4.293	2.563	2.1	3.597	1.502	2.485	2.1	1.291	2.657	2.214	2.852	3.86
37.954	43.894	46.865	40.264	42.904	43.564	42.244	36.964	36.304	36.634	43.564	37.624	48.515	40.924	46.865	23.762	30.363	29.703	32.013	41.914	59.406	41.914	49.175	29.703	27.063	33.993	2.061	4.001	6.592	4.884	1.512	8.459	6.365	10.113	5.453	1.98	2.97	5.239	7.475	8.244	4.679	2.97	13.185	1.715	4.884	1.143	9.445	12.3	8.003	2.62	5.453	6.954
14.257	30.891	27.921	17.03	17.822	20	16.436	20.198	29.703	35.842	38.218	15.05	20.396	22.97	22.772	28.119	34.455	31.881	30.495	27.921	18.614	28.911	22.376	20.198	33.069	27.129	3.744	5.998	5.486	5.748	5.423	6.909	6.246	7.56	4.901	6.73	3.472	5.068	8.183	9.351	12.207	6.285	6.355	4.282	6.278	3.528	6.766	7.488	4.516	5.45	5.583	10.398
50.99	52.475	44.802	47.03	41.337	29.208	36.386	40.842	48.762	42.327	43.317	61.386	37.129	34.901	29.95	28.713	45.792	69.059	81.931	99.01	71.04	61.139	57.426	76.733	84.406	79.208	15.392	7.879	8.646	6.391	8.721	8.459	9.646	3.908	2.041	2.475	8.299	14.165	1.715	8.259	2.844	3.131	7.685	6.782	3.824	13.16	11.698	4.072	8.966	7.253	5.073	4.714
27.921	21.98	27.921	36.436	24.95	17.03	22.772	40.792	31.485	12.871	10.495	17.426	12.475	15.644	18.812	16.238	5.347	8.119	11.089	4.95	7.327	9.703	10.891	5.545	12.475	6.337	8.056	9.058	10.557	11.576	4.665	10.764	10.687	9.351	8.614	11.61	7.624	11.474	8.062	3.528	10.732	6.845	1.657	7.521	8.839	3.358	7.022	5.957	5.192	3.254	8.331	5.539
73.267	60.594	62.574	73.465	62.376	64.158	71.683	61.98	68.911	73.267	70.297	99.01	60	55.644	56.04	81.584	79.406	69.109	68.317	81.188	74.653	64.95	63.366	66.535	73.069	62.772	8.546	14.474	16.881	5.79	14.365	14.891	7.56	11.495	15.3	7.309	10.218	15.323	15.364	11.827	10.86	7.329	6.199	10.107	6.301	6.34	8.62	16.263	7.309	8.949	8.839	10.814
7.921	5.149	6.337	13.267	8.911	11.089	14.059	19.01	12.475	2.97	3.762	3.366	11.287	9.505	12.277	23.564	4.752	6.535	6.337	6.139	7.921	3.96	4.158	6.337	4.356	8.515	3.358	1.627	1.93	5.539	1.715	2.364	3.923	3.597	3.542	1.4	1.291	1.799	2.279	2.485	1.502	4.395	2.146	1.657	2.279	2.146	3.501	1.715	2.563	3.178	2.053	4.118
8.119	14.653	18.02	8.119	0.99	1.98	4.554	7.921	6.931	23.96	17.624	1.584	4.554	1.98	1.386	5.149	15.05	9.703	2.574	2.574	3.366	6.535	4.158	0.396	2.97	1.782	1.904	3.314	3.162	2.465	0	1.4	1.657	3.131	3.96	1.904	3.162	1.799	1.799	1.4	1.502	1.291	1.291	2.747	2.279	1.129	1.799	2.053	1.627	0.542	2.322	1.469
5.941	5.743	5.545	10.891	16.634	12.475	11.089	6.931	3.762	5.545	5.941	26.139	27.129	14.059	10.891	3.96	3.96	8.713	10.099	27.129	28.713	20.99	16.436	21.584	9.307	28.317	0.7	2.465	2.279	1.852	3.084	0.886	2.258	4.483	1.904	5.078	2.214	3.611	2.169	2.747	3.284	1.213	0.7	2.146	2.364	5.405	2.62	1.085	1.502	4.224	1.502	4.235
10.297	10.891	10.693	8.317	17.228	15.05	18.02	18.614	13.069	14.455	8.119	10.099	20.99	21.188	24.356	44.752	11.287	9.109	7.723	10.891	12.277	18.218	19.208	33.267	12.277	17.228	2.053	5.557	3.923	3.401	4.881	3.665	5.832	4.82	5.258	3.254	1.771	3.084	3.003	3.328	4.98	7.119	3.542	3.528	4.338	2.97	3.401	5.495	4.779	5.029	4.728	8.955
10.297	8.713	12.475	12.079	11.287	9.505	7.327	7.129	8.515	19.406	33.861	14.653	10.297	13.861	9.109	5.743	12.277	39.802	29.703	14.455	12.475	6.535	8.119	5.545	47.129	9.109	3.254	1.771	2.384	3.528	3.611	1.129	3.744	2.364	2.384	2.852	2.029	3.084	2.937	4.372	3.239	2.465	2.053	5.662	3.638	2.582	4.461	3.254	3.458	2.937	3.744	1.085
12.211	14.191	14.191	19.142	33.333	19.802	20.792	13.531	15.842	18.812	17.162	28.383	33.663	40.264	37.294	36.964	17.492	15.842	16.172	18.482	31.023	32.673	33.003	32.343	18.812	20.792	2.492	5.801	11.561	4.122	13.873	10.289	3.43	1.512	6.493	0.99	7.024	4.983	6.931	7.163	7.562	3.748	7.163	5.513	7.941	0.572	6.739	2.62	5.453	3.025	0	6.183
16.634	21.584	24.356	15.644	11.287	6.535	10.495	29.505	35.248	10.099	17.228	29.901	8.911	6.733	15.05	3.564	6.733	7.129	4.752	8.911	5.941	7.921	5.941	7.129	3.762	6.139	7.521	4.505	10.136	6.079	3.997	1.93	5.539	6.62	8.36	2.364	4.177	7.586	2.97	1.771	5.575	2.675	1.469	4.45	3.528	3.835	3.501	2.8	2.524	2.92	2.92	4.921
25.743	32.475	27.129	31.683	39.604	46.337	35.05	30.297	23.366	32.871	33.861	46.931	41.782	48.713	54.455	48.317	30.297	43.96	42.178	42.574	42.376	40.198	43.168	52.871	43.96	39.01	7.921	6.545	10.256	8.104	5.773	6.47	3.611	4.83	2.937	7.964	8.756	6.809	8.325	8.811	11.332	6.98	7.296	7.363	9.224	10.218	5.53	5.126	4.293	8.817	4.461	8.39
17.822	23.168	18.614	22.574	22.376	23.564	20.792	25.545	22.178	15.05	15.446	13.267	10.891	13.267	15.644	23.168	13.069	18.416	16.04	14.653	15.446	15.644	14.059	15.644	13.069	12.277	4.022	5.029	4.921	1.771	2.169	5.486	7.242	1.904	1.657	1.469	5.965	5.359	1.565	4.293	2.747	7.56	1.291	3.809	2.92	4.282	2.675	4.612	1.904	2.563	3.923	4.779
28.119	44.356	31.683	27.525	23.96	24.158	38.416	27.921	30.297	37.228	46.535	60.594	45.743	34.059	43.96	34.257	61.98	42.376	44.356	39.802	36.04	36.832	43.96	39.604	56.832	51.485	3.472	6.079	14.297	12.374	18.804	13.034	13.049	8.025	11.258	15.3	7.827	6.238	1.904	21.254	14.1	19.498	1.129	5.068	13.011	14.474	11.474	12.974	7.396	11.694	13.072	14.365
1.98	3.395	2.687	2.829	1.556	1.839	1.98	1.556	2.122	8.487	21.641	45.545	4.243	5.941	2.122	1.273	4.102	26.591	25.035	14.569	10.467	9.335	8.628	5.941	23.904	11.315	1.296	2.611	2.266	1.755	0.779	1.332	1.512	1.26	1.66	3.786	7.93	12.524	2.538	3.792	1.558	0.942	2.767	7.868	5.593	6.805	5.203	4.846	4.19	3.43	7.308	6.336
19.406	30.495	22.97	15.05	8.515	12.871	15.248	17.03	21.386	60.198	68.911	37.624	14.455	19.406	9.901	4.95	45.545	76.832	70.495	36.04	17.426	19.406	13.267	23.762	81.782	29.109	4.118	2.258	3.387	2.747	1.657	3.284	3.401	3.665	4.118	3.597	6.952	7.343	1.502	2.852	1.4	0.99	2.1	7.126	6.316	8.031	4.779	3.472	2.675	5.982	7.126	5.267
13.366	6.931	3.465	8.251	18.482	22.112	18.152	8.911	3.3	4.455	4.62	0.99	15.842	14.521	16.832	8.416	1.98	8.251	9.406	8.911	9.901	8.416	7.261	8.251	2.97	7.426	4.901	0	0.7	2.061	16.279	2.492	3.025	3.96	0.572	3.501	2.287	1.4	1.715	2.061	2.8	4.901	1.4	3.025	0.7	0.99	2.8	0.7	3.477	3.477	1.4	4.901
126.485	96.04	140.594	137.624	105.693	94.802	74.752	83.416	89.851	55.693	68.069	91.584	43.317	48.515	35.891	19.307	28.96	53.218	47.772	30.198	48.762	51.238	50	30.693	48.515	51.238	6.586	12.833	10.321	3.43	7.426	9.124	9.2	10.583	10.333	3.37	4.528	5.688	8.906	6.907	14.515	8.874	4.072	11.329	2.957	8.264	11.154	6.782	11.785	7.185	13.648	4.942
74.059	66.733	66.337	67.327	80.792	68.119	66.733	78.416	69.109	48.713	52.673	28.317	65.545	70.297	65.545	46.931	45.743	55.248	63.762	59.208	72.079	85.743	84.752	66.337	51.089	69.901	5.705	8.153	8.044	4.591	9.198	7.964	13.423	9.481	5.662	5.211	5.116	5.078	6.432	6.752	8.025	7.939	45.852	6.657	4.931	1.771	4.612	8.817	4.881	5.688	6.285	4.235
4.95	9.505	2.178	6.139	3.96	6.535	5.941	4.554	2.178	24.554	25.149	8.911	2.376	1.98	4.356	4.158	40.99	22.376	23.168	14.455	10.297	4.752	4.158	7.525	14.257	9.505	3.705	2.582	1.085	3.923	1.213	5.841	2.425	1.129	1.085	4.97	5.883	2.1	0.542	2.322	2.485	1.291	5.313	3.254	1.93	4.177	3.678	2.364	1.627	2.384	4.569	4.406
11.485	7.129	9.901	10.297	8.317	13.069	13.465	9.901	11.485	13.861	19.01	29.703	8.911	10.099	12.871	17.426	12.673	23.564	27.525	35.05	22.178	19.604	23.762	40.396	23.96	31.881	6.363	4.45	3.638	5.495	3.401	5.916	6.952	5.192	2.937	8.343	7.323	5.731	2.322	6.159	5.423	3.997	6.316	7.871	8.894	3.997	7.72	7.389	5.644	11.012	8.025	8.147
20.792	8.119	6.139	36.04	68.317	67.129	45.347	14.851	7.723	18.218	18.218	82.376	67.129	36.634	25.545	1.584	11.683	16.436	18.218	14.059	12.079	7.921	7.921	6.535	17.03	12.475	4.316	2.747	2.465	6.917	6.063	5.164	3.239	5	3.387	7.194	3.472	3.86	2.364	3.96	2.146	1.799	2.258	3.611	6.127	6.316	4.921	4.259	1.213	3.472	2.465	2.053
48.713	40.198	39.802	56.04	42.178	38.812	43.762	47.921	49.505	41.188	39.406	56.238	29.901	30.693	29.703	29.307	45.149	51.287	45.743	60	58.812	50.495	47.525	59.802	47.723	61.188	6.432	4.728	8.296	8.789	6.477	10.488	7.746	9.741	15.576	6.439	7.682	7.356	5.019	9.128	3.705	7.939	10.949	10.99	8.147	10.814	5.539	6.605	9.65	10.063	8.086	5.662
8.581	3.3	8.251	11.221	20.462	32.673	30.033	9.901	3.63	2.31	3.3	6.601	33.003	38.614	26.733	5.281	4.29	6.931	3.3	4.95	8.251	11.551	15.512	5.281	5.611	4.95	4.884	2.492	5.081	10.016	5.453	6.023	6.592	5.239	2.287	2.061	3.025	4.884	5.63	1.98	1.715	2.492	2.492	3.43	1.143	0.99	4.122	7.431	0.572	2.492	3.477	1.715
35.05	28.515	31.089	32.673	20.792	16.436	23.762	33.069	36.634	12.079	17.822	27.723	5.743	5.545	4.356	8.911	13.465	12.079	13.267	17.624	9.109	5.743	9.703	16.238	12.277	17.822	3.936	1.627	5.405	6.824	1.98	2.675	3.358	8.212	2.62	2.465	2.524	4.022	1.291	2.765	2.384	1.98	2.675	2.146	2.675	5.441	0.828	2.747	2.563	2.852	2.675	3.131
36.634	66.007	68.317	51.485	22.442	8.581	6.601	23.762	58.086	30.363	28.053	34.653	23.02	30.693	28.383	16.502	29.043	43.234	44.884	46.205	50.825	44.224	42.244	44.554	41.584	58.416	5.513	4.884	4.316	0.99	2.858	1.512	1.512	2.62	8.303	6.442	3.025	3.57	3.465	2.62	1.143	2.061	3.477	4.001	2.492	3.183	2.287	1.143	2.061	5.513	3.43	2.97
49.505	59.076	56.766	45.875	44.224	55.116	58.416	48.845	51.815	48.845	52.145	35.974	95.38	94.719	108.911	89.769	38.614	55.776	55.776	43.894	46.205	68.977	71.287	48.845	47.855	49.175	4.316	2.061	6.365	7.562	4.001	4.122	1.98	1.512	2.858	2.492	1.512	4.983	4.122	28.872	6.931	14.495	7.14	4.465	6.442	6.288	3.025	4.679	1.715	3.025	4.001	1.512
30.495	30.693	35.644	34.455	30.693	25.941	28.515	24.158	32.277	35.644	41.584	45.941	36.238	26.931	30.693	25.347	29.505	50.693	52.079	46.535	31.089	30.495	29.901	32.475	42.376	38.416	6.874	3.638	6.143	6.316	5.644	4.106	6.079	1.502	7.56	6.455	7.701	5.359	1.93	2.92	1.852	5.029	4.97	6.119	6.285	3.835	7.296	1.771	9.004	3.796	7.902	5.019
5.446	7.178	4.455	7.327	8.515	4.95	4.95	4.95	6.188	10.149	6.931	2.228	4.95	3.713	2.723	14.109	6.436	14.604	19.059	13.366	3.713	3.465	5.446	9.653	13.614	7.178	3.382	2.041	1.715	2.053	4.98	1.4	1.4	2.681	2.195	1.246	1.4	2.195	1.4	2.844	1.691	4.152	2.357	2.957	5.564	2.62	2.475	1.278	2.858	1.485	3.824	2.475
9.505	12.673	10.495	11.287	36.832	55.446	44.95	10.891	9.901	24.752	26.139	7.327	98.614	92.277	95.842	19.208	13.861	17.822	14.653	14.851	37.822	49.901	35.644	13.663	12.871	13.861	1.129	4.046	3.178	6.515	7.422	5.192	4.35	3.638	3.898	4.85	5.965	4.118	11.302	6.47	6.766	3.1	2.524	4.483	2.364	3.052	4.282	5.359	4.483	2.92	3.052	1.565
21.188	48.119	42.97	29.505	23.96	21.98	18.218	22.97	39.802	65.941	59.406	55.05	18.614	20.792	18.614	14.653	71.881	41.782	38.614	26.535	28.515	25.149	25.941	27.723	41.584	28.713	1.502	6.246	5.67	5.164	4.338	1.291	5.078	2.146	6.766	9.144	6.023	6.167	5.748	1.715	3.314	4.871	6.087	5.618	1.852	3.084	1.904	4.293	4.505	2.711	3.131	2.8
14.653	13.069	12.871	15.446	33.267	35.842	32.673	12.079	8.911	4.752	5.149	9.901	23.366	23.762	24.95	15.446	7.921	10.891	6.931	12.871	8.713	12.673	10.297	6.337	6.931	8.119	1.904	1.291	3.501	3.542	5.539	3.387	4.95	2.258	4.022	3.528	2.563	2.711	2.937	3.208	2.92	4.728	3.501	2.8	3.358	1.98	4.165	5.832	3.401	3.611	1.565	2.258
42.574	12.871	20.297	39.109	52.97	42.574	48.02	39.851	26.238	18.812	23.515	19.554	31.683	24.257	35.644	37.376	14.851	30.941	30.198	31.188	18.812	23.515	22.772	29.95	31.931	28.713	6.954	7.584	5.745	10.4	4.391	3.524	5.858	3.824	9.479	7.54	5.851	4.072	5.239	7.117	11.347	5.137	2.556	4.306	7.431	3.078	5.995	2.957	1.617	4.942	3.558	10.194
43.564	44.554	39.604	52.475	57.426	57.096	65.677	57.756	58.086	42.904	45.875	41.584	76.898	80.528	75.908	48.185	40.924	44.554	43.894	41.254	50.825	67.657	68.647	55.776	63.036	37.624	6.493	7.859	14.785	10.337	7.733	19.461	9.2	7.024	5.801	8.929	23.015	16.359	24.759	28.736	9.616	22.279	19.156	10.337	8.003	12.458	23.479	20.539	11.729	14.049	17.498	15.717
