2.9392
2.996
3.0545
3.1136
3.1742
3.2442
3.3135
3.3773
3.4354
3.4854
3.5274
3.5613
3.5871
3.6048
3.6191
3.6317
3.6421
3.6545
3.661
3.6621
3.6648
3.6689
3.6734
3.6777
3.6819
3.6856
3.6858
3.6877
3.7175
3.766
3.8194
3.8857
3.9611
4.0393
4.1221
4.2124
4.3211
4.435
4.5543
4.6773
4.8056
4.9572
5.1128
5.2714
5.4306
5.5882
5.7424
5.8917
6.0375
6.1849
6.3329
6.4716
6.6056
6.7379
6.8629
6.9778
7.0894
7.2061
7.3161
7.4184
7.5201
7.6143
7.6989
7.7748
7.8426
7.9064
7.9651
8.0145
8.0534
8.0818
8.0998
8.1099
8.114
8.1077
8.091
8.064
8.029
7.9918
7.9458
7.8899
7.8243
7.7488
7.667
7.5777
7.4796
7.3777
7.2686
7.151
7.0259
6.9166
6.8165
6.7272
6.6415
6.5574
6.4909
6.4253
6.3636
6.3129
6.2609
6.223
6.199
6.2055
6.2284
6.2454
6.2584
6.2642
6.2628
6.265
6.2685
6.2712
6.2681
6.272
6.2841
6.293
6.2965
6.2909
6.2828
6.2664
6.2413
6.2095
6.1701
6.121
6.0619
5.9921
5.9111
5.8192
5.7161
5.6021
5.4824
5.3575
5.2217
5.0789
4.9266
4.7663
4.5998
4.4321
4.2638
4.1026
3.9428
3.7833
3.6302
3.4899
3.3518
3.221
3.1258
3.0345
2.9469
2.8688
2.8406
2.8197
2.8037
2.7872
2.7694
2.7604
2.7663
2.7791
2.799
2.8207
2.8467
2.8729
2.8967
2.9145
2.9263
2.9331
2.9389
2.9427
2.9468
2.9446
2.9362
2.9242
2.9146
2.9029
2.8985
2.8961
2.8924
2.8851
2.8783
2.874
2.8808
2.8929
2.9034
2.9359
2.979
3.0276
3.0789
3.1293
3.1834
3.233
3.2778
3.3236
3.3655
3.4043
3.4386
3.4687
3.4984
3.5246
3.5478
3.5729
3.5942
3.6159
3.6417
3.6661
3.693
3.7184
3.7489
3.7837
3.8189
3.8559
3.8955
3.9542
4.0174
4.0862
4.1669
4.2604
4.3677
4.5064
4.6641
4.8298
5.004
5.183
5.3667
5.5625
5.7636
5.9663
6.169
6.3721
6.5761
6.7757
6.9694
7.1558
7.3314
7.4947
7.6459
7.7844
7.9103
8.0235
8.1244
8.213
8.2954
8.3707
8.4364
8.4895
8.5313
8.5694
8.5946
8.6078
8.6168
8.622
8.6174
8.6001
8.5753
8.5394
8.4928
8.4334
8.3616
8.2888
8.2057
8.1101
8.0021
7.8916
7.7795
7.6577
7.5245
7.3875
7.241
7.0844
6.923
6.7581
6.632
6.5087
6.3832
6.2539
6.1263
6.0231
5.9252
5.826
5.7329
5.6606
5.5987
5.5528
5.531
5.5052
5.4805
5.4682
5.4576
5.4441
5.4257
5.4119
5.41
5.4203
5.4327
5.4543
5.4812
5.507
5.5237
5.5376
5.5513
5.5696
5.5777
5.5757
5.5636
5.5479
5.5266
5.4943
5.4512
5.3969
5.3338
5.2607
5.1781
5.087
4.9853
4.8749
4.7544
4.6257
4.494
4.3637
4.2324
4.1024
3.9706
3.8388
3.713
3.5942
3.4792
3.3659
3.2727
3.1973
3.1224
3.0519
2.9828
2.921
2.863
2.8071
2.7575
2.7176
2.6976
2.6874
2.6766
2.6678
2.6664
2.666
2.6743
2.6844
2.7002
2.7188
2.7428
2.7675
2.79
2.8143
2.8424
2.8884
2.9322
2.9723
3.0087
3.0413
3.0703
3.0964
3.1204
3.1457
3.1717
3.2003
