3.4121
3.4182
3.4341
3.4587
3.4837
3.5097
3.5336
3.5542
3.5743
3.594
3.6101
3.6228
3.6343
3.6436
3.6505
3.6537
3.6527
3.6478
3.6396
3.6272
3.6104
3.5906
3.579
3.5662
3.5495
3.5297
3.5099
3.4871
3.4644
3.4385
3.4103
3.3782
3.3421
3.3019
3.2591
3.2136
3.1641
3.1108
3.0535
2.9948
2.9353
2.8747
2.8275
2.7924
2.7694
2.7552
2.7551
2.76
2.7793
2.807
2.8321
2.8539
2.8745
2.8994
2.9367
2.9737
3.0148
3.0548
3.0921
3.1261
3.1559
3.181
3.2006
3.2146
3.2235
3.2265
3.2235
3.215
3.2019
3.1836
3.1604
3.1365
3.1068
3.0712
3.0297
2.9824
2.9306
2.8749
2.8137
2.747
2.6755
2.6096
2.5418
2.4704
2.405
2.3408
2.2748
2.2097
2.1511
2.0941
2.0446
1.9989
1.9751
1.9762
1.9806
1.9909
2.0045
2.0222
2.0416
2.0665
2.0989
2.1294
2.1615
2.1894
2.2172
2.2444
2.2711
2.2942
2.3125
2.3269
2.3389
2.3489
2.3539
2.3595
2.3655
2.3696
2.3719
2.3767
2.3778
2.3816
2.3833
2.3818
2.3788
2.3755
2.3721
2.3673
2.3592
2.3505
2.3482
2.3547
2.3622
2.3838
2.4149
2.4563
2.508
2.5615
2.6174
2.6783
2.7504
2.8248
2.9076
2.9872
3.0619
3.1317
3.1974
3.2579
3.3129
3.3625
3.4066
3.4515
3.4942
3.5321
3.565
3.5931
3.6163
3.6369
3.6587
3.678
3.6929
3.7058
3.7153
3.7196
3.7234
3.7251
3.7235
3.7169
3.707
3.6965
3.6816
3.667
3.6531
3.6359
3.6162
3.5964
3.5787
3.5638
3.5544
3.5497
3.5445
3.545
3.5667
3.591
3.6212
3.6491
3.6767
3.705
3.736
3.773
3.8078
3.8426
3.8755
3.9063
3.9368
3.9644
3.9918
4.0174
4.0389
4.0554
4.0668
4.0789
4.0858
4.0892
4.0896
4.0845
4.076
4.065
4.0485
4.0265
3.9988
3.9681
3.933
3.8934
3.8507
3.8063
3.7589
3.7108
3.6615
3.6119
3.5608
3.5053
3.4506
3.3964
3.3415
3.2865
3.2356
3.1831
3.1361
3.0915
3.0563
3.0249
2.9978
2.9742
2.96
2.9493
2.9525
2.9636
2.9727
2.9816
2.9884
2.9913
2.992
2.9887
2.9811
2.9708
2.9584
2.9431
2.9251
2.9069
2.8873
2.8636
2.8373
2.8067
2.7721
2.7362
2.6985
2.6599
2.617
2.5709
2.5235
2.4784
2.4322
2.3877
2.3467
2.3036
2.2578
2.2187
2.1963
2.1828
2.1752
2.1718
2.1724
2.1842
2.2273
2.2735
2.3172
2.3581
2.4041
2.4523
2.5032
2.555
2.6117
2.6648
2.7163
2.7641
2.8088
2.8506
2.8924
2.9329
2.9688
3.0008
3.0295
3.0536
3.0733
3.0885
3.101
3.1091
3.1124
3.1111
3.1069
3.0988
3.0861
3.0698
3.0538
3.0376
3.0222
3.0031
2.9817
2.9614
2.9398
2.9153
2.8871
2.8604
2.8323
2.8078
2.7937
2.7803
2.7779
2.7761
2.783
2.7935
2.814
2.8402
2.8739
2.9203
2.9673
3.0164
3.0661
3.117
3.1764
3.2328
3.2882
3.3405
3.3928
3.444
3.497
3.547
3.5933
3.6359
3.6748
3.7101
3.7419
3.7714
3.7972
3.8194
3.838
3.8564
3.8728
3.8869
3.8998
3.9092
3.915
3.9171
3.9157
3.9106
3.902
3.8897
3.8744
3.8566
3.8352
3.8104
