3.477	5.513	2.62	3.477	2.061	8.244	7.431	4.537	4.465	3.748	13.861	9.358	8.064	8.064	6.592	15.221	2.62	3.477	6.183	6.05	4.316	5.081	4.316	12.537	12.615	4.122	5.968	15.883	14.697	8.984	9.917	8.65	2.492	13.66	9.41	4.316	5.513	10.337	4.95	3.477	6.931	8.65	2.492	3.748	7.733	3.57	4.983	12.871	1.512	4.679	0.572	2.061
3.748	5.239	1.98	6.183	8.401	2.492	3.501	6.183	2.1	4.201	11.902	0.99	4.983	5.716	0	9.616	2.061	3.748	6.301	3.477	2.62	0	4.983	6.739	2.1	2.8	9.2	3.501	3.183	6.86	2.492	6.301	4.537	16.102	1.143	1.715	3.477	0.99	2.62	5.601	4.573	2.492	6.301	0.7	2.858	4.201	2.8	3.025	10.502	7.001	2.62	4.573
8.204	6.223	3.03	4.428	0.808	2.915	1.497	4.266	2.505	3.563	2.077	8.165	2.294	3.218	2.707	4.413	3.528	2.657	2.611	14.511	2.294	2.538	2.582	4.796	2.398	8.804	3.402	6.879	4.457	5.728	4.278	10.894	6.86	4.81	3.674	6.58	3.017	2.899	2.962	6.345	4.185	4.755	4.505	5.292	5.888	2.207	5.189	7.832	3.294	3.931	3.157	5.338
2.425	3.17	2.357	5.659	3.43	4.391	5.623	3.908	4.573	3.271	1.808	2.957	3.284	3.66	4.072	2.195	4.942	4.353	2.957	3.382	4.942	6.123	5.27	5.423	9.235	1.715	4.876	2.041	3.078	0.948	2.041	5.995	5.68	2.915	4.278	1.808	2.195	2.475	5.137	4.465	6.123	2.8	3.835	3.078	4.501	3.271	4.306	9.68	2.915	3.908	4.528	3.382
2.195	2.957	5.564	6.907	0.99	4.876	7.117	0.948	4.95	3.271	4.042	4.072	6.518	15.767	7.365	3.991	7.32	7.019	6.229	8.284	7.117	5.564	5.623	8.555	2.97	9.751	1.278	2.62	4.876	6.931	3.705	9.323	2.915	3.66	2.727	4.201	5.716	0.808	8.893	7.253	4.162	4.042	2.357	2.604	5.851	4.537	3.078	2.492	3.66	4.748	6.925	4.783
3.991	6.333	2.041	6.733	4.455	5.83	0.948	4.501	8.782	1.715	8.683	4.042	9.785	9.02	6.077	2.681	3.131	3.284	4.201	4.152	3.17	7.669	3.835	6.016	6.543	10	1.246	6.123	0.99	10.333	2.425	2.62	3.558	2.62	4.042	0.572	3.333	3.465	3.17	3.824	5.858	6.877	2.041	0.495	1.896	3.748	4.528	3.465	2.604	5.016	1.485	2.62
2.457	2.557	6.961	2.557	4.033	0.409	1.476	1.831	4.095	1.876	2.866	5.629	1.083	6.304	1.476	2.047	2.739	0.409	0.709	2.974	2.866	0.819	1.083	0.409	4.054	0.409	0.709	2.953	3.906	4.722	3.639	0.709	6.703	3.198	2.128	4.033	1.418	4.333	12.064	2.685	0.409	4.965	5.463	1.876	4.156	2.167	1.228	0.709	2.557	1.083	4.033	3.276
2.937	7.294	8.347	9.064	3.997	13.729	7.158	7.294	10.84	7.902	7.712	6.785	3.178	8.183	6.167	10.581	4.82	3.597	4.676	9.886	4.368	3.401	4.537	4.516	5.078	3.705	4.587	3.284	6.167	6.545	4.717	4.505	3.796	7.654	5.164	17.005	15.758	4.779	7.194	8.092	9.691	12.473	16.576	13.726	32.751	17.583	13.146	6.238	11.502	13.521	4.293	11.003
5.63	2.061	2.1	4.001	3.57	2.492	0.572	1.4	1.715	4.465	4.95	2.8	1.143	4.201	2.62	11.202	4.901	0.7	5.601	2.8	7.497	3.43	3.57	4.201	1.143	7.001	1.4	6.023	8.401	2.061	2.061	4.465	2.1	7.859	9.101	2.287	2.62	3.183	0.7	3.748	4.201	6.592	4.983	17.61	2.8	4.901	6.493	4.001	2.061	2.492	1.4	1.512
4.465	1.383	2.896	3.702	3.365	7.115	4.019	5.136	5.584	3.386	3.976	3.55	5.157	3.511	4.729	5.688	3.895	5.724	7.921	3.354	5.84	5.915	6.247	5.211	6.733	4.195	3.792	8.28	7.938	4.256	3.528	3.075	3.083	2.939	7.148	4.099	3.853	2.011	1.687	3.386	4.148	4.517	3.468	1.176	2.214	2.643	2.721	2.92	2.664	2.203	4.385	1.183
8.325	10.492	6.809	5.486	13.708	2.258	6.432	4.644	6.73	5.874	4.769	5.286	3.997	7.877	4.406	5.965	4.177	8.563	7.057	4.372	3.705	3.936	4.612	7.222	10.112	5.965	5.799	4.338	2.747	6.945	4.395	5.644	5.078	5.304	3.387	6.766	4.871	9.791	4.8	4.696	4.676	6.167	9.901	5.841	5.705	9.382	10.967	6.605	7.343	9.101	14.193	8.733
7.427	4.106	5.202	7.323	9.382	8.626	3.894	6.149	4.142	9.323	5.965	4.266	9.191	6.928	7.618	5.79	10.7	9.876	5.378	8.586	10.373	14.025	6.386	8.664	11.827	11.761	4.587	3.86	3.931	3.83	4.907	4.293	7.473	3.239	8.388	3.633	6.597	4.165	6.558	6.143	5.53	8.019	4.505	5.863	7.341	7.001	4.046	3.744	5.899	7.584	7.029	6.793
4.259	7.939	5.495	6.737	6.737	4.82	2.053	6.401	4.921	5.618	6.363	6.766	3.019	5.627	4.665	4.338	9.272	8.911	5.304	7.429	1.627	5.164	4.118	4.372	3.542	5.486	3.328	3.611	2.279	2.835	6.664	6.301	5.313	2.675	2.258	2.485	4.505	4.83	9.861	9.403	9.314	5.575	1.502	2.214	2.364	4.931	10.677	12.267	6.238	7.329	3.458	6.59
15.382	21.553	7.347	9.074	18.772	8.953	11.431	20.141	13.857	15.408	14.381	14.934	16.329	13.997	13.425	7.323	12.995	14.628	11.427	20.548	6.756	12.732	12.955	11.618	7.453	11.659	7.558	8.463	11.47	14.096	11.318	9.985	6.785	10.769	5.589	9.538	23.319	8.66	14.248	17.775	16.984	12.003	12.42	11.365	8.06	8.848	18.937	5.957	9.691	10.232	9.429	11.809
6.831	8.997	2.459	6.5	2.783	2.632	2.294	5.93	3.911	3.894	2.459	7.453	3.847	4.81	7.586	7.56	5.387	5.866	6.212	7.661	6.345	8.323	5.411	5.142	3.792	5.67	15.399	4.907	9.233	11.942	12.628	8.204	8.754	8.532	8.084	7.635	16.954	5.45	3.931	18.048	5.719	5.049	5.276	15.408	14.854	15.989	21.343	6.285	9.546	18.243	12.149	16.007
11.518	12.028	5.016	6.636	7.519	5.851	20.806	2.041	4.316	4.042	4.609	3.705	11.274	13.197	7.426	7.977	11.007	12.766	9.801	6.391	2.139	9.747	10.556	9.646	7.775	1.617	1.691	2.915	2.195	5.851	16.498	2.604	15.862	7.382	2.556	6.365	11.881	18.523	4.072	18.209	26.877	4.042	1.715	3.382	8.57	3.37	1.617	24.766	14.738	0.808	2.727	2.425
4.743	5.622	4.385	10.976	6.061	13.538	10.753	6.351	7.292	7.127	7.784	6.994	3.978	8.272	7.868	14.369	6.954	5.436	6.061	8.264	7.497	7.811	6.701	4.997	8.371	12.882	4.932	9.09	3.218	5.438	6.679	8.448	9.443	6.453	5.613	6.096	6.585	3.796	11.365	9.964	14.244	4.913	3.996	3.172	1.846	8.183	10.707	11.301	7.879	5.479	2.128	6.365
3.654	2.479	2.479	2.852	2.045	2.582	3.727	2.842	2.707	3.116	2.021	1.922	5.863	3.009	2.994	3.687	2.077	3.944	3.679	6.578	4.907	7.397	2.711	4.078	5.572	5.375	4.624	6.498	7.441	6.438	4.138	2.294	4.122	2.229	5.301	3.865	5.696	6.568	1.143	2.454	3.254	1.955	3.809	6.191	3.881	1.457	2.646	2.229	1.332	3.416	6.831	3.497
3.157	7.661	13.527	4.383	9.435	7.336	4.312	5.087	9.04	7.156	13.234	8.731	6.669	6.587	6.052	4.138	15.154	10.719	10.321	9.409	8.038	6.617	4.383	8.647	6.85	9.505	6.5	5.313	5.796	6.429	14.462	9.73	9.721	6.49	6.888	3.83	1.457	4.042	6.61	6.669	6.399	12.955	4.138	2.139	3.338	1.922	2.505	6.181	7.712	4.142	4.126	4.837
0.495	0.542	2.675	2.146	1.799	1.213	3.501	2.1	1.904	1.904	0.886	1.085	1.502	3.873	1.291	2.747	2.146	1.502	3.528	3.052	1.98	1.129	3.524	5.258	2.8	3.003	1.291	3.358	2.657	1.291	1.129	0.886	2.524	2.053	2.582	4.871	10.445	2.8	1.715	1.129	1.627	3.003	5.267	2.364	5.841	2.675	2.146	0.886	1.657	4.165	2.465	2.485
4.884	4.316	8.421	6.739	1.4	9.616	6.592	6.023	9.101	7.497	0.7	0.7	0.99	3.183	1.4	8.401	3.57	3.501	3.477	1.715	4.679	4.465	4.537	6.05	9.917	1.512	2.8	2.1	0.572	0.572	2.62	3.025	0.99	3.183	0	0.7	7.475	3.183	6.592	1.98	4.122	2.1	2.1	11.202	8.874	7.941	1.512	13.908	2.8	8.984	10.494	7.691
10.35	7.867	16.133	9.128	15.345	1.543	11.809	10.029	10.933	17.439	19.373	11.674	9.374	14.141	9.532	2.227	8.886	12.692	12.793	6.531	8.356	10.426	11.529	19.592	18.579	13.568	3.086	12.534	26.736	15.81	10.54	9.236	4.341	4.94	19.953	14.617	18.938	33.712	18.197	13.384	7.223	3.814	13.728	15.64	8.243	11.338	7.182	16.467	16.225	6.561	14.239	13.473
0.948	2.139	2.34	0	0	1.715	0.948	0.808	0.948	4.465	0.99	3.738	3.271	3.131	1.799	2.835	2.681	1.896	5.137	4.573	3.738	6.907	0.495	1.617	1.715	4.783	0.572	1.485	1.98	0.948	3.558	2.195	2.195	2.195	1.715	3.271	3.524	1.4	1.691	0.948	1.691	5.564	3.078	4.528	7.289	2.915	7.936	3.37	3.284	5.968	3.835	5.393
3.43	0	0.99	0	0	1.143	0.572	0.572	0.572	1.512	0.572	1.4	0	1.715	0	0.572	0	0.7	0.7	0	0.7	0.7	0	0.572	0	0.572	0.7	1.143	0.572	0.99	3.183	2.1	0	0.572	0.7	0	0	0.99	0.572	1.512	0.572	1.4	1.4	3.57	4.201	5.601	7.024	4.201	4.679	4.201	5.513	4.201
6.087	4.717	5.67	7.343	5.575	5.662	6.515	5.883	6.693	6.553	13.833	6.809	4.8	3.387	7.777	5.313	3.314	7.964	9.522	7.939	5.35	4.676	4.769	6.087	5.539	6.394	3.809	2.279	5.748	2.465	3.239	1.291	2.524	6.207	5.899	6.238	3.019	5.405	2.582	2.322	3.665	6.766	1.98	3.019	5.982	3.923	4.046	4.395	2.937	3.898	5.405	5.304
7.859	3.183	19.207	3.57	6.183	7.001	8.984	0.99	5.239	10.305	7.14	0.572	20.745	5.968	8.104	7.024	27.599	5.513	17.721	13.719	4.465	7.431	5.968	9.616	13.612	33.881	3.96	16.036	5.601	3.501	4.901	10.478	30.618	7.163	3.43	0.7	0	4.95	20.603	0.572	23.103	7.859	3.43	12.769	1.512	1.143	0	6.301	8.536	16.841	0.7	2.1
4.058	4.293	1.852	2.8	3.638	3.731	3.052	4.779	1.565	1.93	2.747	6.605	7.455	6.119	4.282	5.029	3.401	4.177	2.747	2.146	2.92	3.809	3.472	3.678	3.96	3.239	3.1	1.565	2.053	2.1	4.293	4.97	7.84	5.495	4.428	5.378	4.428	9.64	2.887	4.98	7.586	12.339	1.627	3.254	5.748	4.224	3.638	1.085	3.284	4.118	3.052	2.563
2.061	3.991	3.873	4.769	8.084	6.385	8.18	11.461	9.979	12.297	5.965	3.66	4.501	3.824	4.679	3.638	8.57	8.025	8.455	2.357	4.528	9.584	10.37	4.98	7.094	10.832	12.55	4.748	4.942	14.827	10.141	7.32	21.385	3.501	5.899	4.528	4.876	3.458	11.447	4.876	8.758	8.459	5.575	6.764	8.104	9.272	6.83	10.797	4.74	4.95	5.659	8.789
6.809	6.664	2.97	9.351	5.211	11.127	4.644	4.224	8.062	8.153	5.126	6.316	4.201	3.597	6.079	7.701	5.539	4.881	9.219	2.852	2.852	5.396	8.086	6.363	8.086	9.497	2.835	8.266	4.395	5.267	4.82	6.127	6.417	6.127	8.195	3.178	4.728	6.53	1.904	5.211	1.904	7.56	6.62	3.997	3.923	2.711	8.36	2.485	4.569	3.254	3.528	5.773
8.384	9.635	21.663	11.744	21.208	19.515	23.289	21.73	6.952	10.562	11.431	12.551	9.512	16.706	9.766	7.871	9.826	10.063	17.192	10.792	5.495	12.524	7.921	15.006	9.171	14.027	1.93	10.131	7.389	4.516	4.85	5.731	5.192	2.465	15.329	13.737	10.967	5.22	5.486	9.429	4.395	8.789	7.455	14.211	11.341	11.525	3.003	3.77	5.396	6.838	11.483	9.251
4.282	3.084	4.082	4.165	6.98	2.835	6.909	4.118	6.59	7.586	6.262	2.675	7.323	5.705	5.618	4.676	5.359	20.247	3.597	5.35	8.36	7.56	3.003	3.458	6.627	4.8	9.064	1.129	3.239	3.898	4.779	7.964	2.8	3.239	5.173	5.286	2.465	16.081	5.078	14.736	5.874	2.279	2.747	3.43	6.119	7.242	21.08	12.146	7.56	5.705	2.582	5.359
7.624	8.236	7.553	6.177	6.436	6.103	4.931	6.693	5.627	3.019	8.563	5.423	6.802	2.485	4.23	4.516	5.618	5.67	8.872	4.644	4.455	3.078	8.145	5.713	3.86	13.474	6.657	14.009	14.221	16.575	4.728	6.177	5.267	10.769	3.809	8.086	3.936	4.45	10.583	4.461	2.675	3.328	9.716	4.23	5.304	11.785	16.954	4.74	2.425	4.921	4.042	8.872
7.629	7.276	4.796	9.546	7.02	14.05	9.815	5.719	8.06	4.577	8.98	10.416	10.602	6.705	9.031	13.899	6.5	7.341	10.486	7.72	8.534	6.737	9.351	8.723	6.306	10.008	4.587	3.633	5.365	3.944	7.882	3.579	3.11	4.293	3.279	6.181	5.58	8.468	8.586	6.639	5.65	6.498	4.947	5.074	6.467	9.009	5.627	6.417	15.61	3.472	3.931	3.597
13.366	10.571	9.686	13.06	14.104	8.646	11.3	15.09	11.099	6.972	5.423	11.329	2.727	10.447	9.002	16.416	9.646	9.445	9.735	11.362	9.002	9.428	11.673	7.853	9.735	13.169	3.991	2.357	3.66	1.715	3.382	3.991	2.492	3.37	2.858	3.239	7.453	0.572	0.495	0.948	2.604	2.681	1.617	30.474	26.633	21.224	9.814	4.072	6.586	8.14	24.205	22.128
11.237	13.109	5.745	9.325	10.227	8.43	7.714	8.772	11.617	15.456	6.262	8.219	9.371	9.886	14.875	18.672	12.082	11.324	14.674	13.925	10.608	14.845	7.871	10.206	8.254	14.044	11.974	8.669	23.711	10.178	27.318	21.272	20.538	21.182	3.43	5.208	11.056	16.656	14.221	25.024	10.814	19.726	7.47	11.189	13.925	22.21	16.851	12.966	11.183	18.681	15.507	14.427
8.922	6.378	2.887	5.799	9.304	13.143	11.034	5.304	7.296	6.159	5.705	6.987	5.731	3.43	6.355	7.085	6.127	6.515	4.82	6.679	8.031	3.744	5.396	6.047	4.259	3.997	3.501	2.852	3.611	4.35	6.945	3.611	2.485	3.178	2.711	5.957	4.779	3.923	1.502	8.546	3.239	3.003	6.53	3.472	3.86	7.022	4.259	3.254	4.461	4.35	8.727	3.052
6.86	5.486	5.313	9.847	9.047	4.931	1.904	3.597	3.611	2.957	4.676	3.809	7.174	4.881	2.195	5.68	3.501	4.505	3.665	5.968	7.208	7.939	3.86	1.799	4.483	6.207	2.524	1.715	3.37	6.183	5.304	3.57	2.1	0.572	0.808	1.085	1.485	7.057	4.74	9.038	3.17	1.129	0.495	0.948	1.852	3.084	4.306	2.604	2.97	1.502	0.948	4.118
15.249	8.614	6.766	15.409	9.666	9.736	9.04	6.802	11.601	4.046	4.591	12.974	7.56	12.485	8.212	7.036	3.401	6.406	8.664	7.242	7.686	12.154	7.429	5.359	7.429	6.188	4.118	3.314	4.126	4.417	7.105	5.748	3.338	8.563	8.242	7.05	6.363	6.301	9.916	5.539	13.401	8.894	9.934	5.659	10.136	4.84	11.61	8.828	12.373	10.313	7.036	6.324
1.627	1.627	2.146	3.638	3.923	4.259	4.8	3.997	1.129	2.146	1.904	1.502	5.583	5.998	3.052	3.96	1.93	2.425	2.582	2.92	3.328	6.401	1.502	7.188	3.96	2.322	1.852	2.053	4.881	1.627	3.239	3.638	1.799	5.211	3.052	3.528	1.904	0.886	2.92	4.235	1.502	4.282	5.164	3.131	5.359	2.465	1.291	1.213	1.469	1.904	2.279	1.4
2.62	6.477	6.98	5.748	5.049	4.83	7.521	5.313	4.235	2.384	4.569	5.575	11.47	4.676	4.871	2.97	8.5	5.644	5.359	10.107	6.401	8.296	8.756	7.65	5.078	4.83	6.737	4.235	2.8	9.481	4.559	6.363	2.835	4.046	5.713	5.359	2.053	4.046	3.003	3.936	5.756	12.267	3.542	6.945	6.477	7.656	6.199	7.442	6.845	5.883	11.003	10.855
4.369	2.994	2.792	3.692	5.601	4.195	3.736	2.203	3.937	2.962	3.063	3.792	2.454	4.099	2.171	2.733	3.96	4.228	5.842	6.391	4.778	3.698	5.362	2.883	4.459	2.907	2.962	7.33	5.785	2.425	7.308	4.082	3.822	5.081	5.525	2.8	4.071	7.269	2.015	4.343	4.364	2.139	4.38	5.221	2.556	3.153	3.101	4.717	4.077	5.039	3.779	3.416
14.825	11.601	11.289	10.417	13.254	9.219	4.769	6.642	4.676	10.837	7.495	4.118	6.159	8.517	5	4.45	7.194	3.809	10.832	5.998	4.717	6.881	5.097	7.964	5.068	8.086	3.898	5.45	5.378	8.134	2.852	4.98	3.997	7.208	4.717	2.485	1.291	5.068	10.878	9.522	13.383	7.714	1.852	10.608	10.539	7.242	25.461	20.114	17.808	15.46	12.179	15.826
6.691	8.498	2.604	6.691	3.877	5.262	2.604	9.868	10.301	3.991	4.528	6.617	10.113	1.143	6.586	2.915	6.157	6.782	1.246	3.824	2.041	5.505	5.073	4.714	6.907	3.877	2.061	4.23	4.306	1.485	3.524	0.948	3.705	2.681	1.512	8.631	5.505	3.524	2.061	1.246	1.808	5.324	0.948	8.87	4.23	4.152	3.271	7.276	1.246	11.3	12.38	2.425
8.183	6.127	3.019	7.752	10.034	11.215	5.67	8.671	7.16	7.495	8.872	7.995	6.802	21.755	11.91	13.658	4.8	7.964	16.29	9.701	5.173	16.68	5.116	8.727	13.872	5.883	7.84	16.881	7.057	8.705	9.118	9.074	29.838	6.845	5.756	9.429	7.682	5.965	3.705	5.998	4.717	6.363	5.965	1.502	3.597	2.563	2.92	5.575	2.835	5.998	3.528	2.485
5.832	9.985	5.756	6.246	5.359	7.409	3.387	7.56	7.527	3.387	6.127	5.359	8.839	10.837	6.316	7.97	7.624	8.242	6.62	5.35	8.031	4.516	6.378	6.401	6.693	6.285	2.887	3.77	2.937	3.387	4.35	9.304	5.164	3.1	2.675	7.363	9.486	13.105	3.358	3.809	4.8	6.952	4.293	10.256	7.091	15.006	3.401	3.387	1.657	15.664	8.242	8.401
10.882	2.258	4.881	3.638	3.638	2.937	3.472	7.16	7.174	7.933	2.146	2.711	3.611	3.1	3.501	4.676	2.384	3.731	1.129	4.395	6.788	2.937	5.405	5.583	1.904	6.103	8.592	4.165	5.019	6.802	9.085	7.16	10.742	4.623	2.675	3.052	3.835	2.524	9.816	4.118	7.363	6.98	3.178	3.019	1.657	5.378	13.514	5.705	5.539	4.559	2.053	5.211
11.852	4.395	5.396	5.998	3.528	2.675	5.211	7.688	10.631	2.675	4.95	4.142	5.583	4.98	3.019	0.886	5.644	3.597	6.809	4.118	3.254	5.486	2.485	0.886	5.378	6.316	4.717	5.35	8.982	4.591	2.485	8.534	6.159	6.127	6.262	2.937	3.162	13.897	9.751	4.461	8.867	7.877	2.937	6.087	4.106	7.908	6.394	6.664	5.116	3.96	4.282	4.769
10.24	10.742	13.655	10.516	5.627	11.597	5.93	13.61	16.487	6.627	12.158	9.916	8.789	8.044	14.151	11.231	11.092	6.53	11.58	11.431	4.921	11.744	13.851	11.559	3.501	19.083	9.526	11.546	6.917	5.359	10.912	9.235	8.955	16.124	11.597	9.004	11.778	12.996	5.267	10.488	15.12	11.769	9.414	4.82	8.982	9.492	11.601	7.592	9.02	8.756	12.195	6.028
9.861	3.809	4.696	2.1	8.104	4.046	4.461	4.058	5	1.93	2.465	7.815	10.375	3.328	7.56	6.59	4.118	5.748	2.852	4.717	5.313	6.838	6.223	7.255	5.068	3.162	8.212	9.085	6.909	10.905	13.109	3.314	5.116	5.899	8.195	9.481	8.147	4.406	5.957	5.396	3.084	6.079	8.092	4.118	8.195	3.611	5.874	9.064	5.832	3.387	5.941	2.524
4.644	4.769	2.887	1.4	2.287	2.604	1.771	3.271	2.711	3.524	1.129	2.835	6.401	7.809	8.721	5.173	2.425	3.234	1.246	1.771	3.17	1.715	7.775	5.359	4.528	3.638	4.001	17.357	2.195	3.078	1.291	1.246	4.942	2.279	9.435	31.893	6.909	6.766	1.808	10.981	4.728	1.771	12.689	24.836	11.652	12.648	2.582	3.284	8.259	6.536	17.118	14.635
4.634	4.357	5.104	3.415	4.407	3.358	4.059	4.517	5.65	4.413	6.453	2.193	2.258	4.01	3.809	2.547	2.405	5.126	7.11	2.847	3.786	4.891	6.49	6.283	4.974	5.35	4.312	4.042	7.131	11.352	13.412	5.103	10.878	9.993	11.061	7.871	4.619	2.582	8.151	6.647	6.417	5.483	4.573	4.266	5.807	3.881	7.499	8.649	5.113	2.962	1.457	5.896
0.443	1.715	0	0	1.328	1.328	1.328	0.443	0.886	0.542	0.443	0.542	0.443	0.443	0	1.085	0.443	0.443	0.443	0.886	0	0.443	0	0.542	0.443	0.886	6.737	2.146	1.502	3.019	5.799	5.239	4.921	5.756	0.828	0.542	0.542	0.886	0.443	0.828	0.443	1.291	0.542	1.085	0.542	0.542	1.771	0.886	0.886	0.443	0.542	1.627
2.485	7.022	3.665	2.169	3.873	1.715	2.053	3.528	4.058	3.985	3.96	5.468	2.657	6.316	3.178	3.96	5.126	3.638	3.284	4.559	3.003	1.502	2.92	2.258	5.211	4.282	8.236	6.262	6.127	3.472	5.468	4.728	6.802	9.701	2.485	5.539	4.461	0.886	5.832	7.119	4.022	5.164	3.923	4.505	2.675	3.1	4.559	8.586	2.384	4.98	4.082	2.1
4.259	4.35	5.787	3.458	4.569	4.98	2.465	3.528	2.279	4.769	3.86	4.569	4.8	1.502	3.387	1.129	1.904	3.401	2.657	3.178	7.103	1.502	4.676	4.35	4.082	4.293	1.771	9.96	3.003	3.638	2.322	7.091	3.744	1.93	3.997	1.291	3.936	6.545	1.502	4.259	9.356	3.528	12.826	1.93	5.832	5.126	4.82	7.995	3.314	3.873	5.486	4.316
5.097	3.358	3.731	2.582	4.35	3.997	3.178	3.985	3.084	4.106	4.901	2.937	2.384	3.501	6.62	4.282	5.601	2.92	3.162	5.67	4.106	4.483	4.591	5.332	3.611	3.96	3.809	4.921	5.495	4.118	5.359	4.282	3.611	5.957	7.153	3.162	3.936	6.86	3.239	8.056	5.068	3.809	7.624	4.881	2.563	2.322	1.852	5.019	2.279	4.142	2.384	0.542
5.313	5.916	10.755	3.019	8.177	6.119	7.001	6.103	7.022	8.325	5.982	6.809	1.328	7.877	12.057	3.358	7.521	7.071	11.127	5.267	6.285	6.917	8.331	8.699	5.486	5.267	4.106	6.874	2.937	3.923	4.118	9.304	10.251	4.696	3.809	3.472	3.358	1.469	3.239	7.846	9.419	12.687	2.384	4.106	3.873	7.605	19.422	15.789	16.852	19.495	4.97	4.769
3.779	3.898	5.987	2.613	6.285	4.97	2.479	3.96	3.51	5.116	1.469	4.672	3.985	6.98	2.322	4.224	2.852	3.1	3.084	3.003	4.282	3.254	6.538	6.047	5.396	4.022	5.078	4.232	2.657	2.229	5.35	2.777	3.923	5.036	4.395	8.705	5.58	11.384	4.395	3.894	5.965	6.095	6.872	5.787	13.469	15.655	5.486	5.705	3.1	1.502	3.611	6.238
2.915	3.084	3.382	4.381	2.8	4.748	6.016	4.942	4.921	3.558	0.572	1.691	1.98	3.382	1.896	1.715	2.139	1.246	3.065	2.425	2.041	3.254	6.715	6.207	3.649	1.691	2.357	3.465	4.306	4.23	5.446	4.528	2.041	5.941	2.195	15.296	5.542	4.644	2.34	1.485	3.17	2.8	4.528	5.67	0.808	0.99	6.782	7.962	5.262	1.98	7.812	9.747
17.721	2.139	3.66	4.042	5.542	10.333	12.126	7.065	3.558	4.001	1.691	3.877	1.691	8.084	14.173	18.723	3.465	3.615	4.23	5.453	5.324	5.63	5.659	2.061	4.201	4.528	3.908	11.49	7.859	3.524	5.716	1.874	2.475	3.705	4.23	11.04	12.563	4.808	4.942	2.8	2.492	6.586	7.962	30.046	14.279	27.061	2.957	8.099	7.982	6.733	8.299	13.609
11.769	11.491	6.647	10.245	6.845	9.666	3.936	8.949	8.43	8.534	11.601	5.495	5.078	3.936	11.852	10.346	11.258	6.401	6.103	4.058	11.289	16.528	12.71	12.255	5.816	7.952	11.66	4.769	5.116	12.134	13.383	10.384	12.346	10.256	10.227	4.676	7.422	16.2	8.993	7.242	6.917	12.776	9.047	6.47	7.389	7.989	11.092	8.783	5.618	9.382	3.597	11.976
6.177	5.995	5.211	2.563	4.559	6.978	1.485	2.852	6.838	3.052	4.748	5.68	8.5	5.073	3.558	3.796	5.385	4.353	6.764	2.937	5.941	9.88	5.53	5.799	6.627	8.086	6.586	4.98	5.851	3.57	7.248	6.907	3.387	8.323	2.279	7.714	2.675	3.835	5.385	9.574	8.906	6.925	7.376	9.341	12.239	7.89	8.206	3.908	2.139	13.154	8.062	9.916
7.255	7.05	5.304	4.058	8.532	6.238	9.462	5.705	8.631	4.306	5.965	4.35	7.733	4.591	5.192	3.748	4.917	4.612	6.143	8.18	2.957	4.612	4.293	7.071	4.082	9.548	8.982	8.354	6.515	11.652	9.341	5.68	11.078	4.98	5.495	4.67	7.54	8.938	15.488	10.631	5.22	5.841	4.082	4.623	5.799	13.755	7.624	6.123	5.575	5.575	7.733	7.936
2.492	2.258	2.364	2.279	4.042	2.563	5.396	4.046	4.516	2.887	1.469	3.078	2.041	3.328	2.563	2.485	3.985	4.046	3.458	2.887	2.844	3.084	3.558	3.1	1.771	1.715	1.246	2.061	2.97	6.477	3.796	2.844	1.808	2.915	7.242	2.169	6.432	14.545	7.939	2.139	2.053	3.611	2.061	3.908	4.072	6.324	7.669	5.627	3.178	7.293	0.948	3.66
13.042	4.569	6.432	13.191	6.508	9.512	4.106	6.285	5.627	8.442	5.662	9.635	8.206	31.567	4.779	4.8	2.937	9.686	7.455	2.97	8.894	5.359	10.585	7.276	14.96	8.122	8.354	11.728	8.195	6.657	4.95	2.92	18.278	8.603	6.363	14.183	32.364	11.512	9.564	4.165	14.082	18.382	6.545	7.527	30.919	27.714	15.345	14.009	11.427	31.463	11.786	24.54
4.306	8.099	3.877	3.991	3.738	6.978	3.333	4.528	2.604	3.37	2.485	8.646	9.371	8.14	7.426	2.62	4.942	4.152	8.979	6.931	7.962	3.271	6.333	5.423	3.738	6.314	5.941	5.716	6.288	5.137	6.788	8.874	2.844	2.425	3.131	5.324	4.876	10.431	4.528	6.617	2.62	3.271	6.183	10.694	6.877	7.065	12.445	3.738	5.137	2.604	9.714	6.077
0.7	4.537	6.493	10.502	14.495	10.587	8.874	9.751	9.616	10.861	15.37	15.914	7.431	0.572	4.537	10.4	15.914	4.901	13.073	17.61	4.465	7.298	13.861	6.05	7.562	16.209	13.443	9.358	4.001	5.968	7.941	13.148	4.316	3.501	10.502	8.536	5.601	4.001	5.239	4.884	2.492	7.163	9.917	10.305	4.884	7.701	4.884	0.99	6.365	6.931	3.748	4.001
5.916	2.041	2.92	4.728	5.145	4.058	5.832	6.103	5.832	4.455	3.162	0.886	1.98	1.291	0.886	2.053	1.904	0.495	0.542	0.542	2.97	0.886	1.4	1.4	1.291	1.657	4.235	6.895	5.173	6.737	4.528	9.965	10.814	1.691	12.358	7.442	4.931	2.852	3.678	3.254	5.505	4.921	6.157	1.771	2.322	3.358	4.67	6.693	6.314	4.395	2.053	5.396
6.809	11.736	2.485	3.465	2.727	2.858	3.131	6.21	5.557	3.542	5.078	4.316	5.564	1.874	7.222	3.333	6.543	2.061	4.876	5.192	5.924	3.1	3.271	6.177	4.6	5.713	8.646	3.738	7.255	3.284	9.934	3.131	2.844	4.001	5.662	6.016	6.907	7.337	1.246	2.62	5.713	3.731	8.001	5.137	18.705	9.435	13.045	10	8.023	4.609	4.165	9.96
1.502	0.99	2.675	0.828	0.886	1.291	1.565	1.657	1.93	4.676	3.458	3.638	6.679	1.98	3.178	0.542	0.828	2.92	3.003	1.657	1.904	2.465	4.82	0.443	3.052	5.049	9.356	5.313	3.019	4.082	19.819	3.809	4.338	14.037	4.612	4.293	4.293	5.304	3.501	4.98	9.46	3.678	4.717	3.796	2.657	3.458	3.458	3.003	11.757	4.235	6.515	9.118
4.537	5.081	4.884	11.26	8.303	1.512	5.145	8.003	5.239	3.183	6.183	13.369	10.162	8.929	4.537	3.96	5.453	4.884	1.512	6.05	2.97	6.954	3.43	0	3.025	2.287	9.146	2.62	2.061	10.337	5.63	2.287	7.024	1.512	5.239	3.43	4.001	13.073	6.183	7.497	2.061	2.492	13.515	8.401	7.298	10.587	3.43	1.512	4.884	1.512	4.001	2.061
4.106	2.214	4.591	6.874	6.909	6.087	4.917	9.836	2.852	3.254	6.59	8.894	3.923	7.656	7.057	6.788	5.79	9.272	11.189	0.542	3.314	6.62	4.559	6.62	3.923	4.338	4.921	9.112	12.803	5.332	27.79	22.353	24.064	14.096	8.955	5.998	4.728	5.359	4.395	7.637	4.461	5.359	8.922	3.597	5.748	6.039	7.188	3.597	10.492	4.046	6.62	6.802
4.609	9.479	10.602	17.831	13.21	14.014	2.97	8.669	8.613	5.393	23.402	16.297	4.748	14.337	16.535	14.563	13.098	23.107	10.016	14.983	15.944	2.556	19.233	16.712	19.736	10.633	11.418	5.738	5.83	4.983	12.126	20.853	4.528	6.782	3.078	2.195	11.036	4.316	10.178	8.303	11.936	12.663	7.812	8.459	6.436	11.895	14.994	14.153	13.576	3.705	2.957	9.835
8.296	23.789	18.184	12.582	7.624	6.401	12.086	13.313	19.037	8.147	5.267	10.351	6.363	13.09	12.571	7.592	5.557	12.065	4.8	14.131	6.143	9.455	8.195	13.978	7.65	22.179	9.916	26.939	18.986	38.535	17.382	26.811	14.204	24.609	13.368	3.003	24.019	19.206	24.188	12.235	9.876	33.769	5.019	4.779	9.091	6.642	16.078	4.118	6.838	7.508	11.061	12.078
6.442	8.8	3.284	11.129	4.465	2.357	5.324	2.061	6.05	7.557	6.288	2.727	2.061	8.323	1.512	8.104	5.995	4.942	2.492	4.85	0.948	2.041	2.62	4.278	6.157	6.739	2.287	0.99	3.649	0.99	0.948	4.917	7.691	7.163	5.208	1.278	1.246	2.62	6.123	4.808	2.957	4.001	1.715	4.122	2.492	1.278	1.512	3.66	3.748	4.122	3.43	8.219
3.131	4.83	1.715	2.146	3.401	2.214	5.662	2.364	4.381	2.465	2.146	3.809	2.92	3.1	3.314	6.238	3.019	2.384	3.178	3.809	2.465	2.657	4.98	3.003	2.582	2.465	3.472	3.019	10.039	8.614	6.881	2.657	2.146	2.384	3.003	3.239	4.177	13.419	4.871	1.328	3.796	1.657	3.1	5	5.029	2.97	1.852	2.146	1.469	2.563	2.747	2.146
5.801	6.592	6.05	3.025	4.465	9.074	12.167	3.43	16.006	10.431	11.561	6.954	1.98	6.592	7.627	3.43	3.748	18.319	1.512	6.931	4.573	4.537	11.895	8.421	6.183	6.493	4.316	14.279	8.421	6.592	7.941	2.061	5.453	7.941	8.459	16.695	3.183	5.63	14.95	9.967	4.316	5.63	2.62	6.592	5.968	1.512	4.983	10.162	2.62	13.479	3.025	5.968
7.001	2.1	4.983	1.4	1.715	4.901	1.4	25.904	0	0.7	14.702	2.1	5.968	0.7	2.1	7.701	9.917	6.301	4.201	2.8	0	9.801	2.62	8.401	1.4	8.421	15.402	12.537	6.931	2.1	1.4	3.501	2.1	4.316	2.1	4.201	9.101	2.1	11.475	4.201	9.101	0.7	3.501	7.701	11.202	8.401	6.301	16.803	4.901	9.101	8.401	7.701
3.528	4.676	6.952	7.068	5.486	16.23	2.146	2.887	2.747	2.425	1.085	0.443	5.164	2.675	1.129	3.611	0.99	0.973	1.947	0.443	1.213	0.542	1.502	0.886	1.715	0.443	1.457	1.627	4.461	4.483	1.291	1.291	1.502	0.443	2.322	2.92	4.35	2.322	5.239	2.322	2.053	0.511	2.675	3.387	3.898	2.937	3.314	2.705	2.887	4.717	2.021	4.35
7.242	4.769	6.223	9.455	6.439	4.293	7.442	4.623	9.031	9.564	7.783	8.343	8.894	4.505	6.773	5.359	9.761	4.022	5.799	7.194	6.127	4.717	3.239	11.427	7.242	3.985	5.731	7.752	10.351	2.279	2.053	3.284	2.97	6.931	9.99	6.966	5.378	4.293	4.372	3.997	3.284	1.213	3.985	4.118	6.73	6.246	6.363	1.129	2.92	5.359	4.235	7.488
3.558	4.679	2.287	3.877	2.492	3.465	3.465	4.042	4.391	4.455	5.446	2.475	3.524	3.284	3.86	1.278	1.691	3.37	2.844	4.528	5.423	2.8	3.66	2.195	6.281	1.278	5.362	15.402	5.324	2.563	2.844	4.876	4.042	2.915	11.472	4.082	3.824	5.446	1.691	4.082	5.208	2.727	5.924	8.338	3.991	2.957	3.665	1.4	3.558	2.041	2.195	3.824
1.278	12.498	8.104	11.617	5.2	8.242	6.883	7.853	15.769	12.18	3.991	6.21	6.701	3.065	10.602	12.902	9.522	12.274	15.393	9.884	15.102	13.776	7.453	16.357	13.401	17.757	1.771	2.041	2.844	1.328	0.7	1.852	3.796	4.696	9.46	5.126	1.874	0.572	1.657	6.177	3.162	12.275	13.695	3.387	2.657	3.084	2.852	2.97	4.942	3.003	7.941	6.316
1.291	1.799	1.93	1.771	2.563	1.93	1.627	0.542	1.328	2.258	2.937	3.809	2.92	3.052	0.7	2.524	0.828	1.771	3.254	3.328	3.638	1.291	4.8	1.98	3.77	2.053	6.119	8.586	10.9	12.418	6.238	11.702	9.198	4.461	7.815	10.585	13.184	14.884	17.385	9.235	6.439	10.37	6.62	13.676	11.66	17.328	14.082	5.35	9.02	9.615	5.883	9.666
5.378	4.901	3.387	2.029	0.542	1.502	1.291	5.627	2.657	10.398	7.933	3.208	3.665	2.852	3.1	3.084	8.783	9.219	10.073	8.086	10.304	7.429	7.902	7.752	10.375	8.949	3.57	3.328	2.563	4.728	2.937	4.83	1.799	3.744	8.517	6.087	2.563	2.747	1.627	2.214	0.443	10.455	5.998	4.676	2.279	5.211	3.43	2.887	2.97	5.019	6.627	6.664
1.291	1.852	3.997	1.291	0.886	1.085	0.886	0.443	1.469	2.747	4.259	1.129	1.328	0.443	0.886	0.542	2.852	8.592	7.521	8.36	6.701	3.923	1.627	5.773	4.769	9.288	0.828	3.003	6.788	6.063	1.502	0.828	0.542	5.116	2.279	2.937	5.539	7.091	1.657	1.085	1.213	1.93	2.384	5.441	5.957	8.677	3.77	3.472	2.146	4.142	3.387	6.53
4.559	3.1	4.45	3.96	3.254	6.159	4.224	1.291	4.769	3.501	2.582	4.8	4.676	6.087	3.796	3.997	2.582	3.77	8.688	5.883	9.538	5	3.638	3.314	3.873	6.238	2.146	1.291	2.887	2.384	1.904	0.542	1.129	1.799	1.328	0.99	1.291	9.507	3.744	3.178	4.046	1.291	1.502	0.542	2.053	1.771	0.886	1.715	1.502	0.7	1.771	1.291
1.657	1.565	3.019	1.657	1.98	2.657	1.799	2.524	2.582	2.384	1.904	1.291	2.053	3.019	1.502	2.465	1.904	4.177	1.657	2.657	2.675	1.799	0.886	3.731	1.627	2.258	0.828	0.828	3.239	1.904	0.542	0.443	0.886	0.886	0.542	0.828	2.675	4.676	1.291	1.129	0.99	0.542	0.443	1.4	0.99	0.828	1.771	2.053	0.828	0.828	0.542	0.886
6.202	5.814	9.09	6.31	6.096	3.009	5.737	6.631	7.636	3.978	5.266	8.179	3.333	2.724	4.272	6.176	2.425	6.194	3.767	6.757	4.267	7.218	4.679	5.466	3.009	5.039	5.933	5.466	5.479	2.858	4.879	4.865	3.615	2.767	3.511	5.044	4.553	1.755	4.19	4.15	4.316	3.234	4.278	4.946	3.589	3.175	5.453	4.19	5.995	4.15	4.217	3.063
9.96	6.737	5.35	3.314	8.331	4.461	9.058	5.441	7.586	5.539	5.097	19.883	4.696	4.591	3.019	4.591	7.908	7.54	4.97	15.201	12.898	11.576	7.208	12.936	9.091	10.227	5.832	3.744	4.921	2.169	4.106	1.291	1.502	4.45	4.282	5.211	4.569	5.644	1.93	7.777	3.131	4.82	3.401	5.359	5.916	7.964	14.635	6.568	6.545	3.86	7.289	4.871
8.614	5.816	4.282	6.966	7.222	6.642	2.657	11.21	8.448	1.291	6.53	8.074	5.304	3.809	7.65	13.376	6.316	10.299	8.056	4.569	4.559	12.033	10.112	8.872	8.705	3.528	8.62	5.029	5.731	4.97	4.505	5.286	3.744	7.592	4.338	4.676	9.816	5.618	5.396	7.964	11.765	4.165	5.583	3.86	3.472	5.67	3.665	2.465	2.582	1.627	4.82	4.717
9.567	19.55	19.947	9.841	18.814	17.403	14.628	14.453	7.506	17.638	18.478	8.323	13.881	10.997	15.875	13.075	18.088	13.994	20.451	10.534	10.12	15.382	10.708	13.676	11.996	14.946	12.655	16.019	8.714	7.329	12.624	4.49	11.859	8.87	14.632	11.461	8.54	13.015	12.612	13.654	13.867	3.157	9.393	7.34	5.172	9.721	7.488	6.587	9.654	1.98	6.639	9.835
3.239	7.057	6.455	3.611	4.696	1.565	1.627	2.852	2.747	5.486	2.657	3.358	3.162	7.592	3.873	2.937	5.688	3.084	8.254	4.98	5.644	4.644	3.731	2.852	4.461	4.483	3.178	5.019	8.586	2.92	4.98	8.563	2.747	2.563	7.586	5.019	4.623	3.936	4.058	2.146	0.542	2.279	1.129	2.8	1.469	1.98	1.657	1.291	1.502	1.291	1.627	2.747
0.828	3.284	4.293	3.084	2.053	3.052	5.239	3.472	2.657	1.98	4.259	2.465	1.657	2.425	2.705	4.22	5.53	2.847	2.485	2.279	2.236	2.294	3.524	2.146	3.472	2.582	1.627	0.828	0.542	2.687	2.675	3.611	1.291	1.627	0.973	0.886	1.771	1.4	4.755	4.259	4.867	3.731	1.129	1.657	2.485	1.502	1.291	4.35	6.244	3.731	2.364	3.11
2.364	2.214	2.747	3.1	2.384	2.425	1.904	1.904	2.279	2.279	1.657	2.675	3.985	2.146	2.563	1.771	2.053	5.359	3.665	1.627	1.799	2.97	1.085	2.053	3.019	4.665	1.213	0.886	1.328	1.291	1.291	4.516	3.77	2.146	1.085	2.384	0.828	2.322	4.665	4.293	5.116	1.291	0.886	1.627	1.657	3.77	1.799	6.199	3.528	1.469	0.99	3.501
5.601	2.92	5.924	5.982	6.238	6.127	3.314	2.524	4.871	3.705	2.279	6.127	3.542	6.063	5.965	3.796	5.495	4.106	1.852	3.898	6.401	4.98	9.171	2.485	4.644	5.874	7.462	7.422	1.291	4.177	5.126	6.285	7.783	4.931	4.98	1.129	2.169	1.904	3.678	2.485	2.384	5.957	4.428	1.799	2.279	1.93	5.019	2.214	5.79	5.441	2.425	4.165
1.98	2.279	2.747	4.293	1.565	2.364	2.279	1.657	2.364	3.084	5.45	2.053	1.657	3.873	2.1	4.282	0.7	3.019	0.542	2.364	3.665	2.258	2.711	2.485	2.146	1.085	2.169	2.524	3.284	3.019	2.258	1.657	6.047	5.313	3.254	2.563	3.985	2.937	1.328	0.99	4.165	5.097	7.228	2.146	2.485	0.99	0.99	1.085	2.214	3.809	2.582	3.358
7.846	2.524	6.931	4.98	3.358	5.486	8.284	5.078	13.217	4.82	6.715	9.965	5.799	4.35	9.208	4.45	17.41	5.35	4.293	5.378	5.874	14.048	7.752	6.766	3.923	6.363	9.198	10.256	10.251	6.246	6.809	11.41	9.471	6.246	3.744	1.627	4.676	4.728	12.814	17.67	13.313	6.568	6.039	4.082	9.615	3.923	8.62	7.376	6.952	4.282	5.126	6.766
8.534	7.289	3.744	6.515	6.316	7.389	5.019	7.777	4.224	6.063	6.238	6.285	5.965	8.419	6.845	4.717	4.316	5.35	4.779	6.773	3.254	4.623	5.748	7.939	2.657	5.557	9.429	6.355	6.47	3.178	2.146	2.169	5.486	6.47	4.106	6.167	7.462	4.35	0.828	1.627	2.524	3.401	6.394	2.62	2.465	1.852	1.799	0.886	2.146	2.322	4.461	4.082
4.559	7.532	2.705	2.687	2.847	5.074	5.821	6.447	5.103	2.378	5.411	1.491	3.809	3.239	4.383	5.83	2.705	2.613	2.236	2.021	3.881	1.365	2.632	4.312	3.396	2.315	1.213	1.157	1.586	0.745	0.542	4.03	2.045	0.808	0.748	0.828	0.828	1.085	7.356	4.266	7.472	3.411	1.157	2.638	2.398	8.019	4.796	14.248	12.824	7.499	3.674	8.204
5.447	3.881	2.8	2.207	4.094	4.644	2.783	7.267	5.036	3.052	6.437	2.582	3.809	3.931	4.368	5.659	4.173	6.399	4.534	3.172	2.479	6.49	3.829	5.402	2.915	9.402	3.579	2.258	3.542	2.053	2.139	3.172	3.178	2.229	2.829	2.847	3.687	5.365	6.095	5.545	4.383	3.454	3.779	3.894	5.065	4.867	5.18	5.589	6.62	3.294	4.446	4.745
7.877	7.995	10.227	4.97	10.441	10.327	7.16	5.192	13.365	3.019	4.35	6.845	4.728	3.472	4.505	5.116	6.62	1.291	4.696	7.422	8.165	6.917	8.517	4.871	3.638	7.809	11.039	6.657	12.025	10.696	7.022	6.167	2.364	7.296	11.078	6.159	4.461	5.267	4.779	1.328	2.1	8.116	3.96	1.904	2.747	1.93	2.146	2.169	3.131	2.485	6.62	2.852
0.495	1.278	2.492	0.808	1.691	0.572	3.284	1.4	1.143	2.844	0.808	1.715	1.278	2.195	5.016	1.896	1.4	3.558	0.948	2.681	1.278	2.844	0.808	1.691	0.808	3.084	1.278	2.139	2.041	0	3.835	0.808	1.617	0.808	1.278	1.874	1.691	7.962	8.421	2.727	1.485	0.99	0.808	0.99	0.948	0.948	1.143	0.572	0.495	3.37	1.715	0.808
3.284	3.86	2.852	6.515	2.029	8.122	2.364	4.82	5.575	5.173	1.502	4.717	2.169	6.246	2.279	2.029	3.528	3.328	5.45	5.705	3.665	3.611	5.618	4.505	4.779	3.665	2.563	4.259	2.465	1.469	3.678	3.796	1.771	3.314	1.328	4.142	15.974	1.98	2.146	4.98	2.364	2.465	4.395	5.575	10.009	5.662	13.165	7.592	7.701	12.898	5.211	5.304
6.895	11.951	11.748	14.314	12.621	8.39	15.67	18.531	10.923	8.563	8.955	6.127	11.341	15.475	9.356	10.792	12.73	6.127	17.497	7.97	13.191	12.179	8.789	17.753	16.419	6.553	3.638	14.135	5.126	2.053	3.528	3.052	2.146	16.499	15.291	8.603	5.468	6.355	6.945	3.835	2.485	6.845	10.548	1.627	7.624	4.428	6.582	7.488	10.677	1.565	7.16	9.112
2.195	4.6	1.143	0.948	4.001	3.57	1.715	3.738	2.97	2.604	0.572	2.061	2.858	1.512	2.041	0.948	2.357	2.62	1.278	2.8	2.62	3.558	2.97	4.001	1.512	3.025	5.446	0.948	6.86	3.477	4.6	4.6	8.003	6.365	4.528	4.465	2.62	4.942	0.572	3.271	4.679	2.844	3.078	22.145	3.57	5.2	1.98	5.176	3.908	6.229	6.486	6.016
3.387	7.877	6.508	4.98	9.251	6.701	4.372	5.67	7.624	4.98	8.134	3.162	8.705	5.332	8.266	12.822	7.688	5.662	14.828	7.815	9.65	6.159	6.417	2.258	5.405	18.238	1.799	22.19	8.592	1.799	2.279	1.657	3.665	7.573	21.888	11.889	14.944	6.98	5.378	2.146	5.941	3.898	11.951	5.267	10.627	6.582	5.116	5.601	8.296	4.316	3.1	8.705
2.915	4.74	8.906	8.833	10.431	2.357	4.74	9.336	4.201	3.078	7.513	4.201	13.633	3.524	7.669	8.874	1.874	4.783	11.007	11.318	7.185	16.496	25.009	5.505	5.385	6.543	3.284	1.715	2.061	3.824	5.851	3.835	6.486	2.492	7.111	2.492	3.284	5.008	6.486	2.475	6.715	5.423	2.727	17.235	16.297	11.974	6.07	4.6	14.081	17.757	8.455	13.488
12.032	9.741	13.994	10.052	7.105	15.973	20.094	12.794	13.126	11.126	17.324	9.546	15.6	10.202	15.879	9.674	13.796	16.838	8.647	9.674	13.201	13.833	8.555	12.995	6.935	6.095	12.003	14.788	8.325	9.281	7.4	8.37	9.105	8.669	7.057	5.255	8.434	9.889	7.609	15.141	25.587	6.698	6.125	7.506	9.936	9.196	25.393	21.632	5.375	17.429	10.163	14.261
2.675	5.173	3.936	6.73	4.293	1.904	8.586	5.304	2.485	5.486	4.8	3.1	3.997	3.796	3.528	4.612	2.92	4.779	4.569	4.8	4.97	4.406	3.923	5.53	5.211	3.178	0.443	1.291	2.384	4.259	5.773	6.693	3.923	1.852	1.4	2.675	3.019	6.845	6.207	5.486	5.304	1.627	1.502	1.627	2.053	1.129	3.731	1.291	5.359	2.1	1.213	3.084
2.73	2.898	4.266	3.172	6.071	3.415	2.777	2.116	2.294	5.615	4.786	4.106	5.255	3.847	2.045	6.093	4.48	4.266	5.14	4.428	6.881	4.662	3.944	5.414	4.987	5.855	4.058	0.745	2.315	5.255	4.877	2.783	3.396	4.548	2.777	6.095	3.338	7.347	2.687	5.589	1.98	3.396	3.193	6.737	4.796	3.744	3.898	2.021	3.579	3.633	3.094	6.063
3.528	2.563	3.809	2.485	2.364	1.469	2.852	3.86	6.079	3.796	1.799	2.146	2.146	2.937	4.082	3.358	4.259	2.887	3.019	1.291	4.046	1.771	3.084	2.657	4.676	6.766	5.019	5.164	5.116	4.235	2.852	4.461	3.131	7.462	4.046	3.003	1.771	3.501	3.003	3.239	3.528	2.465	2.711	1.085	2.582	5.575	5.359	4.85	3.985	3.208	2.258	3.208
0.828	1.291	2.485	2.214	0.828	0.828	1.085	0.828	1.565	0.828	1.085	0.7	2.146	1.213	0.886	1.291	1.657	1.213	1.469	1.627	1.469	1.657	3.131	0.828	1.771	1.771	3.328	0.542	1.657	4.779	1.502	2.169	5.618	1.93	2.053	0.443	0	0	0	0.443	1.469	1.129	0	0.828	1.291	0.542	0.828	0	0.443	0	0.99	1.328
9.985	8.839	4.871	10.469	22.243	13.198	8.147	10.063	4.769	6.047	3.611	3.254	4.406	4.931	3.131	11.576	7.815	6.159	3.665	12.768	6.838	6.087	6.59	9.445	9.841	8.966	3.705	8.43	5	1.904	3.96	5.575	4.461	7.296	5.378	3.43	6.53	5.841	2.364	4.118	5.423	7.363	4.769	20.109	16.811	10.208	9.46	3.997	9.926	18.141	9.085	9.761
2.835	2.747	1.085	0.828	1.291	0.828	1.627	0.7	2.146	0.828	1.291	0.828	1.627	1.904	1.657	1.328	2.029	2.214	2.258	1.799	1.627	2.053	2.364	2.1	0.7	2.563	14.29	4.8	9.33	9.512	35.968	28.243	39.19	8.413	6.824	1.799	1.852	2.485	8.789	4.45	10.227	3.528	2.465	1.328	2.169	1.771	1.291	2.384	2.322	1.213	2.029	1.291
1.485	2.061	1.143	1.246	1.278	2.858	2.195	2.604	1.715	2.357	2.604	1.4	2.195	1.808	2.604	3.792	2.556	0.948	2.475	2.8	0.99	2.475	1.715	1.278	1.4	3.37	0.808	1.4	0.99	0.495	1.143	3.078	0.948	0.808	0.572	1.691	2.195	5.385	0.948	2.604	1.691	1.246	1.485	2.62	2.139	1.278	1.485	0.495	0.808	1.691	1.485	1.4
3.77	0.886	2.146	2.8	1.98	7.995	7.714	3.77	5.731	5.078	3.019	6.838	4.046	2.582	6.605	3.358	5.799	6.285	3.96	0.443	1.771	4.461	2.279	3.611	7.475	3.611	3.084	3.314	4.728	2.053	5.53	1.98	3.57	3.665	3.084	5.396	2.711	4.118	5.883	3.542	3.923	3.638	5.965	4.106	4.921	2.97	3.328	2.053	2.384	4.177	2.524	2.146
1.485	1.278	1.896	0.99	1.715	1.143	0	0.495	1.143	1.4	0.495	0.572	1.896	1.4	0	0	1.715	0	0.495	0	1.98	0.495	0.808	1.246	1.278	1.278	2.604	5.505	1.4	0.572	0.948	1.246	1.143	2.061	0.808	1.485	2.041	2.357	1.278	2.061	3.748	2.195	0.99	1.278	0.495	1.278	1.143	1.485	0.948	1.278	0.572	0.495
4.714	4.162	5.659	3.025	0.572	3.57	1.512	4.679	1.691	4.573	5.301	2.195	6.385	7.253	6.05	4.942	3.748	2.287	2.492	8.303	6.493	4.465	8.65	3.524	3.025	8.18	4.714	3.792	3.66	10.587	4.808	6.954	6.543	3.748	1.98	1.715	2.727	0.99	4.528	4.122	4.884	1.715	1.98	4.001	2.061	3.17	1.485	0.808	1.278	4.162	1.691	0.808
8.165	4.35	2.852	5.267	13.565	5.486	3.665	3.731	7.091	5.513	5.748	6.627	8.074	6.568	6.508	5.832	6.838	6.316	7.442	6.909	7.521	5.539	6.238	6.199	9.686	7.89	3.528	2.214	2.146	2.92	3.923	2.582	0.886	2.465	2.657	6.363	2.937	4.118	3.731	1.627	4.881	3.003	5.173	2.852	5.982	7.309	5.068	6.363	3.597	11.21	10.441	12.871
1.157	7.228	4.591	3.03	2.687	4.45	5.554	5.963	6.627	3.847	3.51	4.106	3.542	4.717	3.744	9.377	2.029	5.728	8.074	4.662	4.278	5.276	1.879	2.582	3.03	3.239	3.86	7.532	5.705	6.079	2.322	3.96	1.199	3.019	7.525	6.477	5.589	6.052	3.328	1.502	2.613	3.396	6.125	4.591	6.103	8.534	2.783	2.029	1.98	4.428	5.486	2.711
21.341	15.982	16.542	19.292	20.91	16.666	17.39	14.793	20.401	19.267	16.879	23.124	19.768	18.956	19.069	17.747	19.219	20.498	17.571	15.38	17.868	21.196	20.378	20.165	23.055	16.641	20.819	19.578	20.677	16.926	16.416	19.797	19.744	16.446	23.607	17.067	17.894	21.449	23.747	21.117	19.027	11.707	22.878	18.664	17.384	18.111	21.164	23.614	24.757	16.663	18.844	25.503
2.965	2.193	4.178	2.416	6.122	5.176	1.734	1.617	6.117	4.609	3.913	5.375	5.626	2.613	4.974	3.615	4.217	3.048	1.808	2.139	2.128	3.43	4.532	3.47	4.932	5.538	4.941	2.899	4.03	2.664	3.27	3.978	4.423	2.994	2.602	2.883	2.479	5.662	4.884	2.955	4.042	2.556	3.913	3.168	3.62	4.599	4.139	2.454	2.847	4.332	3.742	1.366
13.985	7.733	7.877	9.691	12.255	15.297	9.219	6.079	8.856	8.603	11.145	7.429	8.993	10.184	8.147	9.95	14.792	13.594	6.802	11.686	5.924	13.161	7.323	4.676	12.648	4.516	15.103	6.432	4.769	11.21	9.047	25.784	21.415	8.534	6.355	7.733	4.8	4.406	19.52	17.455	20.792	6.378	3.705	5.45	9.486	8.927	10.492	5.79	10.422	3.542	2.852	13.098
4.046	6.159	0.886	2.92	5.513	7.442	3.328	5.79	3.744	3.084	5.378	5.799	3.472	3.084	6.55	2.053	3.458	2.937	3.401	2.852	4.293	1.291	2.8	3.744	2.465	1.627	2.485	3.003	2.053	1.715	2.214	3.472	3.019	2.852	2.053	1.328	3.239	9.61	3.415	4.676	3.279	2.214	1.328	4.22	4.871	6.167	3.472	3.691	4.022	4.559	3.744	3.579
7.022	3.997	5.731	6.006	12.275	7.84	6.987	2.765	3.239	3.96	6.47	3.358	2.887	9.61	6.455	3.387	4.316	8.641	2.852	2.8	5.67	4.559	5.267	5.396	2.279	5.998	1.291	5.45	2.322	2.852	3.328	2.657	7.902	3.472	3.084	2.485	6.047	5.773	3.178	3.611	4.612	9.429	13.146	16.562	14.858	2.887	5.486	4.293	6.417	18.781	19.027	3.997
1.874	5.126	7.119	4.881	4.808	5.262	3.528	3.66	5.583	4.516	2.364	4.769	4.884	3.738	3.744	4.931	1.98	4.142	5.941	2.957	5.008	4.67	3.665	4.152	4.278	5.816	2.524	8.025	8.534	1.98	2.675	3.254	2.195	1.771	3.923	5.495	5.832	5.176	2.139	2.322	1.874	2.195	4.465	6.895	3.333	8.705	2.258	3.178	0.828	2.604	7.56	2.582
6.619	6.426	5.822	7.061	5.317	4.734	6.929	5.197	4.165	7.328	5.292	3.832	5.317	4.192	10.147	7.613	9.208	6.98	7.06	8.313	7.213	9.071	5.887	8.696	4.906	4.097	3.752	4.046	5.206	3.029	2.21	3.851	3.657	2.363	7.641	3.759	2.158	2.75	4.314	4.732	1.976	5.654	5.33	4.165	2.05	2.079	6.345	3.511	4.702	3.619	4.667	3.468
10.832	9.219	7.995	7.54	8.183	9.004	6.47	5.126	7.586	10.034	9.66	4.35	10.179	7.323	4.177	3.387	7.72	7.871	7.995	9.615	5.286	5.359	8.183	3.985	11.61	9.198	4.118	7.455	4.395	4.224	7.908	5.748	4.118	10.184	9.272	5.748	4.35	4.106	6.545	4.8	3.084	3.254	5.557	2.279	4.921	4.676	4.259	1.328	3.003	6.477	1.469	3.809
0.99	2.061	1.715	2.139	2.727	1.512	3.065	0.99	4.679	1.98	3.748	2.287	0.99	3.183	1.715	1.143	6.023	1.715	3.078	2.492	2.604	1.715	3.477	3.43	2.858	1.4	1.143	0.99	0.572	0	0	0	0.572	0.572	0.572	2.287	0.99	0.572	0.572	0	0	1.512	0.99	6.183	6.877	6.023	1.715	1.512	0.572	5.63	1.715	7.163
11.145	11.254	8.546	19.678	10.024	5.863	24.267	10.478	8.056	13.221	19.117	13.049	10.891	8.236	16.096	14.494	16.764	12.195	9.144	11.819	10.232	14.595	12.149	11.652	17.143	11.09	9.615	10.28	6.143	15.44	5.338	5.049	6.957	16.096	5.53	5.22	3.744	5.575	3.019	1.947	2.279	12.614	10.936	7.242	7.119	3.328	5.35	3.744	4.395	1.852	2.675	5.662
5.078	18.208	10.039	5.705	4.165	9.272	8.206	9.975	8.206	11.58	3.528	9.351	5.068	5.486	5.116	7.429	5.145	11.91	11.992	11.61	4.293	6.199	1.657	7.97	8.727	6.127	9.341	2.8	6.553	7.964	7.14	5.097	5.924	7.276	7.682	8.488	11.012	5.748	4.591	3.873	6.693	9.816	4.35	4.338	13.478	8.671	7.228	4.95	5.662	8.614	3.458	1.469
5.713	3.923	10.009	6.167	5.396	11.448	10.882	4.931	7.158	6.363	8.5	6.545	3.178	8.894	12.179	9.144	6.355	3.178	9.435	3.873	14.957	3.1	5.832	10.16	6.966	4.312	3.162	5.304	3.731	5.116	5.832	2.322	2.053	4.118	4.293	5.731	7.323	8.36	6.59	4.881	7.777	8.716	4.769	5.286	2.657	5.078	1.98	6.238	5.998	5.304	3.178	5.748
2.315	7.068	6.301	3.415	3.11	5.566	5.341	4.03	7.078	4.877	4.602	6.639	7.447	6.528	3.687	5.589	5.264	3.11	4.185	5.601	3.239	6.031	4.907	4.633	5.659	6.627	3.084	2.343	3.338	5.387	2.343	9.975	6.693	4.686	2.505	5.087	3.51	1.922	4.189	5.899	3.239	3.757	2.053	3.501	3.193	2.981	3.633	4.078	6.063	2.343	4.49	4.676
3.131	3.898	4.623	3.239	2.97	2.465	4.45	2.169	3.208	2.852	1.715	5.539	3.003	3.358	1.799	4.569	2.053	1.469	4.106	3.923	1.469	2.425	4.235	1.799	5.049	0.828	6.47	8.614	3.501	3.1	3.57	2.563	2.887	3.665	2.485	7.022	4.97	3.458	2.279	1.771	1.291	1.904	1.904	3.1	1.657	2.92	4.461	2.279	2.146	1.93	3.1	1.502
9.936	4.569	5.22	7.022	5.22	4.83	8.927	4.395	6.006	3.528	2.765	4.022	10.179	8.506	5.773	7.964	4.98	2.657	3.387	9.886	8.442	5.359	6.62	4.395	4.623	6.394	5.627	7.656	9.351	4.165	10.194	11.58	9.304	7.222	11.267	11.623	9.208	10.179	13.467	5.713	7.846	4.881	4.406	1.799	10.814	14.2	11.431	19.834	12.485	6.432	4.082	5.557
8.277	10.311	12.955	11.272	7.07	10.504	12.592	6.879	6.634	10.638	5.367	7.377	11.356	8.154	11.155	10.541	4.783	10.682	11.952	5.005	9.22	11.473	9.358	7.318	6.458	8.905	7.793	5.392	8.054	11.282	8.548	11.231	7.978	7.159	6.178	7.064	5.72	10.501	8.531	12.118	12.884	7.216	14.708	8.016	4.692	9.041	4.15	10.234	6.21	7.097	7.89	10.719
3.881	3.157	4.49	2.236	2.915	1.491	1.771	1.457	1.457	5.154	6.028	2.981	1.353	1.252	1.956	1.534	0.886	2.687	2.116	2.207	1.199	1.817	2.537	1.491	4.293	2.657	10.608	6.435	7.213	12.424	10.713	6.052	8.013	7.213	8.641	5.566	10.914	4.957	7.913	5.423	5.164	5.954	7.629	5.474	4.402	6.347	6.117	4.094	4.323	4.03	4.759	3.068
2.416	2.193	1.203	2.095	1.123	1.102	0.529	2.672	3.635	1.602	3.865	1.058	0.529	0.748	2.547	2.05	1.932	1.497	2.061	1.383	0.683	0.891	1.203	1.795	1.058	0.966	2.8	3.205	3.205	4.122	1.932	1.956	2.62	0.891	3.009	1.701	3.071	2.357	2.317	3.375	2.171	0.529	1.795	1.058	1.932	2.646	2.733	2.664	0.779	1.241	1.782	0.483
4.528	4.391	6.536	3.025	3.183	3.43	3.382	2.287	4.808	2.492	5.659	3.025	3.558	3.96	1.143	2.139	0.948	1.512	4.679	0.808	5.081	1.98	4.465	2.061	2.041	7.519	8.003	5.145	3.66	5.995	6.023	3.025	4.122	7.431	7.562	2.041	4.6	1.715	8.631	7.163	7.071	5.68	6.931	11.617	5.906	1.691	2.492	4.001	9.847	1.715	3.835	9.814
3.084	1.565	1.657	3.611	2.8	5.441	2.887	3.678	4.372	1.904	2.887	2.524	5.899	5.211	3.744	3.744	4.282	1.085	3.328	3.835	3.472	2.582	3.665	3.665	3.472	6.945	4.95	0.443	0.99	4.98	2.675	3.084	1.627	2.852	1.771	0	0	1.565	2.146	0.828	2.747	2.364	1.291	0	0.443	0	0.443	0.542	0	0	0	0.443
2.92	2.053	2.425	1.502	3.86	4.293	0.886	3.239	5.644	4.118	2.384	3.678	3.542	3.084	4.569	3.401	5.539	1.657	2.279	0.828	3.597	1.565	6.737	2.765	2.1	3.501	3.239	2.384	2.887	3.665	2.582	7.624	1.565	1.771	2.852	2.582	2.384	3.084	5.097	6.103	2.92	3.731	8.413	1.852	3.084	3.997	1.502	6.285	8.331	7.105	3.744	3.77
3.898	2.898	5.832	2.258	5.126	6.693	8.603	3.873	3.96	6.61	5.23	6.558	3.744	8.916	3.162	3.96	3.178	4.676	6.439	2.747	8.074	1.922	6.47	1.93	5.67	2.479	1.252	8.887	2.92	0.808	0.99	0.808	1.657	2.556	5.998	5.164	9.909	0.808	0.443	0.542	1.085	3.131	7.521	8.603	3.744	3.74	1.252	1.771	2.852	6.376	7.323	3.86
11.518	8.153	12.195	12.004	11.698	10.113	6.715	16.245	18.065	7.519	12.109	13.536	11.472	11.5	5.423	9.058	11.158	4.45	8.354	7.202	14.76	10.556	4.942	5.68	13.293	16.647	12.485	27.585	26.089	21.967	18.672	33.783	21.622	28.125	24.311	25.825	35.886	11.404	10.736	18.227	31.511	39.714	19.761	22.073	29.308	34.451	14.993	13.317	18.417	17.289	19.351	22.899
2.485	0.443	0.99	1.771	0.443	0	0.443	2.475	2.384	2.146	3.796	1.085	1.291	0.886	0	2.524	1.627	3.019	0.886	0.542	3.796	0	0	3.314	0.572	1.328	1.627	9.96	2.425	3.43	3.458	2.524	4.177	3.796	4.871	11.686	7.527	3.131	1.627	2.657	7.057	12.339	10.398	12.473	16.473	7.188	0.828	4.046	1.328	11.951	10.155	4.881
2.62	0.572	2.62	3.748	0.99	1.143	1.512	3.025	0.572	1.512	0.572	2.061	1.98	1.512	3.183	1.143	1.512	2.62	2.62	2.287	3.57	1.98	1.512	2.061	7.298	1.617	2.061	3.96	1.512	1.98	3.025	0.99	2.858	1.512	2.858	2.492	0.99	2.97	2.492	5.081	2.061	0.99	3.025	0.572	2.97	5.239	6.05	3.025	2.62	1.143	0.572	2.287
6.023	10.71	10.587	24.178	9.41	12.947	12.366	15.934	15.79	7.431	8.536	18.821	23.015	8.421	14.002	15.349	13.073	12.731	2.97	6.493	7.941	14.222	10.337	14.427	13.073	8.8	5.081	13.908	3.183	9.548	14.427	11.673	12.769	22.147	12.366	17.6	6.86	13.148	16.87	10.4	5.513	6.183	18.176	11.025	18.716	1.512	16.299	13.612	11.245	8.003	8.104	12.167
5.396	3.524	6.809	5.542	5.423	3.738	5.378	9.124	5.396	5.359	6.07	4.505	6.281	4.931	5.53	4.072	5.301	2.852	5.068	9.208	4.235	5.874	7.827	6.782	3.284	7.846	4.177	10.562	10.923	10.321	8.546	3.019	8.699	8.183	13.636	6.183	9.358	3.678	5.267	6.486	3.271	4.82	7.16	8.074	2.604	6.047	7.396	7.248	6.023	5.957	3.611	5.773
3.898	10.251	6.143	3.458	10.131	3.665	9.64	8.938	5.965	7.389	5.982	9.512	14.193	9.666	8.557	5.883	2.485	4.8	5.756	6.773	9.676	16.738	11.276	5.192	9.198	6.86	5.67	14.729	12.652	8.183	2.92	5.731	3.678	6.545	6.455	9.112	11.914	4.901	14.894	21.894	17.525	6.987	13.015	7.488	4.395	8.705	18.916	17.306	16.487	9.246	5.495	9.66
0.808	3.065	0.495	1.246	0.495	0.808	0	1.485	0.99	0.572	0.948	0.808	2.041	0.948	1.4	1.896	0.99	1.691	0.495	0.948	1.485	1.874	1.485	0.99	0.495	0.495	2.195	3.558	2.041	1.246	0.948	1.4	0.495	2.061	3.17	1.246	2.061	2.139	0.495	1.4	0.948	1.874	2.357	1.485	1.896	0.948	1.246	1.691	1.246	0.572	0.948	0.808
3.175	4.256	6.781	7.793	7.397	8.219	7.484	4.417	2.842	7.33	3.692	6.805	8.145	10.747	5.104	3.602	9.161	6.438	7.362	5.98	5.345	6.781	3.025	10.844	3.464	8.017	7.657	2.556	6.435	5.757	4.385	7.431	5.593	6.564	3.954	4.099	3.66	5.905	2.664	6.206	7.936	7.894	3.996	3.183	3.544	4.407	5.814	6.805	5.314	5.584	2.681	3.865
3.1	3.333	3.738	6.636	4.465	4.072	8.906	5.073	7.691	3.824	5.564	3.131	7.977	10.206	6.246	5.995	7.276	2.957	9.441	7.765	3.744	7.309	4.23	3.458	8.721	8.982	1.715	2.195	2.556	1.874	3.738	3.065	3.333	1.129	3.458	4.372	7.363	4.591	3.991	1.246	1.502	4.395	6.493	3.66	7.422	7.519	3.458	3.131	2.425	7.188	4.644	1.617
3.923	2.384	0.542	2.053	1.469	1.502	1.771	4.293	4.98	2.053	2.1	3.665	2.524	1.328	1.852	2.887	2.279	2.465	3.239	1.565	1.129	3.254	3.284	2.1	3.314	2.258	2.465	3.358	4.696	3.328	2.322	2.169	2.364	4.83	3.731	3.638	3.003	3.328	2.146	1.771	1.799	4.046	5.211	0.886	3.019	2.053	2.563	5.965	4.612	3.314	3.239	1.291
10.502	8.9	8.671	5.267	2.169	4.779	7.902	5.941	7.422	5.832	8.296	13.43	11.101	5.941	3.77	8.62	12.71	10.732	4.177	10.65	8.448	4.559	7.057	6.199	7.908	10.323	14.048	5.816	18.291	13.146	16.493	11.935	13.365	17.634	8.122	6.809	5.097	7.89	17.664	18.265	20.879	16.184	9.325	5.841	6.874	7.296	14.708	5.164	18.372	7.796	5.192	7.105
4.623	4.676	6.838	5	4.505	3.705	5.731	7.363	7.015	4.623	5.998	5.513	6.693	6.605	4.177	5.211	7.015	8.761	4.769	5.164	1.328	11.276	6.59	4.35	6.238	7.902	2.852	5.662	7.995	4.142	2.053	5.22	4.881	5.267	6.127	8.384	14.186	9.851	6.079	5.998	8.705	7.429	2.485	12.928	14.999	3.611	6.515	7.188	6.246	6.006	8.557	5.211
0.99	0.7	2.1	3.748	2.8	0.99	1.512	2.62	0.572	2.492	3.501	0	0.572	4.201	0	15.402	2.8	7.562	2.8	7.691	7.001	20.007	16.803	5.239	4.122	2.8	0.99	3.748	0	3.025	2.858	3.183	1.512	2.97	3.025	2.492	1.715	2.858	1.512	3.183	1.512	11.04	4.122	10.478	1.98	2.97	6.183	7.497	9.751	9.917	0.7	9.616
7.222	6.006	6.006	2.485	2.364	3.528	5.731	5.173	4.921	5.313	3.597	8.938	5.126	5.45	4.058	7.765	5.832	10.179	6.838	7.508	5.267	4.118	4.046	3.1	5.662	3.796	2.8	2.322	6.845	1.469	5.049	1.799	2.485	4.046	3.019	6.363	7.022	7.508	2.279	4.505	1.627	4.871	9.139	7.783	8.783	2.364	3.744	3.665	3.501	2.053	6.238	9.091
3.358	2.711	1.4	1.4	1.213	2.657	3.178	2.957	2.146	2.937	2.146	2.258	1.771	2.852	2.322	1.904	1.852	2.563	2.364	3.178	2.524	2.146	3.528	2.524	3.37	2.747	0.886	1.291	3.162	3.254	1.852	1.502	1.291	3.178	1.771	1.246	1.565	2.62	2.887	2.711	5.126	4.259	2.582	0.542	2.258	5.468	5.816	3.208	3.744	2.1	1.657	3.86
4.185	4.413	3.86	7.514	3.11	3.944	3.353	3.279	6.973	3.638	4.094	5.202	5.192	11.909	2.613	3.651	5.589	4.357	3.579	6.355	5.832	6.46	5.693	4.154	2.563	3.944	1.734	4.154	2.705	3.234	2.705	3.172	3.931	3.792	5.036	1.852	2.759	5.329	4.058	2.613	4.548	6.283	4.368	3.068	4.714	3.131	2.459	3.981	2.139	2.556	0.886	5.866
9.599	7.643	6.333	7.293	5.851	10.767	11.329	4.74	10.917	4.644	7.714	4.528	6.238	8.608	4.516	6.83	9.088	8.744	6.333	8.966	5.393	5.137	11.854	4.455	7.157	8.284	6.752	9.599	8.18	5.262	6.436	8.669	8.401	11.895	7.47	6.685	8.726	7.309	7.065	8.031	10.492	10.571	6.039	11.213	9.983	7.691	6.978	6.21	6.103	9.814	8.8	12.163
18.812	13.258	16.544	15.733	11.215	4.921	10.17	7.091	14.321	12.138	23.541	22.615	12.594	13.921	19.957	15.155	12.074	14.358	17.48	11.517	16.048	20.949	13.594	12.806	5.359	21.771	8.354	18.65	15.661	6.079	16.904	19.217	17.803	11.852	19.992	8.563	15.456	19.114	14.625	12.633	30.353	13.826	13.376	11.012	10.417	10.746	16.078	17.143	15.91	14.976	16.823	13.604
2.852	4.516	1.085	2.937	3.019	1.852	4.665	1.904	3.611	1.502	3.052	2.563	2.937	1.129	4.106	2.675	2.524	3.528	2.029	3.542	2.524	3.401	1.469	2.563	2.887	4.483	1.904	13.932	18.005	1.4	0.828	1.291	2.279	2.258	13.974	18.046	20.395	2.214	1.328	2.279	0.99	4.901	10.923	15.913	16.968	3.665	1.904	1.627	2.146	2.563	12.219	3.542
3.744	2.146	3.809	1.843	3.528	5.087	2.582	5.078	1.799	2.937	4.282	3.358	1.771	2.258	0.886	4.338	1.627	1.199	4.612	3.731	2.146	4.779	3.162	3.923	2.657	2.711	0.542	2.965	3.501	1.199	0.511	0.404	1.291	0.886	3.003	3.678	5.192	0.443	0.443	0.443	0.443	0.542	0.886	3.239	5.662	4.022	0.542	1.502	1.657	0.828	2.398	1.904
3.597	4.232	6.821	4.773	3.843	9.701	5.126	4.898	2.398	5.719	6.285	2.994	5.011	6.254	4.644	5.447	6.735	7.05	5.217	6.676	3.115	2.343	3.742	1.157	3.792	5.519	3.949	6.052	6.402	4.49	5.58	5.474	8.084	4.465	2.485	2.602	2.657	6.223	3.691	5.126	6.406	1.586	4.662	5.402	5.255	5.142	5.58	4.609	4.383	6.429	2.829	4.22
8.204	6.536	5.995	7.982	7.231	5.453	1.246	5.073	4.917	0.572	5.505	2.357	8.104	13.21	4.082	6.391	7.691	6.13	5.393	5.393	1.512	4.528	9.768	1.485	2.357	1.896	2.195	3.558	2.844	3.271	3.37	6.103	3.558	4.082	3.824	5.745	3.835	2.915	6.183	2.041	6.157	5.851	2.34	2.957	2.957	3.271	3.382	2.957	1.691	2.97	4.942	2.604
1.691	2.061	0.572	4.316	3.271	0.948	1.246	2.041	1.691	2.8	2.681	4.455	3.835	5.858	3.37	2.475	1.617	4.278	2.357	3.078	3.131	1.246	4.278	3.66	1.278	5.301	2.061	3.477	1.246	0.948	8.044	3.37	0.99	1.98	0.948	1.98	0.808	3.17	1.4	0	0.495	0	0.495	0.495	0.99	1.485	2.041	1.874	0.99	2.041	0	0.808
1.771	2.053	2.214	8.671	5.029	3.358	1.129	4.483	5.359	1.469	2.747	2.364	6.698	6.409	2.116	2.485	3.411	2.847	3.003	1.879	4.118	3.472	2.378	0.828	2.485	2.759	3.809	4.293	4.461	1.291	0.99	0.828	1.129	7.119	6.966	4.559	2.835	1.771	0.542	1.252	0.828	5.164	4.602	4.142	3.744	2.563	1.771	0.886	1.469	1.657	3.923	0.886
3.065	5.239	1.143	2.957	3.66	4.983	3.37	3.271	2.62	3.66	4.162	4.644	6.391	2.915	3.792	1.808	4.748	3.065	3.66	2.915	2.357	4.528	5.301	2.604	2.957	2.844	3.738	4.942	2.844	1.485	5.049	3.078	2.195	4.501	3.824	2.34	2.34	3.43	8.947	1.874	3.748	2.97	2.844	1.691	4.306	9.735	5.2	3.649	2.195	4.162	5.423	8.498
1.586	3.809	6.676	4.282	3.162	6.735	2.613	3.131	3.019	4.259	2.405	3.665	4.406	3.651	3.57	3.084	6.824	3.597	1.291	2.8	3.254	6.079	2.852	4.165	2.459	3.597	3.611	1.743	2.053	1.705	1.469	3.178	4.142	3.019	3.358	5.332	3.193	2.1	2.384	4.461	1.922	9.235	4.98	1.199	0.7	4.142	2.852	1.852	3.279	6.406	4.501	3.03
10.921	9.266	5.968	17.794	32.382	16.209	40.979	31.041	23.56	33.517	17.235	16.996	19	36.807	13.382	20.459	18.549	15.283	7.253	14.895	14.242	16.138	14.939	14.47	5.081	31.868	11.475	9.231	8.003	5.239	9.851	25.325	11.472	16.89	5.262	14.928	14.738	9.646	10.556	25.013	47.658	39.978	6.782	20.168	33.683	41.24	27.107	11.826	46.786	6.925	26.609	26.506
1.904	6.039	4.106	2.322	3.86	5.396	5.799	4.046	4.98	2.852	8.354	7.455	1.469	3.019	3.796	2.887	3.019	5.396	6.845	2.053	3.796	4.591	6.417	3.472	3.328	4.559	2.322	4.058	5.486	7.422	6.394	2.852	4.058	6.223	2.835	3.472	4.282	4.461	2.582	6.006	6.079	5.495	7.624	7.765	4.717	6.809	3.611	3.084	4.224	4.83	4.282	3.997
4.534	6.153	9.262	2.405	3.83	11.643	4.881	0.808	4.85	8.664	2.915	4.232	6.368	5.264	4.312	9.051	11.638	3.51	8.882	7.267	11.174	6.337	5.065	5.065	4.457	3.234	6.244	4.38	4.417	4.907	6.127	9.471	3.809	4.534	4.22	2.294	5.402	2.485	10.008	8.783	15.347	12.362	4.042	4.417	8.162	10.598	15.39	13.6	19.577	9.64	18.499	11.258
3.611	11.769	7.429	12.536	3.936	4.98	9.512	6.063	4.461	5.441	2.563	10.251	4.395	5.644	7.752	4.118	4.282	6.657	5.883	6.079	10.351	3.96	5.359	3.86	9.941	7.682	5.575	5.916	4.165	3.923	7.276	6.931	3.019	2.053	5.116	1.852	4.177	3.86	2.675	5.359	6.079	5.164	4.046	1.502	4.224	7.618	5.423	4.046	3.638	6.207	8.384	3.936
5.137	8.906	11.812	3.748	13.169	10.113	12.731	7.117	5.073	3.477	8.099	5.049	7.298	5.63	9.336	7.157	5.016	4.748	8.104	8.683	4.808	2.492	10.365	6.592	5.659	4.679	3.66	8.204	7.962	7.941	8.532	5.941	6.385	6.177	9.266	8.338	11.561	2.475	5.016	3.37	3.131	6.493	8.023	5.995	7.513	9.544	6.493	6.333	6.907	5.745	7.728	5.745
3.178	1.627	4.177	4.45	4.106	3.501	1.291	5.019	4.665	2.675	3.254	2.279	2.279	5.145	6.394	2.835	1.502	3.178	1.799	10.346	4.505	5.998	4.022	4.428	2.747	1.502	1.129	6.59	2.364	4.293	2.765	3.178	1.93	1.291	2.322	4.395	4.118	2.563	3.611	1.502	3.873	1.4	2.582	8.586	3.084	8.867	4.676	3.358	4.769	6.199	4.395	7.442
14.875	25.318	6.664	16.641	17.525	12.955	21.692	22.982	22.886	20.016	19.66	25.79	14.355	23.727	24.43	24.064	18.145	21.366	15.545	18.059	18.518	20.471	28.279	19.199	13.236	18.851	14.752	26.311	13.015	20.738	20.428	21.068	20.286	23.413	19.397	14.423	14.027	17.559	27.415	30.026	22.862	14.868	13.258	23.964	16.744	13.904	15.685	15.973	19.153	14.884	15.919	12.803
2.357	6.314	6.788	8.906	4.783	9.835	2.957	5.324	5.68	6.636	3.792	5.078	4.001	9.497	6.518	3.382	2.604	4.395	9.835	6.883	11.613	3.66	6.183	3.991	8.575	5.145	1.691	5.049	6.586	5.301	3.333	3.477	6.518	5.968	7.77	6.739	9.934	1.4	3.465	3.178	4.501	1.627	4.455	6.281	7.497	5.049	3.991	4.042	4.001	4.942	6.157	8.204
2.915	4.152	2.62	2.492	4.001	1.512	5.145	2.858	2.287	2.061	4.983	7.117	3.43	4.122	2.195	8.874	8.003	2.97	6.442	5.63	4.122	4.537	4.072	1.98	6.023	5.239	6.183	7.895	5.239	3.183	6.592	4.455	2.492	2.915	1.512	10.767	0.99	4.001	1.691	4.001	6.877	5.851	7.276	9.751	5.073	1.715	3.477	4.884	8.459	3.465	4.983	3.835
1.93	3.638	2.524	4.559	3.923	2.053	3.314	2.92	3.997	2.582	5.965	5.286	6.079	1.565	3.86	2.747	5.267	3.744	2.146	3.052	3.611	3.898	1.98	5.748	5.359	5.998	0.886	2.485	3.019	3.528	1.469	2.563	2.146	3.744	2.92	2.258	1.852	3.665	3.597	3.43	2.258	2.258	1.502	3.387	2.747	1.469	4.505	3.678	2.279	2.214	4.338	4.779
4.728	5.799	2.485	3.501	3.328	3.084	2.053	3.731	3.705	2.62	13.419	7.56	2.8	4.177	3.542	3.528	1.129	1.799	2.384	3.019	1.129	2.563	3.358	2.582	2.582	2.384	8.134	4.372	3.796	7.846	4.106	3.936	2.887	7.462	4.142	4.224	16.89	10.251	3.003	2.747	0.99	3.314	4.282	2.465	3.923	2.364	2.563	1.657	1.627	1.565	5.359	3.162
2.675	3.401	5.126	2.258	3.923	2.053	2.852	1.213	2.425	5.423	2.524	3.665	3.638	3.314	7.001	3.178	2.675	4.45	3.003	2.524	4.046	1.799	4.395	3.178	2.053	4.395	3.809	2.675	1.502	2.92	2.1	2.146	0.99	3.96	2.485	1.93	2.887	1.291	2.279	5.495	2.279	3.178	1.469	2.169	2.146	2.937	5.731	4.461	2.146	4.612	4.45	2.322
10.431	7.202	4.783	6.333	8.943	4.381	2.604	2.041	5.623	6.925	3.705	5.176	9.235	8.726	3.738	11.386	7.47	7.557	9.884	2.957	5.851	4.609	4.465	5.968	3.738	7.065	3.558	3.824	7.859	8.683	9.11	12.871	5.505	4.455	11.39	4.162	15.113	8.498	7.475	1.617	8.669	3.333	4.23	5.073	4.391	3.078	4.072	6.782	3.558	5.301	5.623	8.264
2.747	1.657	2.146	3.239	2.485	3.052	3.665	2.524	3.052	4.82	2.62	3.705	1.627	2.675	6.34	3.401	2.053	4.177	1.085	13.295	5.164	3.528	3.387	6.006	8.086	3.1	3.284	4.505	3.665	1.93	2.675	2.937	2.146	2.747	2.97	3.542	2.675	4.676	6.47	4.395	1.904	3.1	2.582	3.052	4.293	3.501	2.711	3.387	2.384	4.338	1.502	3.019
3.465	2.475	3.37	8.984	4.001	3.284	2.34	5.137	4.001	3.991	3.57	6.314	2.357	3.558	2.287	4.23	3.57	3.271	1.143	3.333	1.278	5.393	0.572	4.042	4.306	3.57	2.287	0.808	1.98	0.99	2.139	3.824	4.942	4.042	2.195	1.896	5.239	0.99	2.34	0.808	5.623	5.68	4.884	4.316	2.061	8.459	4.85	1.715	8.18	2.195	3.705	8.906
4.728	4.516	8.005	11.91	5.438	7.482	4.577	6.49	3.705	5.151	5.965	6.427	6.647	6.821	7.686	6.285	5.995	4.417	3.353	7.096	5.217	3.411	8.649	6.181	3.981	8.246	2.505	1.852	3.178	3.411	4.042	5.113	3.157	2.711	4.042	4.247	2.116	3.353	4.917	3.239	7.394	5.375	5.821	7.341	5.655	4.633	6.22	8.527	10.251	13.301	4.22	9.716
1.734	2.915	2.229	0.942	5.554	3.584	3.557	1.316	2.613	3.046	3.157	2.343	4.256	4.703	3.178	2.783	3.486	3.116	4.602	4.587	6.518	7.876	1.817	3.172	2.128	2.733	4.827	3.43	5.685	4.059	5.384	5.624	3.131	5.762	7.048	7.618	6.843	6.117	7.453	4.63	3.633	1.705	6.802	8.527	10.398	8.821	9.455	4.01	7.603	8.448	12.329	10.694
3.387	3.528	4.559	3.898	1.98	3.873	1.129	2.322	2.524	2.675	5.539	4.372	4.505	2.146	4.717	3.96	6.737	5.019	3.401	5.078	3.314	2.364	4.282	1.904	3.458	3.019	4.082	3.923	3.254	2.053	1.93	0.99	1.291	5.557	11.171	7.939	4.282	1.657	0.542	0.99	0.7	1.129	4.98	2.582	2.465	1.213	0.542	1.129	0.542	1.502	4.931	1.129
10.855	10.063	8.122	10.184	5	10.227	6.207	11.302	9.341	6.766	6.417	4.98	5.575	7.126	3.86	11.101	6.802	10.972	10.082	3.328	4.282	3.96	7.296	8.705	9.101	4.516	3.314	6.693	2.675	2.92	5.173	4.428	2.524	7.228	2.384	3.86	4.83	11.319	4.921	5.359	5.359	4.676	5.575	2.8	4.871	7.871	4.118	2.169	9.816	7.65	8.671	5.731
3.501	3.328	2.279	4.022	3.314	2.563	2.258	1.328	2.279	2.675	2.485	4.881	3.731	4.259	3.809	4.118	3.936	5.874	2.279	3.387	2.675	2.97	1.627	2.053	2.258	3.542	6.316	4.748	4.082	1.799	5.192	5.662	7.89	4.98	5.173	3.084	4.395	8.195	1.904	3.597	2.524	1.502	4.516	2.563	3.052	2.563	3.472	3.611	3.084	2.279	2.852	1.291
1.512	4.082	2.195	1.98	4.67	2.475	2.492	5.176	2.357	1.808	1.143	3.66	2.492	3.991	2.287	6.586	3.57	2.492	1.4	6.157	3.66	2.357	5.68	14.072	3.57	1.512	5.961	5.542	22.233	5.145	3.271	5.453	4.74	14.439	15.952	6.493	4.748	2.604	4.501	4.6	6.391	7.431	24.326	6.417	6.103	4.917	2.492	2.492	2.357	3.465	6.177	6.417
9.751	8.303	9.768	4.465	9.616	2.1	1.715	4.201	8.929	3.748	10.431	5.513	1.4	2.061	8.064	12.537	5.081	9.2	5.453	8.575	9.967	6.493	13.098	4.001	4.983	12.099	6.739	9.445	6.592	5.453	7.431	6.931	2.97	6.301	6.365	9.514	8.536	4.316	3.477	8.401	36.66	13.731	4.316	1.715	0.572	8.401	7.859	3.477	34.682	6.931	8.984	7.163
4.921	3.019	4.395	4.769	7.921	4.046	1.771	4.644	6.417	4.676	3.472	6.802	4.282	3.084	2.675	2.485	2.384	4.85	3.997	2.563	3.387	2.582	2.364	6.079	5.486	5.22	2.675	1.129	2.053	1.4	0.886	1.199	1.502	2.524	2.214	3.284	3.178	6.838	2.258	1.291	0.542	2.937	5.258	3.387	5.748	2.485	4.259	3.809	3.542	2.852	4.921	2.92
3.477	2.8	4.609	4.528	11.386	10.113	4.23	5.453	6.365	4.983	5.716	3.477	3.57	6.177	10.571	3.065	9.164	6.954	10.679	4.353	8.338	5.081	0.572	7.431	5.63	0.572	6.907	1.874	14.518	3.748	4.353	6.493	3.271	1.246	2.475	12.234	5.081	7.065	2.957	3.477	2.041	4.316	3.558	5.505	5.446	4.042	4.942	4.465	7.253	4.072	3.558	3.748
7.188	5.539	12.335	4.235	6.617	1.93	4.483	1.799	2.915	6.657	4.98	4.528	8.744	5.45	8.683	3.084	7.323	4.072	1.246	5.79	4.501	1.904	3.472	6.98	6.536	5.239	6.039	5.126	4.428	7.624	2.957	1.904	1.4	7.396	5.486	7.921	2.357	5.073	5.137	4.612	5.286	4.921	1.98	3.003	3.465	14.602	21.721	4.235	3.96	23.604	2.357	4.676
10.141	8.833	3.078	3.43	3.57	4.714	0.572	7.431	5.542	3.271	6.333	3.183	4.455	3.025	4.001	4.306	3.477	4.528	5.208	2.915	3.333	3.131	4.316	2.041	6.314	3.558	1.512	2.287	8.165	2.604	4.465	8.947	1.691	2.62	4.983	11.418	6.103	10.679	5.801	4.455	6.077	6.281	7.982	4.316	15.005	11.725	4.465	3.183	9.718	11.936	8.979	7.431
6.586	11.26	15.6	4.501	14.265	15.975	6.877	7.728	16.822	10.891	5.63	13.826	5.745	11.289	9.217	11.332	13.43	12.589	16.026	16.516	11.753	7.691	10.797	9.785	12.919	9.124	7.157	11.213	4.455	11.404	12.217	10.109	7.293	7.557	8.979	15.767	13.21	5.851	5.794	8.416	3.558	8.744	9.544	11.617	6.123	5.961	6.385	1.715	9.735	4.67	4.316	13.683
5.801	6.023	3.025	4.983	6.493	5.968	7.163	3.748	5.453	5.239	3.183	3.025	3.025	5.453	6.05	4.316	4.537	2.492	4.001	4.122	5.63	2.97	5.453	6.417	6.023	2.97	4.537	3.57	4.001	5.63	1.715	6.592	7.14	4.983	4.001	2.492	6.05	5.081	5.453	4.679	5.801	6.592	4.465	2.858	6.739	8.244	4.983	5.716	2.62	3.748	7.163	0.99
3.997	6.53	10.814	5.304	3.387	11.723	7.222	6.199	4.871	3.501	4.8	4.35	3.084	3.019	3.084	3.611	5.145	7.462	5.22	2.279	3.387	4.235	3.528	2.675	6.895	3.923	6.737	11.61	6.047	11.21	16.956	2.747	8.183	3.678	4.85	8.254	7.228	7.871	4.106	2.92	5.539	4.046	8.448	7.153	6.642	6.966	5.899	4.516	3.239	4.372	1.904	3.052
3.873	2.852	1.904	1.799	2.029	2.937	3.084	3.665	3.254	3.744	2.563	1.771	1.657	2.279	2.1	3.744	1.852	2.835	2.711	2.029	2.364	3.997	3.003	1.502	2.747	2.053	2.582	1.904	9.246	4.98	3.084	3.731	2.937	1.627	2.029	1.502	2.765	3.705	2.835	3.019	1.93	5.731	0.828	3.314	2.711	6.079	5.539	5.304	3.254	4.881	3.472	5.097
4.235	4.058	3.611	3.472	5.097	6.838	6.394	2.835	3.084	3.328	4.282	5.313	5.486	2.852	4.623	5.304	4.665	3.678	8.872	2.8	3.084	5.126	4.428	1.328	3.936	2.322	2.747	2.258	2.146	2.169	6.047	4.98	5	4.282	1.213	3.254	1.291	1.627	4.293	4.769	6.715	2.675	2.657	3.084	3.254	0.99	1.657	2.675	2.425	3.314	4.97	1.469
3.37	4.072	5.961	2.357	2.844	3.96	3.477	7.859	4.162	4.573	8.044	5.423	2.604	0.572	4.316	5.393	5.688	4.001	8.299	1.512	2.858	6.436	2.357	1.278	5.073	6.016	2.357	5.623	6.782	7.497	4.942	3.524	4.783	3.748	3.234	3.66	7.117	3.43	4.381	2.492	2.34	6.907	3.271	7.557	11.289	12.498	2.287	9.445	2.8	1.485	2.195	2.62
2.465	1.98	1.98	1.502	2.384	0.828	2.364	2.279	2.524	1.502	2.279	2.029	1.565	3.131	1.904	0.828	2.711	0.828	1.799	1.657	1.657	1.627	2.465	1.627	3.611	2.146	1.085	2.8	1.657	1.469	3.328	1.852	1.799	1.213	1.627	1.657	3.597	2.563	2.322	2.852	1.129	1.502	0.886	1.98	2.1	2.384	3.084	1.93	0.886	2.279	2.053	1.469
3.375	5.113	2.52	4.634	4.042	3.563	2.907	3.835	4.407	5.712	4.599	3.511	4.639	2.347	3.219	2.473	4.03	4.778	2.915	4.908	2.792	4.03	3.692	2.117	3.829	3.822	3.063	1.588	1.143	2.556	4.812	6.628	4.563	1.884	1.203	2.193	2.245	2.139	6.122	7.011	2.792	2.038	2.203	1.755	1.66	1.687	1.871	4.496	3.219	4.256	2.482	2.672
9.693	8.312	6.921	6.764	6.577	12.927	12.775	5.624	5.042	8.057	8.109	11.85	10.492	6.073	9.765	11.655	7.39	6.909	6.08	12.464	7.576	4.729	8.957	7.614	9.278	13.054	6.389	3.832	3.47	4.702	4.504	6.869	6.211	6.712	3.865	3.12	3.497	5.679	4.573	6.148	6.63	4.178	2.772	3.345	3.048	2.45	3.365	4.674	3.865	5.417	4.133	3.657
9.219	3.501	8.783	4.046	9.666	1.627	3.239	7.389	4.235	8.828	2.852	6.737	7.682	8.301	8.982	5.405	5.832	3.936	7.409	2.765	9.711	5.924	8.325	5.874	7.521	6.047	5.359	3.997	2.563	3.328	4.98	6.262	4.85	5.748	4.046	3.873	3.084	3.835	5.67	5.396	5.378	4.8	7.16	4.118	5.883	5.45	6.455	6.679	3.665	5.899	4.022	7.995
2.657	2.887	2.384	2.053	1.904	2.97	3.472	2.582	2.053	1.799	1.328	1.502	6.909	2.214	4.931	3.239	4.717	1.771	4.058	2.852	4.612	2.747	8.104	5.097	3.084	6.657	2.563	0.7	0.7	3.472	5.45	6.355	3.239	3.1	1.502	1.328	2.852	1.852	4.235	5.67	5.816	2.582	1.502	4.106	3.178	0.828	2.852	2.852	2.364	9.429	6.895	4.235
7.394	15.058	16.857	16.634	15.945	21.1	21.658	10.346	16.014	15.357	3.019	23.061	13.952	16.184	12.633	12.394	13.052	19.967	15.377	27.026	20.028	12.977	13.01	13.293	13.236	14.868	9.709	7.363	17.925	20.583	16.275	6.53	9.26	12.165	11.772	22.679	14.998	12.629	15.197	16.947	4.338	6.881	11.362	17.331	10.392	7.427	9.297	8.937	5.924	13.48	9.276	17.142
6.783	6.755	6.942	5.269	7.008	5.29	4.979	7.291	5.995	6.501	7.995	6.608	5.228	6.614	6.487	8.381	6.276	7.672	6.1	6.618	3.372	4.148	6.663	6.297	3.335	5.223	3.556	4.247	3.406	4.891	6.054	5.857	5.372	3.507	4.434	8.258	4.877	3.391	6.856	7.827	5.186	2.149	4.477	3.518	4.743	3.562	3.982	4.625	3.032	5.889	6.464	7.401
22.133	17.08	17.407	29.386	21.481	27.776	23.056	26.171	22.394	48.888	37.458	25.286	19.267	32.794	25.934	18.164	31.616	31.28	38.272	21.113	13.404	19.977	32.107	27.229	37.927	20.868	14.699	20.569	19.363	42.706	18.287	19.101	14.289	19.497	15.514	16.202	17.778	41.748	18.559	35.266	11.641	17.669	26.613	53.93	26.413	24.646	26.39	26.547	42.729	23.116	17.987	13.838
4.881	7.349	5.116	4.472	7.42	7.068	4.745	3.565	4.22	4.126	4.577	3.294	4.413	7.096	4.383	3.997	3.218	5.685	4.189	4.881	3.779	7.695	2.537	6.376	5.375	5.338	4.827	4.745	5.796	3.234	4.22	6.766	7.267	28.044	20.035	13.186	3.468	5.192	3.83	5.921	9.674	32.233	12.555	13.91	3.094	6.49	4.534	3.579	9.674	8.317	14.597	4.49
13.276	11.576	14.686	10.914	7.809	14.957	7.846	6.917	7.97	4.82	13.087	6.838	17.609	12.936	22.239	8.761	6.545	8.062	10.878	11.861	6.737	8.761	8.001	11.254	9.435	9.085	7.964	8.534	3.665	8.354	11.525	9.262	7.289	8.529	7.902	17.6	8.206	5.029	9.403	18.489	6.53	14.868	8.5	11.145	12.335	2.937	9.816	9.801	6.737	7.105	9.101	5.126
7.247	5.765	4.316	6.183	5.074	5.671	5.049	5.007	7.688	6.413	9.615	4.077	5.855	4.573	11.679	5.474	7.42	3.937	7.447	3.742	6.284	4.659	7.347	3.843	4.122	4.703	6.046	2.425	7.182	2.987	7.721	5.897	5.142	8.821	6.376	5.095	3.981	6.881	8.737	5.393	9.141	6.464	4.019	2.724	4.19	4.796	3.299	9.624	7.54	4.837	2.485	6.907
4.391	6.931	3.877	10.977	5.858	4.306	6.518	0.99	0.99	3.025	2.604	2.62	3.824	6.877	2.97	2.041	3.183	4.528	4.201	2.195	10.4	3.908	1.512	1.715	3.025	3.43	2.061	4.23	7.071	7.14	7.562	4.001	6.05	3.025	7.941	6.023	0.99	8.104	5.941	4.001	6.931	6.685	9.531	4.884	4.983	3.57	7.497	3.824	3.96	3.271	4.316	1.98
2.981	2.095	6.429	3.333	4.619	4.63	5.486	4.461	4.138	7.494	5.142	5.167	4.413	4.577	4.877	5.151	3.767	3.589	3.654	3.81	4.042	4.15	3.997	5.438	3.62	5.103	3.255	1.657	2.898	4.534	4.965	6.093	7.158	3.03	5.998	3.881	2.315	1.199	3.003	3.74	2.556	2.473	7.341	3.078	4.071	2.485	3.609	5.301	6.477	5.065	3.411	2.632
4.036	4.95	3.314	4.917	4.195	4.49	2.287	4.599	3.687	3.255	4.604	4.532	3.47	7.428	3.168	1.491	5.814	4.099	5.301	3.81	4.267	3.679	2.547	4.116	6.019	4.797	5.474	2.52	4.195	3.779	4.042	3.66	4.234	6.042	1.715	4.639	2.602	2.792	3.877	3.338	3.633	5.036	4.001	2.473	3.239	2.193	2.707	2.347	1.852	1.657	3.497	3.175
12.602	9.801	8.421	18.89	20.303	18.903	29.377	2.8	10.016	5.601	4.901	14.702	18.372	4.901	17.858	29.393	24.42	9.801	3.501	7.733	15.934	14.862	6.931	12.366	14.002	10.951	20.459	24.633	32.331	20.303	11.202	18.399	10.337	43.429	47.607	19.603	46.274	23.283	29.221	55.218	39.906	34.305	13.861	12.602	7.14	7.14	38.351	14.702	37.741	2.8	11.729	20.395
3.358	3.796	5.258	6.34	3.501	5.883	3.328	2.029	6.477	5.688	5.441	5.916	3.019	3.985	2.887	7.363	3.705	4.591	6.167	6.802	3.638	3.86	3.528	6.34	4.165	5.67	5.618	4.177	5.627	11.736	4.623	5.874	4.483	3.458	7.228	3.358	5.841	2.97	1.627	7.618	3.239	3.178	5.078	3.542	2.835	2.852	1.085	1.502	5.049	3.796	3.86	1.085
6.159	10.932	4.871	8.378	7.096	10.378	9.635	8.975	9.85	14.999	4.85	4.372	6.737	5.874	11.136	6.363	8.39	9.635	8.733	11.319	3.731	15.57	10.131	11.056	4.35	2.425	6.223	8.8	4.247	5.078	2.92	6.766	6.127	6.455	3.314	3.744	5.286	4.96	6.838	3.178	7.54	5.627	3.411	8.001	3.294	4.769	4.118	5.539	2.852	4.871	1.98	2.852
5.799	7.001	5.304	4.901	15.316	6.363	17.112	7.389	14.235	3.084	4.177	9.009	12.614	13.368	25.936	4.612	3.314	6.439	5.078	14.989	8.419	9.325	3.86	5.019	11.189	8.343	9.46	5.874	7.208	7.777	13.51	10.256	7.964	8.086	9.533	3.809	7.228	5.748	10.346	4.83	8.9	5.832	9.64	5.924	7.624	9.635	7.688	13.89	11.66	5.286	15.323	10.464
1.213	1.502	2.747	0.99	1.502	2.675	2.279	1.93	2.053	1.771	1.328	0.828	1.502	2.582	5.211	1.627	1.502	1.469	1.502	1.502	0.99	3.387	3.178	1.502	2.384	1.771	1.904	0.542	0.7	0.542	1.799	4.591	2.053	0.886	0.828	0.828	0.828	1.291	4.316	10.289	1.904	2.465	1.502	0.886	0.886	2.1	2.711	9.251	5.126	3.328	2.582	5.67
6.363	2.1	4.35	1.085	3.611	3.458	3.239	4.45	5.627	3.705	7.488	5.883	4.106	5.965	2.384	5.068	2.563	1.93	5.575	2.279	2.279	3.131	5.173	5.145	5.192	1.904	2.835	3.003	2.364	1.291	1.771	0.828	2.384	1.213	1.291	2.279	2.937	3.052	3.328	2.053	2.675	2.279	3.1	6.59	4.118	1.502	5.164	4.118	1.771	2.279	1.502	7.194
25.003	1.129	4.881	3.528	4.676	6.394	3.019	4.871	3.052	2.835	0	2.835	7.036	3.923	6.432	5.832	2.146	3.358	2.214	1.657	1.93	6.515	5.019	5.22	1.627	3.638	2.1	1.627	0.7	3.084	4.569	3.77	4.676	3.873	3.597	3.997	0.886	1.715	4.569	7.153	7.97	3.638	1.627	0.886	1.328	1.129	2.053	3.084	2.747	4.748	0.886	2.524
11.332	11.016	9.085	10.99	4.569	8.147	6.515	8.343	8.242	8.001	12.73	10.058	8.9	7.289	6.127	8.477	5.575	9.208	7.429	10.719	8.789	11.512	10.719	5.799	8.442	8.727	6.987	10.581	6.039	8.982	6.079	5.164	8.056	2.146	8.013	3.052	6.363	11.345	7.309	6.127	2.582	9.512	5.618	6.439	5.097	3.542	10.99	8.116	4.8	7.56	10.256	5.192
7.977	3.465	14.582	10.258	8.259	12.481	6.333	2.957	1.4	13.503	9.02	11.361	10.706	7.643	6.07	11.158	10.797	16.115	6.636	6.13	11.472	9.375	11.613	13.095	4.917	11.753	3.558	2.915	4.808	5.794	6.782	10.369	18.547	9.835	9.375	4.162	13.564	10.4	11.158	3.271	5.423	4.001	4.316	3.824	8.796	6.907	17.235	10.032	9.2	13.244	4.316	8.185
4.235	10.562	5.405	5.799	8.212	4.569	6.693	15.313	1.657	5.211	3.472	4.569	3.239	7.296	2.852	4.165	4.676	1.852	3.084	2.322	4.97	6.355	6.809	4.058	4.881	4.901	3.472	3.796	4.235	2.765	7.022	2.384	2.425	3.731	6.952	1.904	6.207	3.873	4.881	9.304	2.485	4.8	8.442	5.731	3.019	9.182	3.86	6.53	1.799	2.675	3.665	5.883
9.475	17.47	7.728	13.219	15.475	9.462	10.876	8.555	17.563	26.32	13.564	13.382	13.823	7.453	16.199	15.697	10.129	6.229	8.459	12.817	11.812	16.496	21.189	17.57	10.552	14.884	6.83	6.788	4.316	7.77	5.27	5.208	1.4	8.284	13.383	5.393	10.509	7.936	3.738	20.555	13.12	11.055	8.204	10.384	10.706	18.388	10.608	8.594	13.885	12.376	17.063	10.767
2.582	3.528	3.218	3.528	2.279	2.053	1.627	2.965	2.937	2.053	4.717	4.058	2.053	1.129	3.524	2.759	1.743	2.563	3.651	2.146	1.743	2.783	3.279	2.852	3.284	5.113	3.931	1.457	2.053	3.284	3.03	2.675	3.843	4.921	3.486	1.98	2.563	0.626	2.053	7.584	2.322	5.765	4.259	2.505	3.131	3.501	3.157	4.395	5.304	4.457	2.053	2.675
0.572	1.691	3.835	1.808	6.365	3.271	2.604	3.477	4.644	4.983	0.948	2.475	3.615	6.442	1.691	4.001	4.316	1.512	1.512	3.524	3.065	2.844	2.62	3.649	3.824	1.715	3.558	2.858	6.13	5.137	3.908	2.97	4.152	5.073	2.492	5.542	3.524	3.738	2.62	5.301	2.492	7.343	9.231	2.957	1.512	3.131	4.001	4.001	5.081	4.001	8.421	2.061
7.403	5.151	8.714	4.03	8.019	3.524	8.393	8.618	4.278	8.79	6.62	4.763	7.584	7.104	5.151	7.506	4.22	6.829	8.294	3.178	10.278	13.43	9.505	6.686	15.268	6.314	4.881	5.589	2.207	3.62	4.189	9.51	7.33	4.672	4.138	6.686	4.293	5.987	9.735	24.935	23.31	12.117	6.231	4.232	3.83	5.338	28.197	17.268	24.171	11.772	8.835	15.597
3.358	6.553	3.809	8.761	8.147	4.022	10.618	7.846	8.66	4.142	8.506	5.644	5.486	5.276	4.042	4.282	1.922	4.201	6.59	5.049	7.688	5.267	5.164	6.363	7.982	3.923	5.662	7.057	3.254	5.575	4.461	6.52	3.131	7.846	6.657	6.355	5.239	8.183	6.34	3.997	6.285	5.049	8.36	3.528	7.174	2.582	6.664	7.085	7.65	3.254	8.705	5.164
14.758	20.221	10.804	4.03	17.549	11.456	12.701	11.992	18.562	17.538	18.877	12.909	12.95	14.797	13.378	10.43	17.98	21.121	21.137	13.825	17.873	8.035	15.63	8.204	13.055	19.331	25.385	36.186	21.389	21.538	18.615	14.56	21.689	22.33	22.627	40.479	31.445	18.657	14.189	15.538	22.119	52.565	38.279	41.242	46.653	33.809	22.383	13.553	20.537	29.754	39.512	22.427
4.739	3.238	5.185	4.657	5.332	3.427	3.26	6.784	4.48	5.158	8.351	4.125	5.397	3.448	4.709	4.504	5.108	6.503	5.808	4.865	6.609	3.958	4.659	5.011	5.184	4.997	2.507	1.269	1.626	2.85	6.598	12.284	14.299	3.497	2.352	5.197	4.748	2.944	11.721	16.37	15.947	15.37	4.156	4.717	5.449	7.33	8.792	8.038	18.095	6.409	5.327	10.505
12.536	10.082	13.833	9.224	13.276	6.553	7.071	4.83	7.56	10.039	14.575	12.339	15.071	14.152	21.737	9.219	15.055	3.898	7.228	5.35	7.085	10.534	8.086	7.777	9.866	7.289	5.495	4.921	4.881	2.563	3.052	5.441	3.731	2.582	4.98	12.477	13.992	6.047	6.987	4.461	1.469	2.747	11.215	17.249	7.56	7.429	4.931	5.332	6.006	11.623	11.58	9.916
3.558	4.876	3.558	1.691	4.001	1.874	5.208	2.041	5.505	5.851	6.568	2.957	1.485	3.382	2.492	1.691	3.37	10.816	3.57	4.381	4.983	3.66	2.604	2.727	4.808	0.99	3.705	3.271	4.6	0.99	2.475	6.543	7.365	2.844	1.691	3.96	1.278	0.948	8.669	9.164	11.158	3.524	3.382	5.745	3.37	1.896	4.748	6.543	4.783	2.357	2.041	3.465
3.991	14.044	15.728	4.162	8.758	4.528	3.991	5.016	6.586	3.792	5.659	2.139	5.63	13.585	7.337	9.164	8.727	5.446	7.202	3.991	5.623	7.163	7.289	6.016	4.74	5.137	7.202	16.416	4.465	2.492	6.693	5.968	9.646	11.475	19.188	3.991	9.88	18.488	21.21	7.163	12.485	5.68	17.739	5.916	4.569	11.055	15.944	14.752	4.162	7.712	12.586	12.376
4.602	5.264	6.351	5.23	5.655	7.058	8.835	5.145	5.203	6.283	3.647	4.217	4.459	7.876	6.701	7.269	3.792	5.659	5.239	8.534	4.946	12.645	9.402	6.701	2.711	5.814	9.665	4.03	6.254	4.947	11.461	9.836	16.084	10.285	8.997	4.48	10.092	5.479	6.5	10.84	11.559	3.358	7.001	6.843	7.296	6.964	9.338	6.585	3.638	6.55	9.154	9.087
22.78	21.797	17.58	20.649	18.453	18.299	52.237	10.732	23.078	12.916	27.243	25.651	28.782	24.056	14.933	28.399	11.541	11.331	21.359	22.705	14.669	17.511	25.825	17.429	16.394	26.594	20.963	26.519	18.127	21.032	8.479	6.285	3.993	7.124	12.691	17.616	22.491	18.278	3.698	10.979	7.195	7.387	14.371	17.305	20.963	12.593	8.98	9.669	13.6	20.171	12.199	8.204
2.053	9.085	4.98	6.406	4.383	3.528	4.058	7.686	3.472	4.483	6.251	4.293	5.441	7.995	8.062	11.914	5.036	2.582	4.779	5.239	3.83	7.329	5.45	7.56	7.508	2.343	10.179	3.328	7.119	4.406	3.86	6.766	5.998	2.765	1.199	7.085	5.807	5.855	11.461	3.239	5.378	5.276	8.39	3.254	8.614	7.383	8.783	4.559	5.438	5.799	8.001	7.752
6.262	8.649	8.242	3.254	4.901	3.597	3.387	6.773	7.605	4.696	10.914	8.266	7.429	4.676	5.405	5.049	7.119	6.363	3.1	3.936	4.282	3.003	4.769	5.239	3.328	6.285	3.528	3.997	3.731	6.143	2.214	3.611	5.173	1.657	3.665	2.425	5.126	1.715	2.146	1.627	1.502	1.799	3.019	4.35	1.657	7.688	1.502	1.904	1.502	1.771	4.779	3.003
6.59	5.685	10.43	4.577	5.142	5.863	4.987	6.879	3.157	7.705	7.16	7.618	6.347	3.638	5.116	7.341	9.153	10.163	8.252	10.604	5.863	4.917	5.589	7.989	11.352	10.278	4.544	5.414	4.235	4.987	2.322	3.172	5.963	4.472	6.306	5.18	6.992	9.175	0.745	5.01	4.173	4.917	7.249	11.354	8.175	8.937	4.142	0.511	2.425	2.459	7.79	3.757
2.981	2.547	3.584	5.255	0.745	1.252	1.879	2.021	2.315	1.085	2.095	2.203	1.955	2.62	1.817	3.633	1.353	1.157	1.817	1.353	1.932	2.416	2.343	2.05	1.157	1.743	5.822	7.341	4.755	10.773	6.948	4.659	1.365	1.956	2.899	4.446	9.526	17.467	7.909	3.524	1.4	2.229	2.343	4.745	5.659	9.462	6.13	8.246	3.524	3.511	4.042	5.731
6.275	4.577	6.498	11.693	5.314	11.57	9.018	10.936	7.865	6.071	5.855	8.776	6.578	9.062	13.576	13.16	5.255	7.882	4.232	5.991	7.491	4.717	7.013	10.091	7.158	9.443	6.406	2.05	7.663	14.992	16.915	7.688	9.49	5.921	4.338	4.532	5.202	13.097	19.917	8.909	9.981	3.51	5.941	3.468	7.151	9.974	10.055	13.557	8.434	5.03	6.766	5.27
6.652	2.75	8.664	3.116	9.225	8.82	5.304	5.498	4.514	5.237	5.449	3.511	4.452	6.329	8.241	4.133	5.486	6.772	4.606	6.476	4.535	4.496	3.488	5.072	3.916	7.516	13.146	3.423	6.433	14.549	20.74	14.06	10.933	5.19	5.19	3.647	4.348	8.856	7.723	3.742	5.85	2.535	4.077	2.741	7.384	3.528	5.081	4.165	2.422	3.354	6.808	3.06
2.322	1.657	2.384	1.565	1.328	2.1	2.582	2.563	2.887	4.046	3.178	3.796	2.563	2.524	2.258	3.611	2.835	2.425	2.657	2.582	1.799	1.904	1.799	2.1	0.828	3.131	9.64	6.788	4.395	2.675	3.501	9.916	2.384	7.65	7.871	6.802	4.676	1.213	2.029	5.601	5.662	10.878	3.597	10.155	7.89	2.852	5.495	2.524	3.003	3.239	4.338	5.982
1.705	4.154	2.8	2.759	2.915	2.405	3.74	3.486	1.734	3.094	1.734	2.915	2.139	2.425	3.687	3.234	2.116	1.771	4.234	2.294	4.058	1.947	3.178	3.698	2.116	1.947	6.212	3.353	4.591	3.809	2.05	2.294	4.686	3.353	3.997	4.644	3.239	4.516	2.425	3.358	1.534	4.501	7.499	7.013	3.157	2.85	5.67	4.323	2.711	4.619	7.762	3.178
4.609	2.672	3.786	1.332	1.884	2.724	4.071	3.226	1.782	3.723	2.842	2.784	2.117	2.276	2.095	2.245	2.899	1.968	1.932	4.932	2.616	2.733	2.792	3.822	1.123	4.059	2.994	2.707	3.319	4.099	4.941	1.795	2.492	1.588	1.687	2.454	3.234	3.448	3.048	2.741	1.26	1.123	1.296	1.968	1.617	2.962	3.354	1.98	0.737	0	1.26	0.966
15.732	11.852	10.271	10.185	10.159	10.738	7.348	6.247	7.879	8.468	7.314	8.827	5.538	5.881	4.812	10.454	5.496	7.269	11.224	7.769	13.355	7.98	12.084	4.019	5.826	6.168	18.767	8.776	12.166	16.387	12.49	7.455	20.45	6.299	19.999	14.813	18.318	17.07	10.474	10.883	22.49	13.165	26.98	20.59	13.49	15.031	23.212	9.718	12.247	22.843	13.96	5.797
6.87	5.584	3.27	9.207	8.224	7.374	5.375	8.093	4.874	3.996	4.03	5.7	5.301	5.104	4.644	7.253	3.324	4.162	3.226	4.785	4.407	3.736	4.667	5.158	8.435	5.769	3.319	3.609	2.899	2.611	2.276	2.015	3.333	4.305	5.684	3.009	3.723	7.691	2.061	1.94	4.111	7.285	8.337	4.407	4.272	3.563	1.896	2.287	3.557	6.384	8.572	4.343
2.898	3.674	1.743	3.931	4.142	2.053	1.922	4.266	3.62	5.67	1.771	4.266	5.116	3.597	4.796	2.425	4.501	5.58	4.714	3.046	3.744	2.315	4.987	2.563	4.154	2.687	2.479	2.425	3.11	3.727	3.454	3.314	2.777	2.045	1.213	3.239	1.252	2.146	1.617	3.239	2.169	3.997	2.777	4.078	5.765	3.898	2.777	2.139	3.358	2.613	3.218	2.847
2.398	3.83	2.767	1.617	2.459	3.314	2.229	4.312	2.398	2.229	3.542	1.199	4.042	4.402	2.343	2.556	4.126	0.808	2.915	1.755	3.62	3.472	2.405	2.207	1.947	1.947	1.023	2.322	2.425	1.843	3.046	3.894	2.915	1.353	1.705	3.43	2.117	3.353	4.472	6.558	4.078	4.714	3.454	1.502	2.294	5.151	10.874	5.375	5.039	3.62	2.405	4.154
4.344	8.972	5.239	4.51	3.752	4.23	7.02	3.974	6.023	3.898	3.25	4.845	5.666	8.398	5.092	6.018	4.85	5.332	6.092	5.79	10.386	6.538	3.929	7.191	5.155	2.947	5.523	3.052	3.161	4.455	5.309	4.194	4.876	4.165	1.642	2.717	3.77	4.171	8.538	3.083	5.618	7.038	3.457	3.828	6.092	5.171	4.483	5.991	6.281	9.522	5.163	6.303
9.633	9.62	13.045	12.101	8.908	6.883	8.398	4.907	10.429	3.877	12.582	13.427	7.602	6.314	6.659	10.066	11.781	14.325	11.11	8.488	8.696	10.43	11.055	10.841	11.231	4.957	3.358	7.838	4.921	6.437	5.988	6.883	4.517	4.739	4.402	10.097	3.468	11.485	3.996	2.981	3.314	4.946	5.58	7.514	16.52	8.564	1.817	1.491	4.232	5.907	4.532	7.231
2.887	4.139	3.557	5.158	3.423	3.153	4.841	3.063	4.657	3.014	4.527	3.816	3.294	2.602	2.333	4.597	3.619	2.095	2.337	3.937	5.877	3.993	2.982	2.8	3.508	2.393	3.017	1.75	2.847	2.45	2.307	2.589	3.55	2.393	3.12	2.887	2.939	3.164	3.014	3.74	2.75	2.556	2.21	2.038	4.324	2.128	3.958	5.152	3.075	4.265	2.643	3.12
6.401	4.165	4.282	6.701	2.485	3.873	5.731	4.97	7.586	4.259	5.627	2.852	6.006	6.909	6.737	3.809	6.838	8.477	5.883	4.612	3.178	11.012	4.559	3.528	2.92	10.878	3.1	5.841	5.332	3.003	2.675	3.084	3.239	3.178	3.597	3.528	4.8	8.354	6.766	6.881	3.239	1.565	3.254	4.106	1.98	3.239	6.143	4.35	3.003	2.279	2.279	4.395
5.799	8.183	9.085	5	4.282	7.809	6.788	6.98	7.733	10.304	5.957	5.029	16.139	7.783	2.169	3.084	5.756	4.142	6.553	5.748	7.001	8.153	6.394	5.126	5.644	5.405	3.254	5.423	6.582	2.465	3.178	3.665	3.638	5.627	6.47	3.873	5.116	4.022	5.583	5.713	5.22	6.378	2.747	3.542	2.322	2.92	7.586	4.395	2.582	5.575	4.165	2.887
7.208	5.304	2.835	4.676	2.053	7.462	7.16	7.65	5.575	7.255	1.291	0.828	3.501	4.395	4.931	3.923	4.8	2.852	4.235	7.939	3.472	2.97	4.537	5.557	6.432	3.638	3.611	1.657	3.387	3.665	1.627	3.528	1.469	2.146	2.029	2.029	1.799	5.126	1.291	3.611	5.097	1.799	1.799	2.62	1.565	2.053	1.715	2.563	1.565	1.657	1.799	1.213
13.034	6.53	13.557	11.889	8.36	10.194	9.761	13.514	11.568	12.134	12.457	7.495	13.011	14.426	11.538	9.776	12.255	9.686	7.995	5.267	12.078	13.401	23.539	14.878	6.047	10.511	8.183	3.936	8.001	6.545	7.085	11.431	12.275	10.914	2.279	2.146	5.486	12.841	7.323	7.618	14.331	14.096	9.33	8.086	4.395	16.443	13.967	11.319	11.397	21.708	14.845	22.311
6.455	3.084	8.206	2.465	4.316	3.528	4.177	3.239	3.501	2.852	6.545	7.105	4.569	1.502	5.359	2.747	3.019	3.162	4.871	5.957	3.084	4.45	6.582	2.582	2.485	2.258	2.563	9.64	4.046	3.162	1.93	5.957	1.852	4.058	5.832	9.435	3.665	5.627	5.068	1.4	1.657	7.409	7.605	1.93	3.178	2.675	2.563	3.084	1.129	1.4	4.201	2.146
3.809	2.279	3.019	6.285	5.078	3.542	3.77	5.998	2.711	4.022	7.455	6.987	6.401	6.824	5.441	6.285	4.395	2.937	4.537	4.505	7.015	4.591	7.323	4.779	4.921	7.188	4.406	1.98	4.779	2.146	1.129	3.131	7.057	8.183	3.796	3.1	3.923	3.936	2.465	1.852	3.597	2.937	1.657	3.873	8.212	3.328	2.852	3.542	3.131	3.019	2.563	3.809
1.291	6.039	4.921	4.316	3.985	3.809	5.286	4.35	2.524	1.93	2.279	5.67	2.425	4.428	2.747	2.053	2.279	1.799	8.477	4.676	4.82	3.86	3.003	8.938	2.279	11.723	1.469	3.162	3.542	1.771	0	1.771	1.328	1.502	3.472	1.291	1.469	4.569	4.282	2.279	3.254	2.053	3.131	1.469	2.524	3.003	3.019	4.118	3.77	2.322	0.886	3.1
4.676	4.516	7.174	15.795	5.627	5.627	5.359	3.542	5.539	4.142	4.728	4.395	3.328	2.169	3.328	3.665	3.084	4.901	4.118	1.771	5.378	2.887	3.528	2.279	4.461	5.126	5.078	2.563	1.852	5.019	1.904	3.328	2.937	3.387	1.98	2.1	1.213	3.472	5.097	3.57	2.364	2.053	3.1	2.258	2.364	4.428	1.98	3.019	3.528	2.852	3.472	4.235
2.258	4.046	4.177	6.207	2.524	5.126	3.387	1.657	3.019	3.809	5.644	6.455	3.472	3.314	5.126	4.676	3.678	6.079	6.515	8.025	7.396	3.744	6.952	6.701	5.029	5.45	2.97	3.57	1.085	4.559	2.675	2.765	1.799	2.146	2.169	2.053	2.8	7.586	6.47	4.505	3.997	2.582	4.717	2.582	2.465	3.239	4.106	4.881	1.771	1.469	3.003	1.657
6.515	7.208	6.86	5.705	6.715	7.14	4.644	6.079	7.085	5.748	6.455	2.835	4.483	6.824	4.046	7.455	3.611	4.98	3.997	5.799	2.657	9.144	5.019	4.921	2.214	7.553	6.874	4.569	3.084	4.395	6.047	3.162	7.429	7.188	6.809	0.99	1.469	3.528	5.097	0.99	3.131	5.575	3.387	3.178	2.8	2.835	1.085	2.524	2.279	3.358	3.019	2.169
4.35	3.873	5.35	16.124	3.019	4.98	9.564	3.796	8.372	5.575	4.82	3.542	5.575	6.159	4.717	5.359	6.039	5.756	6.605	2.258	3.084	3.898	2.384	4.118	5.068	7.296	4.95	3.239	3.923	5.258	2.146	2.146	8.343	3.77	2.675	2.053	2.852	5.405	4.779	4.282	3.873	3.873	4.83	5.019	18.076	14.065	3.542	5.116	6.59	4.201	5.078	5.965
4.118	10.769	3.501	8.062	4.676	7.495	8.811	5.627	6.766	9.666	10.208	8.894	4.85	4.259	4.316	7.228	7.242	10.218	9.208	10.832	8.8	6.439	10.394	6.207	15.249	6.238	4.559	5.423	3.997	8.325	1.771	4.769	6.207	3.178	4.282	5.097	5.495	3.678	3.597	2.053	2.675	2.887	8.442	6.047	9.299	8.557	2.887	1.799	5.627	5.359	5.097	7.688
9.429	7.624	7.618	4.395	4.224	3.665	8.147	9.171	4.259	9.171	4.177	3.86	5.396	4.259	4.97	4.728	9.198	5.396	8.938	3.985	4.921	3.003	3.003	5.495	15.348	5.705	5.916	2.887	3.284	3.003	3.528	4.106	3.923	5.049	5.832	4.372	6.119	1.502	0	2.747	2.563	4.177	4.97	6.737	4.779	4.282	3.611	4.406	6.119	4.676	5.841	2.582
6.802	4.235	5.35	6.363	3.003	7.701	5.841	3.665	4.106	5.644	5.304	8.586	2.465	8.001	4.45	6.238	9.936	8.212	6.737	5.832	7.592	4.165	9.382	5.583	6.987	4.483	3.239	4.612	3.86	2.169	2.563	3.597	2.322	7.783	2.563	5.998	2.384	6.515	9.128	3.254	4.118	2.563	2.835	2.62	3.328	4.98	8.147	7.573	4.921	3.084	2.146	6.401
5.883	5.756	9.455	4.293	12.414	5.998	5.078	4.696	6.515	6.246	5.748	3.923	5.53	5.359	6.006	4.95	8.086	4.931	5.799	3.705	5.756	8.5	13.907	9.791	13.053	6.316	5.239	6.246	7.777	9.314	6.715	11.405	7.796	3.019	5.841	4.8	4.696	4.35	15.425	7.015	8.529	7.422	2.887	7.296	6.238	4.82	6.278	6.766	4.676	1.502	5.258	7.119
6.809	4.406	3.387	2.384	2.146	5.304	2.563	3.809	2.657	4.428	3.084	2.835	3.239	2.258	4.118	2.364	3.597	2.146	2.563	4.106	2.887	4.569	4.118	6.378	2.425	4.881	1.904	3.997	1.502	6.917	4.282	1.657	1.213	1.627	2.563	2.675	6.701	2.485	2.675	2.747	1.328	2.563	1.771	6.627	1.93	8.705	3.936	1.771	3.019	2.258	3.358	0.443
7.84	2.92	7.329	4.665	7.16	6.874	3.665	8.671	3.86	2.425	5.396	3.254	4.881	2.364	4.058	1.085	4.537	4.395	3.985	5.841	6.802	4.676	1.291	4.921	2.322	4.106	2.563	2.169	1.502	4.118	1.565	4.35	4.717	3.084	2.214	1.904	3.611	5.748	2.675	5.078	4.165	1.469	2.937	1.129	3.162	3.835	2.1	2.675	4.559	3.597	3.084	2.053
1.502	3.003	2.279	3.178	4.665	3.003	3.003	2.747	1.291	1.799	1.98	1.627	10.024	2.169	1.627	3.997	2.747	2.485	3.678	1.93	2.364	2.1	5.267	6.159	1.213	0.828	2.887	6.715	4.058	6.693	1.4	2.485	2.279	2.675	3.528	3.328	2.675	1.627	2.485	2.657	1.291	1.799	3.052	2.747	2.364	3.611	2.053	4.259	3.401	2.279	2.1	3.597
2.029	3.542	2.524	3.542	1.771	2.675	2.92	1.657	2.563	1.565	3.96	2.852	3.328	4.293	2.675	2.524	2.524	2.852	1.852	2.747	1.904	2.937	1.904	2.711	2.146	2.146	0.828	1.771	2.169	1.213	2.258	1.627	1.291	1.328	6.285	2.258	2.146	1.469	3.239	1.502	1.799	2.146	4.665	3.936	3.985	2.258	2.657	2.053	1.565	1.469	1.771	2.146
4.118	4.696	3.314	3.542	3.003	3.611	5.688	5.019	1.771	3.254	2.765	2.675	3.86	3.162	3.638	5.799	5.029	4.505	3.254	5.858	5.097	5.019	6.773	3.638	5.078	3.239	9.533	2.582	2.214	15.989	1.129	3.019	2.835	6.063	3.401	5.486	2.62	4.224	5.405	3.86	2.563	4.461	8.104	8.122	8.025	4.282	3.705	2.364	3.401	6.223	6.238	3.43
6.47	2.62	5.957	4.676	8.331	3.665	5.662	13.78	4.058	4.769	6.952	5.539	3.923	4.779	2.747	6.627	2.563	6.752	3.458	4.95	2.364	5.799	3.809	5.799	3.542	5.575	20.726	15.316	12.346	16.308	11.237	13.51	14.474	11.362	4.717	1.085	5.713	1.93	5.396	2.747	7.777	18.275	3.542	10.631	3.638	3.898	2.524	4.282	10.878	6.838	7.618	12.536
6.477	5.495	8.894	6.127	8.165	6.86	6.006	5.883	5.748	6.207	5.495	3.873	7.194	3.43	6.285	6.47	4.82	5.748	1.657	4.516	3.178	8.086	6.119	3.358	5.998	3.923	4.259	4.483	3.611	5.539	4.921	6.238	7.429	10.131	1.799	2.364	3.43	7.057	12.106	10.17	11.495	3.665	3.358	1.502	4.165	6.127	12.299	13.124	6.62	4.406	8.5	3.997
8.649	5.304	2.835	5.858	7.827	6.881	5.618	3.328	6.378	5.068	4.142	2.937	7.022	9.985	6.838	5.874	6.737	5.832	6.006	7.809	8.534	10.488	9.811	6.167	8.546	5.019	7.16	8.699	4.559	6.931	8.705	2.029	6.079	6.952	7.356	5.192	3.178	4.046	5.019	3.744	5.286	7.222	2.053	4.665	2.835	1.4	3.809	3.665	5.965	5.705	5.841	4.395
3.162	16.928	2.1	6.246	8.325	8.586	13.766	13.21	5.773	3.528	6.952	12.687	13.914	5.378	6.664	9.455	10.327	9.393	14.595	6.62	5.211	8.911	5.45	4.901	3.328	13.708	11.517	5.068	5.883	9.522	8.013	10.687	3.997	5.35	6.53	8.506	3.328	11.136	7.871	5.731	9.635	10.618	5.79	12.621	6.809	9.182	7.939	9.02	10.289	8.966	9.429	4.931
3.528	4.118	4.717	2.657	5.713	2.524	4.201	3.019	2.279	8.242	5.965	3.458	5	4.338	3.542	5.173	2.937	2.887	2.62	10.256	4.338	5.832	5.832	8.044	6.363	1.4	3.638	4.623	3.052	3.254	8.331	7.688	6.909	3.731	3.254	4.881	8.183	4.516	1.771	2.657	4.35	7.194	9.635	8.331	6.895	4.769	4.282	3.328	6.627	5.068	11.405	1.852
2.364	3.731	2.582	3.638	4.046	3.239	1.565	3.1	5.332	5.173	4.569	5.396	6.824	7.323	2.384	3.731	3.239	3.328	3.528	1.085	6.455	3.314	2.711	5.164	2.92	2.563	0.886	0.7	1.904	2.322	2.657	5.304	1.4	1.565	1.328	1.4	3.284	5.916	3.387	3.835	1.852	2.053	1.129	0.542	2.364	6.246	4.728	2.852	1.657	1.129	2.765	2.279
2.92	3.96	8.272	5.841	4.142	4.612	4.921	3.665	3.387	3.796	3.809	5.078	2.524	4.406	3.1	5.883	4.98	3.254	5.423	6.039	6.53	2.675	3.084	5.019	5.45	7.815	6.752	7.05	8.845	9.429	5.405	4.82	4.395	4.83	6.047	2.053	4.106	7.796	3.284	5.359	2.582	1.852	3.611	2.675	2.657	3.052	3.873	3.162	1.852	4.871	2.146	2.364
7.573	2.258	6.657	6.824	5.965	3.923	4.569	8.092	8.789	8.488	4.293	6.34	4.293	6.53	3.997	6.515	7.119	6.493	4.728	5.713	9.726	5.049	7.827	4.235	3.052	5.756	3.178	7.091	6.642	3.665	2.563	3.997	2.852	3.1	7.389	7.871	9.66	3.328	4.559	3.528	4.106	1.657	1.565	2.937	4.559	1.213	4.35	0.99	2.747	2.258	5.756	4.058
12.275	16.869	10.208	8.534	22.718	9.351	14.719	10.65	15.507	22.502	15.428	17.115	12.275	13.904	13.694	10.557	20.031	14.061	18.502	24.086	13.423	2.563	12.215	13.154	12.512	10.179	11.41	13.109	7.815	13.18	7.815	15.146	12.434	12.033	13.011	10.608	11.765	10.492	11.517	6.627	9.02	12.668	9.272	17.581	12.179	12.841	12.319	11.848	9.599	5.916	8.013	13.154
6.316	3.239	6.363	2.384	3.997	6.737	4.35	7.846	4.316	7.809	3.239	2.169	5.192	3.528	5.35	3.923	6.895	3.328	2.937	4.338	4.35	4.142	2.524	4.871	2.384	5.359	3.314	6.802	5.304	6.238	3.328	2.384	2.465	2.747	8.419	5.45	8.789	4.058	2.852	3.019	2.384	5.899	4.623	6.285	4.85	1.715	1.129	3.052	3.77	5.359	1.4	3.358
2.675	1.291	2.146	3.796	4.022	2.322	3.873	2.214	3.665	3.178	7.56	4.82	4.142	4.046	6.119	2.465	2.92	3.358	3.178	5.35	2.279	9.866	10.17	3.472	2.8	2.711	1.085	0.7	15.444	4.235	3.731	2.146	3.401	1.085	12.633	1.291	2.322	3.665	2.258	7.091	10.28	0.828	2.465	4.282	13.586	11.79	15.91	6.119	2.279	4.779	9.435	13.914
11.686	5.957	12.279	7.208	4.728	6.119	12.86	16.335	7.242	9.171	10.905	12.879	5.211	8.839	8.062	8.671	12.025	6.47	9.816	11.765	10.778	12.418	3.387	19.633	15.488	5.068	11.702	6.324	6.378	15.498	13.808	5.858	7.429	3.1	7.153	5.068	8.5	6.079	7.65	5.575	7.16	13.655	13.766	9.766	10.81	14.331	10.417	2.711	12.219	9.429	9.512	6.917
2.425	3.328	2.053	4.142	2.937	3.528	3.809	5.799	4.35	3.358	2.279	2.1	3.501	3.665	1.213	1.129	1.904	0.828	3.084	4.505	3.019	3.084	2.322	3.178	5.405	3.731	4.046	6.119	6.079	7.126	4.046	5.078	4.082	3.528	3.178	1.502	3.052	2.747	1.502	3.239	1.291	0.99	2.765	2.937	3.501	2.97	2.582	2.465	1.98	1.98	3.084	5.286
4.717	12.299	2.146	3.923	7.656	4.559	5.748	3.239	3.254	9.471	4.591	4.591	6.737	10.492	4.395	3.997	7.442	10.595	12.841	5.173	2.258	6.47	8.147	7.586	7.682	3.239	3.239	2.029	2.524	3.744	5.539	3.019	4.728	2.384	2.937	9.471	6.909	2.279	1.502	2.169	1.469	5.713	3.254	11.384	4.293	4.505	2.053	2.747	3.019	5.799	8.43	3.835
3.923	4.338	0.542	2.146	1.771	2.465	3.96	5.173	3.665	3.314	2.657	2.258	4.505	3.019	2.937	2.465	0.99	2.747	1.565	1.771	3.084	2.675	2.384	2.524	0.886	4.235	3.528	12.098	9.741	5.097	1.852	1.502	2.279	4.022	7.296	11.601	7.746	1.657	0.7	1.469	1.627	1.085	10.823	6.087	5.22	0.828	0.443	1.213	0.828	0.99	2.384	0.7
4.665	5.79	5.874	2.675	2.563	7.54	5.258	3.084	2.582	5.097	7.746	6.432	5.662	3.597	3.019	2.937	4.046	3.744	2.937	5.22	3.665	3.705	2.258	0.886	4.35	3.084	2.563	3.731	4.046	5.378	3.239	4.106	4.623	4.85	2.322	4.35	3.528	4.516	2.053	1.852	2.258	3.528	6.394	4.046	0.99	1.771	1.771	1.799	4.676	13.109	6.363	5.441
2.852	9.538	8.372	9.101	17.243	16.368	13.258	9.272	12.614	9.65	6.59	9.085	9.351	11.171	7.521	8.761	11.618	7.323	10.082	8.242	11.748	9.429	7.022	9.262	5.126	5.53	9.512	3.387	5.858	6.316	3.003	3.542	5.164	3.084	3.208	4.505	2.657	1.799	1.291	0.7	0	6.47	1.93	3.284	4.769	4.82	2.747	0.828	2.1	5.539	4.921	6.59
14.642	12.974	10.585	7.902	13.06	5.304	8.442	10.131	14.228	14.372	15.233	15.22	8.471	7.586	5.423	4.395	8.056	7.815	10.17	13.172	11.083	14.221	13.272	10.445	9.367	14.878	8.761	7.65	10.009	10.384	9.766	14.166	11.345	13.492	14.338	15.284	9.512	7.429	9.047	8.301	14.426	14.457	8.313	12.154	4.118	6.127	11.123	13.146	8.031	7.389	11.951	9.726
11.245	4.177	6.432	6.199	6.167	4.235	7.222	8.922	9.031	6.285	10.581	4.259	4.559	2.747	10.431	7.618	4.98	10.99	11.016	7.871	11.894	4.45	4.881	14.399	4.118	7.389	5.575	5.627	5.126	4.95	4.177	1.565	3.923	4.728	7.586	7.188	3.328	12.078	5.116	11.576	7.714	16.933	2.582	8.592	8.867	4.881	3.936	5.211	7.982	9.155	4.282	6.627
7.586	4.106	5.67	6.278	7.323	5.67	6.477	5.267	5.396	3.328	3.705	3.314	2.563	2.169	3.458	2.258	2.582	4.505	3.328	2.053	2.279	1.291	3.052	3.501	2.747	1.852	5.029	4.97	2.364	3.328	3.542	3.705	6.079	6.355	8.343	2.465	0.443	1.291	0.828	1.129	1.469	2.711	1.291	1.799	1.627	1.904	0.443	0.443	1.98	1.469	1.291	1.129
1.213	4.395	3.528	3.239	2.92	6.895	3.239	2.258	2.582	3.898	5.359	3.923	3.528	2.322	3.458	4.676	5.644	3.923	5.359	6.207	2.485	4.779	5.049	3.528	4.483	3.528	3.239	6.455	3.528	1.085	1.502	0.828	2.563	4.569	7.085	3.665	2.279	1.4	0.828	1.502	1.291	3.239	4.98	2.747	2.322	0.7	1.129	1.328	1.085	3.731	9.975	1.799
5.313	11.21	7.001	5.539	4.395	10.034	3.162	11.723	3.254	7.05	13.978	7.637	10.063	4.505	6.824	9.182	11.145	5.832	6.079	5.883	8.789	8.839	8.43	1.771	4.95	10.227	3.178	10.787	8.116	3.328	3.528	3.705	4.623	3.796	12.445	10.136	5.359	3.705	7.777	7.119	5.627	7.89	7.442	10.823	5.267	7.153	4.717	5.164	1.085	2.258	8.001	5.495
2.563	5.45	5.378	5.068	4.118	3.731	6.809	4.871	4.259	1.291	3.387	2.747	3.705	4.665	1.904	5.627	5.068	4.769	8.811	4.769	5.539	6.917	2.582	7.022	5.627	4.406	2.675	2.029	2.146	1.129	2.582	2.675	1.904	1.085	1.799	2.053	7.188	2.258	3.458	5.45	3.239	7.296	10.155	2.852	4.461	2.279	10.696	9.985	16.677	7.877	6.909	5.211
3.611	3.873	4.779	2.485	3.358	4.83	1.565	3.873	4.728	3.131	7.194	4.748	7.701	1.771	2.485	4.35	6.167	5.211	3.1	7.72	4.022	3.328	6.401	5.116	4.259	3.178	3.731	2.384	6.62	1.213	1.657	2.524	4.717	10.351	7.908	6.143	3.678	4.259	4.769	2.465	9.419	11.083	3.501	5.405	7.84	2.92	8.649	4.612	4.97	8.147	10.039	3.796
6.642	5.304	6.103	7.329	5.304	12.745	9.144	9.786	7.126	3.501	5.916	8.325	4.921	4.769	5.799	3.678	2.029	7.714	7.16	8.086	4.85	4.569	6.047	3.665	6.737	6.401	5.832	2.258	4.931	3.358	14.568	5.513	6.167	5.405	2.258	3.003	3.052	5.748	6.119	11.092	5.405	7.356	4.395	3.796	6.545	4.516	7.939	3.528	5.662	3.052	5.423	2.146
2.425	1.771	2.92	1.565	2.852	3.542	1.852	1.502	1.904	2.524	2.384	3.239	4.45	1.291	3.665	2.322	2.563	2.582	1.771	6.047	1.502	2.563	2.1	2.8	3.542	2.675	1.98	1.213	1.904	2.675	2.029	2.146	1.085	3.239	2.146	0.886	1.657	3.208	1.771	3.401	2.563	1.627	0.542	1.627	1.291	1.4	1.771	2.765	1.904	1.98	0.828	2.524
5.164	3.358	3.162	4.35	5.575	4.224	3.003	2.852	3.597	5.049	4.406	7.815	5.539	4.461	6.515	6.874	6.047	5.396	2.657	2.747	10.882	5.539	2.485	5.078	4.177	7.228	2.852	3.997	3.611	4.461	7.495	8.9	13.78	7.262	3.936	3.472	3.458	5.998	10.184	4.98	8.845	4.559	5.486	7.908	6.545	5.192	5.126	5.67	4.046	5.874	4.106	4.316
3.162	7.228	5.359	8.448	7.057	7.65	3.328	6.737	8.603	9.512	8.563	10.81	10.455	2.524	8.716	9.686	9.277	7.65	6.874	4.612	10.131	9.356	2.92	8.949	6.087	5.029	3.985	9.182	4.505	6.824	6.363	4.046	3.731	5.982	3.796	2.747	7.752	8.177	2.852	5.67	12.033	2.675	5.832	7.085	10.581	3.387	2.835	6.023	5.45	8.325	7.022	4.461
5.858	6.127	1.469	8.733	5	10.539	8.761	6.285	8.116	9.112	8.488	7.188	4.45	4.259	6.285	5.557	6.73	11.431	10.034	4.35	6.582	14.048	4.118	3.731	6.047	7.995	6.006	4.022	3.796	8.477	5.116	3.611	2.146	2.765	3.528	2.485	3.809	5.731	6.788	4.769	2.852	4.8	2.62	8.206	2.1	2.747	3.1	2.747	4.95	5.627	9.166	6.766
14.307	10.608	12.571	17.967	18.741	13.673	17.029	21.02	12.575	17.243	15.22	7.933	10.227	19.037	12.883	9.816	16.398	18.7	18.804	15.265	7.827	14.742	15.586	18.222	16.671	21.572	18.135	14.999	10.232	8.236	18.358	15.355	21.396	18.502	10.179	18.087	23.984	12.621	19.883	18.345	10.914	17.399	15.608	17.339	14.845	17.94	23.476	14.399	16.997	17.967	20.332	21.748
3.923	4.461	5.068	3.472	2.053	8.056	6.909	3.019	4.106	6.568	7.289	8.419	5.557	7.091	4.293	3.472	5.116	3.239	6.809	2.465	8.563	5.486	4.696	8.477	3.528	9.004	4.35	9.101	4.871	4.45	8.783	8.442	6.301	3.611	5.998	4.98	2.887	13.09	5.35	3.86	9.615	9.009	8.242	6.59	10.557	9.419	7.508	3.796	8.056	3.084	6.931	5.713
3.003	4.676	5.495	1.502	4.612	4.881	1.469	1.904	3.873	3.387	0.99	3.638	2.852	2.146	4.165	2.029	4.931	2.485	4.569	4.83	4.235	3.003	4.142	3.873	3.358	3.131	2.1	2.582	2.92	2.485	2.524	3.314	3.458	3.003	3.458	1.98	2.852	8.266	5.116	3.796	8.419	7.56	3.873	5.841	5.627	8.5	6.238	5.211	3.86	6.378	4.259	2.675
3.131	1.565	1.291	2.258	1.93	1.565	1.771	2.384	1.771	4.483	2.053	2.364	2.146	3.744	2.92	3.178	2.765	3.387	1.469	0.886	3.019	3.162	0.542	4.106	2.937	2.364	1.627	2.146	1.328	2.675	3.178	3.208	2.053	1.469	1.328	0.886	0.828	2.169	3.665	2.747	3.019	2.146	2.258	1.627	1.771	4.235	2.465	1.771	2.425	3.239	1.291	2.384
0.572	0	0.99	0.572	0	0	0.572	0.572	0.7	0	0.7	1.4	0.7	0.99	0.572	1.143	0.572	1.4	1.143	0.572	0	0.572	0.7	0	0	0.572	1.512	1.4	1.715	0.99	0.99	1.512	2.287	0.99	1.512	1.512	0.7	2.492	2.62	1.715	3.477	7.691	0.99	2.492	2.1	4.122	3.477	4.983	2.287	0.572	4.537	2.492
6.199	3.284	1.904	3.458	2.364	3.86	2.835	1.502	3.665	6.238	4.395	2.258	1.565	1.565	2.524	2.322	1.98	2.835	3.131	3.1	2.485	3.019	2.524	1.4	3.328	1.657	7.56	6.766	4.022	5.486	2.747	5.965	2.937	5.313	7.015	6.355	4.717	3.358	2.563	1.627	1.291	1.904	4.921	1.771	1.627	1.799	2.563	2.835	4.921	1.98	1.904	1.291
7.429	9.085	11.145	7.746	6.895	5.731	6.167	12.465	4.35	10.014	5.049	6.952	12.319	6.355	11.618	14.273	6.363	7.809	11.665	10.492	9.198	7.488	10.742	9.009	4.058	5.941	5.756	8.325	8.477	5.396	10.539	6.952	6.34	7.119	11.28	3.314	2.279	1.129	1.904	3.387	10.562	8.266	1.502	4.259	8.086	3.528	3.997	8.614	5.22	4.921	5	2.1
3.401	4.282	1.291	4.282	5.748	2.765	5.116	3.019	2.364	5.35	4.282	3.501	2.1	4.118	3.358	8.727	4.591	4.871	5.79	1.852	5.078	3.358	5.078	2.852	1.93	5.211	3.239	7.296	3.936	5.45	3.744	4.461	1.98	6.945	4.224	5.211	6.909	6.909	5.874	3.923	4.35	5.126	3.401	5.618	5.304	3.678	1.771	5.313	2.835	5.924	6.316	3.019
3.77	1.657	2.765	2.92	2.937	2.852	4.046	4.717	1.291	3.898	4.106	1.657	3.162	2.279	4.717	1.852	4.372	1.627	1.715	3.358	2.8	3.358	4.058	2.92	1.771	4.95	2.852	1.657	3.358	3.1	1.4	1.502	2.747	3.542	5.35	2.053	4.282	0.828	2.485	3.239	0.886	0.99	5.078	2.364	3.96	2.887	1.469	1.129	1.328	2.029	3.314	1.565
26.382	11.798	6.167	10.905	5.67	13.401	18.715	9.666	6.568	13.135	11.136	7.89	7.815	10.422	12.764	10.882	14.443	7.871	15.281	4.676	12.053	17.609	8.313	12.575	8.839	16.473	6.238	6.199	10.65	8.183	9.666	17.609	10.227	17.424	6.47	5.35	11.723	11.495	7.656	10.384	5.575	4.82	15.21	10.445	12.551	5.486	8.284	10.927	6.047	10.346	5.998	15.82
5.389	7.316	3.685	3.596	4.576	9.142	3.897	4.945	5.616	2.319	7.65	6.589	1.188	4.068	9.414	11.105	7.995	8.768	4.203	3.6	4.595	6.049	6.355	7.101	8.363	4.004	3.791	6.626	4.651	3.29	1.317	4.743	2.372	2.978	5.693	3.275	7.928	3.199	4.973	2.671	3.735	4.635	4.209	2.319	5.303	3.015	2.803	4.433	2.351	3.156	1.51	2.528
10.063	4.35	8.506	3.744	6.98	3.328	5.078	7.228	8.301	3.328	9.584	6.545	12.418	8.116	5.731	6.439	4.82	9.786	6.788	6.881	5.22	5.495	5.304	4.046	6.439	7.508	6.824	11.025	11.083	3.003	2.582	4.338	1.799	3.542	3.936	4.224	5.858	1.799	3.528	2.563	2.364	0.828	4.235	6.167	3.611	4.118	6.693	11.798	5.332	2.675	2.279	4.612
3.77	4.406	5.799	5.304	2.563	3.501	0.542	3.178	4.559	2.279	2.1	5.627	5.116	7.343	1.328	4.82	4.769	2.8	3.611	2.765	3.328	3.528	5.286	4.282	4.282	3.003	2.279	1.627	4.395	2.169	2.214	3.003	2.169	2.465	1.129	1.904	2.563	8.517	5.486	7.429	6.545	3.86	1.627	3.501	2.384	5.883	15.63	19.595	6.737	3.239	5.405	5.705
7.933	4.644	5.644	4.779	4.8	5.078	7.746	9.826	5.731	5.359	4.871	2.852	2.852	4.623	5.405	8.557	4.461	4.395	4.569	4.881	2.937	5.267	4.282	4.676	3.019	3.898	25.024	12.726	8.631	10.562	9.841	14.02	20.764	15.583	21.015	1.904	3.542	3.084	7.964	3.744	14.679	13.258	8.442	3.084	5.53	0.828	2.852	1.502	2.675	2.169	2.258	3.314
6.378	4.35	11.601	10.967	3.43	9.171	13.766	4.118	11.136	8.817	9.481	4.85	7.262	5.688	10.832	7.396	8.177	14.96	7.363	3.328	7.908	11.951	12.017	8.183	12.974	11.935	6.401	10.86	6.34	10.346	2.582	3.898	5.662	7.964	9.716	9.182	9.325	10.7	7.765	5.019	4.95	14.262	10.65	13.265	8.705	12.279	6.802	8.343	6.62	8.147	2.563	14.875
6.53	4.177	7.05	5.756	3.084	5.486	5.705	4.282	1.93	1.291	3.401	4.769	2.92	4.046	6.605	7.389	7.188	4.871	6.987	6.316	10.764	5.79	6.378	7.908	1.799	4.201	5.267	7.871	5	2.887	4.106	4.881	3.1	2.582	0.828	0.828	5.627	6.987	4.779	6.401	4.058	3.003	3.284	2.322	2.887	3.019	3.328	3.328	3.314	1.904	3.528	3.019
8.894	8.839	6.515	11.728	4.591	6.642	4.612	9.004	4.728	7.396	8.938	6.316	5.116	6.62	4.623	9.481	6.715	9.635	4.35	11.538	6.766	6.874	6.238	3.019	5.705	3.665	8.183	2.937	7.329	5.627	3.501	3.611	4.931	7.982	5	2.747	1.904	4.106	4.676	10.878	7.65	2.92	5.192	3.472	2.563	4.591	4.612	6.582	5.495	3.178	3.358	4.118
1.4	6.401	2.747	2.279	3.387	2.887	2.485	1.657	2.937	3.387	6.553	3.003	3.178	2.563	1.4	3.923	4.98	7.429	2.747	1.657	1.904	2.1	3.501	5.441	5.731	1.565	3.178	3.923	1.771	1.657	3.638	3.501	5.049	3.665	2.937	6.952	6.006	3.239	5.286	9.558	2.657	2.937	7.323	1.852	4.35	1.852	1.129	2.835	1.502	2.279	5.35	2.852
