5.097	2.747	3.501	3.162	4.728	4.665	9.941	4.8	1.93	5.304	5.164	5.068	6.278	7.995	5.748	1.328	4.282	10.097	7.442	6.006	2.258	4.676	6.59	4.612	5.941	7.16	6.079	5.486	5.539	5.832	7.669	3.923	5.164	6.553	5.583	2.146	6.167	2.146	2.62	0.886	2.937	1.627	2.711	2.146	1.565	3.178	2.747	3.239	3.997	1.627	1.565	8.671
6.766	9.325	6.285	7.119	2.747	2.92	5.916	7.015	12.394	7.276	5.883	6.079	9.46	7.16	7.228	9.916	9.219	5.378	13.18	7.637	7.363	7.022	6.73	5.332	3.542	12.374	7.188	2.279	3.665	3.936	5.713	2.465	2.887	8.031	6.53	1.328	4.696	7.194	8.296	7.586	3.314	5.126	3.997	5.79	1.213	5.164	3.923	2.92	4.35	4.118	2.937	5.359
3.019	3.084	2.485	5.019	2.675	3.084	2.747	2.029	2.258	3.873	6.62	5.267	5.883	5.627	5.557	2.279	3.239	5.45	2.053	4.591	3.898	4.282	3.084	2.582	4.235	7.921	2.835	2.169	4.559	4.058	7.618	4.537	4.623	4.118	2.053	2.364	0.828	1.291	1.852	0.886	1.657	1.852	1.657	1.085	3.239	1.852	1.715	0.886	1.129	0.828	0.886	2.053
5.495	12.158	3.923	5.627	7.057	4.106	9.965	5.748	10.936	10.673	8.5	8.266	8.699	8.165	7.752	7.586	10.755	20.08	8.025	14.993	5.816	5.644	10.557	8.705	19.117	14.999	12.532	11.483	3.239	10.266	9.101	3.597	9.198	10.375	9.085	11.362	8.284	8.086	9.198	8.845	9.047	8.534	8.419	16.066	5.126	10.073	7.656	8.025	5.965	9.766	9.304	9.356
3.314	3.731	4.612	9.891	2.384	6.545	3.96	5.078	4.591	5.627	2.582	3.528	5.173	7.521	4.395	7.022	4.046	3.003	4.98	3.809	3.239	2.146	5.192	3.1	4.665	3.178	1.469	4.177	1.085	0.542	1.469	1.4	1.129	2.657	1.291	1.627	4.82	1.93	0.99	1.085	2.747	3.472	2.169	3.744	3.705	7.637	4.293	5.211	7.329	4.559	3.1	7.389
7.057	3.809	2.582	6.838	5.841	2.1	3.003	3.387	3.458	3.923	7.296	7.796	3.611	4.165	5	4.612	4.644	5.756	6.355	2.214	5.575	1.799	3.239	3.678	0.7	3.528	3.57	2.711	2.214	3.358	2.465	3.019	3.458	1.904	2.146	4.35	1.328	1.502	4.106	3.873	2.937	7.846	4.058	2.146	6.285	6.477	3.542	0.886	2.937	4.35	3.003	3.744
5.192	4.569	3.796	2.364	4.95	3.328	6.394	5.575	2.8	3.665	3.597	2.765	3.019	5.45	5.486	3.611	6.262	7.228	6.087	5.019	3.387	6.159	6.324	3.997	7.846	4.779	3.401	2.747	2.053	3.528	7.222	3.019	3.665	1.627	1.657	2.279	4.931	4.293	3.873	3.665	3.239	8.586	1.771	2.711	3.77	1.657	2.524	0.886	1.129	2.747	4.177	1.904
4.559	1.4	3.678	6.285	2.62	3.997	3.1	2.582	3.084	3.387	5.627	5	2.053	4.461	4.748	4.537	2.675	4.316	4.106	4.769	2.053	5.799	1.657	4.612	3.96	4.97	1.502	6.207	4.046	6.394	3.328	2.852	3.019	5.539	6.087	3.084	3.284	6.59	1.852	4.612	5.049	3.401	4.97	2.675	3.731	3.084	2.711	2.258	3.084	1.799	1.129	3.131
3.328	7.323	3.744	4.779	6.439	4.98	5.874	6.006	3.898	3.019	2.146	3.501	6.159	4.338	2.8	3.162	4.98	3.731	3.57	5.53	3.665	5.486	8.031	5.378	5.618	3.985	4.665	3.328	4.35	2.675	4.282	4.395	2.258	3.052	3.638	0.828	3.873	6.143	3.744	2.887	3.528	1.771	2.835	1.627	1.904	1.213	3.809	1.904	2.675	3.744	3.458	2.582
3.178	1.715	1.93	2.279	8.242	7.396	6.316	2.675	7.105	4.235	3.611	3.019	7.329	4.35	0.828	6.642	3.86	4.591	10.641	4.428	5.486	4.406	5.557	5.405	6.238	6.59	3.96	5.998	4.45	3.528	2.937	2.258	1.502	7.105	7.429	8.001	4.623	2.279	3.898	3.052	6.693	4.516	8.301	2.563	2.835	0.828	5.832	4.612	3.052	2.657	8.699	3.328
5.019	7.222	2.485	1.93	3.796	3.328	4.395	6.167	4.118	4.106	2.675	3.597	3.528	2.258	5.731	3.1	5.164	2.8	6.838	2.852	2.852	5.019	2.765	5.078	3.665	4.505	1.565	2.029	2.582	2.053	6.838	4.728	8.331	0.828	3.239	5	7.329	4.871	8.313	5.359	2.279	1.98	2.146	1.129	1.98	1.93	4.516	3.873	4.779	2.053	0.886	2.169
6.119	4.676	4.316	3.611	2.852	5.965	5.078	10.327	9.429	6.701	3.898	6.679	3.472	5.874	6.945	7.624	6.838	5.924	3.084	3.387	4.728	5.924	7.429	11.367	6.063	4.98	2.279	5.313	2.279	5.258	4.717	3.542	2.92	2.425	3.284	3.86	1.565	4.282	3.731	4.696	3.86	9.037	5.748	2.029	5.67	4.676	6.432	7.527	3.528	5.304	3.254	3.744
7.995	15.63	5.957	1.904	4.428	2.747	10.16	8.266	7.97	3.358	4.881	1.4	3.611	6.119	8.789	10.455	7.188	2.258	1.085	2.675	1.93	5.816	8.828	13.586	7.356	1.627	1.213	3.003	4.046	3.019	7.015	3.387	5.22	3.898	5.601	2.485	7.174	5.731	3.923	5.078	4.728	9.047	1.771	3.923	3.809	2.92	5.486	4.022	8.761	3.401	4.591	4.505
13.309	8.789	8.39	6.355	7.714	7.877	9.686	13.914	10.581	15.686	7.796	6.701	5.495	8.384	15.412	19.752	14.303	18.062	15.826	12.434	6.378	11.123	6.316	14.696	15.258	9.836	13.441	4.45	7.495	25.72	18.689	9.861	22.604	10.469	0.828	0.443	3.003	5.705	9.166	9.522	15.348	3.003	2.485	4.769	3.611	4.45	7.119	2.053	2.146	4.881	3.96	1.469
4.665	8.631	4.881	5.211	4.97	6.773	2.852	5.618	5.211	4.35	4.98	4.106	5.019	15.265	8.8	8.062	8.062	6.931	8.36	4.921	5.441	6.006	5.662	6.394	2.835	5.705	4.779	3.665	2.675	6.477	4.165	4.483	2.169	4.612	5.67	7.14	9.377	9.429	7.939	5.019	11.881	5.019	4.483	5.267	4.461	6.59	7.022	8.074	8.649	8.789	5.924	11.232
2.657	2.937	2.747	2.675	1.129	3.387	3.084	2.92	2.92	1.852	1.469	2.97	3.542	3.472	2.563	3.084	3.835	3.401	4.921	0.886	2.485	1.502	2.563	4.338	2.258	1.904	2.364	1.129	2.053	4.316	3.019	3.178	2.675	1.469	2.364	3.401	2.465	2.425	5.332	8.592	4.717	3.178	1.469	3.284	1.904	2.279	4.98	5.116	5.618	3.239	1.771	2.146
6.809	7.188	5.731	3.597	3.731	4.142	5	4.316	9.96	3.052	5.068	5.211	5.405	4.98	6.909	7.396	4.82	5.539	2.657	3.678	4.177	5.557	4.372	6.931	6.952	6.183	3.358	8.43	6.238	4.881	6.127	3.744	4.35	2.146	4.591	9.445	6.895	5.705	6.159	8.183	3.019	5.705	3.084	3.705	2.485	1.129	4.046	3.665	2.053	1.502	3.923	0.886
3.387	0.886	3.239	4.118	1.129	3.86	2.053	3.731	1.771	5.164	3.162	3.208	3.597	7.495	3.923	2.1	4.395	3.665	4.612	4.293	2.029	6.766	2.747	0.886	3.597	1.328	1.085	1.328	2.053	2.524	3.178	1.291	2.279	1.627	0.7	4.569	3.254	1.502	1.4	0.828	1.799	2.146	1.085	2.169	3.873	3.528	2.887	1.502	1.469	3.358	5.705	1.904
2.053	1.565	3.809	2.887	3.387	2.711	2.887	2.835	2.169	1.657	2.146	2.364	1.502	2.364	2.258	3.239	1.291	1.469	1.291	2.384	2.053	1.213	0.886	3.997	1.98	1.213	0.99	2.485	1.291	2.146	2.364	1.129	1.565	1.291	2.029	1.98	1.502	1.771	2.675	1.657	1.565	1.129	1.657	5.644	0.828	2.887	6.909	3.665	2.675	0.7	3.731	2.524
5.841	4.45	6.752	4.058	1.328	4.717	9.272	3.997	5.756	6.006	5.304	6.316	2.214	2.029	4.118	3.387	6.766	3.731	5.705	4.35	5.539	7.777	4.177	4.569	5.22	1.904	2.485	7.877	2.1	10.179	5.965	3.019	7.605	2.364	5.539	4.717	7.309	2.675	4.165	5.396	3.936	1.771	4.293	2.92	2.657	4.165	6.316	6.316	4.235	2.765	2.322	4.748
9.926	8.266	5.35	5.495	10.949	6.285	3.528	2.92	4.35	2.852	1.129	7.356	9.64	7.022	4.338	1.627	1.4	2.563	4.8	5.304	5.998	5.35	5.539	2.62	3.084	3.131	2.835	7.752	8.557	3.678	10.958	11.061	8.614	4.931	5.078	7.255	12.902	20.065	6.809	13.309	12.864	2.835	17.841	9.538	5.575	7.495	16.187	8.477	9.325	3.665	4.505	1.771
2.747	5.049	5.883	2.279	3.528	4.259	3.873	4.235	4.406	3.86	3.328	5.173	6.62	1.213	4.676	4.881	10.398	2.146	6.246	2.169	1.565	3.131	6.432	7.846	2.92	2.92	6.62	2.657	5.396	6.439	8.134	3.936	3.923	4.45	2.146	2.563	3.898	6.167	3.796	1.291	5.627	4.676	4.505	1.469	1.565	1.129	4.591	4.516	1.93	5.495	2.364	3.458
6.693	16.508	5.705	4.779	4.569	3.744	3.328	6.773	6.508	6.47	1.085	4.612	6.285	5.899	8.272	3.528	5.539	7.188	7.323	6.355	4.98	2.835	4.97	6.316	7.085	4.728	6.079	4.83	4.612	5.79	5.378	3.328	6.802	5.799	4.559	6.895	4.779	1.98	4.717	5.513	7.396	3.328	4.165	2.657	5.957	9.564	4.395	5.557	4.505	2.146	2.887	2.852
2.258	5.883	2.384	3.86	3.084	4.282	2.711	5.982	9.192	3.611	5.486	1.627	5.965	3.052	3.43	7.262	2.835	3.744	6.737	2.384	6.477	9.112	3.358	3.084	4.293	3.178	2.029	4.559	3.731	5.627	3.57	3.254	3.003	2.657	3.1	3.542	1.852	2.364	3.472	1.627	4.505	4.748	2.279	4.483	6.378	5.816	10.99	5.35	5.998	3.019	4.45	8.212
1.98	3.923	2.279	2.675	1.799	3.678	8.056	5.267	5.267	6.324	3.528	2.852	0.99	3.178	1.502	4.45	2.657	6.199	6.159	5.486	2.582	3.314	3.084	2.887	1.904	3.923	6.047	2.675	4.022	3.665	5.126	2.675	4.717	0.828	3.254	1.657	1.291	5.267	2.258	1.852	2.582	2.937	2.053	2.169	2.747	2.029	2.279	1.657	1.085	2.146	1.502	2.258
4.881	4.717	5.583	7.242	3.936	5.441	1.213	3.997	2.279	4.461	5.773	4.35	3.997	6.545	3.43	1.904	4.921	4.591	6.262	7.624	4.35	3.997	3.77	5.068	3.314	3.387	5.405	4.591	2.563	2.524	1.129	3.208	1.085	5.192	6.47	7.521	5.068	3.731	3.284	3.084	3.284	10.082	2.747	4.82	5.211	4.559	3.239	5.164	4.676	3.923	8.372	3.678
6.62	4.316	6.86	3.611	9.009	4.717	2.053	11.405	5.441	5.916	6.363	6.98	16.706	5.557	4.8	9.004	3.501	5.982	5.539	2.485	3.96	5.068	5.192	2.937	4.142	4.118	2.582	1.627	2.747	1.328	2.279	2.937	4.293	1.93	1.799	2.053	1.904	1.627	1.799	2.887	5.097	9.091	6.401	11.003	6.432	8.177	4.82	4.293	7.783	6.657	13.087	11.245
7.508	8.949	12.652	8.534	5.832	15.956	10.337	8.183	10.769	4.717	6.143	10.375	5.899	15.087	12.158	15.123	15.226	14.585	9.736	3.314	4.058	11.559	13.165	12.86	7.015	6.477	6.752	6.664	7.323	4.338	3.284	2.675	2.053	5.286	4.45	9.351	14.221	9.975	9.635	2.582	5.575	7.442	6.159	9.251	8.894	16.797	6.207	8.534	8.955	7.276	7.714	16.735
5.583	6.394	4.395	3.936	7.908	6.355	3.611	2.279	6.98	3.178	7.84	5.396	6.737	6.664	3.86	5.097	3.472	6.802	4.046	7.624	2.524	2.146	4.85	3.611	4.931	2.835	3.638	1.904	5.019	2.279	2.675	3.985	2.364	2.747	3.809	4.98	3.131	0.99	2.053	2.384	4.516	8.031	5.874	4.372	5.468	6.324	3.86	2.169	8.506	12.074	13.368	8.001
1.129	1.93	1.799	2.279	1.085	2.887	1.93	2.485	3.528	2.169	2.937	0.443	1.799	1.291	4.82	2.146	4.293	3.873	0.886	2.852	1.291	2.214	3.019	1.93	2.364	1.502	2.711	1.213	1.771	4.8	1.93	7.429	2.852	2.835	2.169	1.129	2.485	2.053	5.097	3.923	3.731	3.387	2.053	1.085	1.4	1.93	1.4	1.129	3.458	1.904	2.711	2.169
8.092	10.299	10.37	7.194	3.542	15.171	6.401	7.939	9.325	8.177	3.638	7.363	3.254	6.316	4.779	9.377	10.184	9.251	9.304	4.106	7.871	9.272	10.618	12.118	12.004	6.737	15.345	4.83	2.675	13.798	12.652	13.161	10.696	8.442	5.116	10.492	10.631	12.445	10.087	11.848	5.858	7.688	6.34	4.046	5.662	5.957	14.629	12.61	12.374	4.623	3.997	9.965
4.106	3.084	0.828	1.213	1.213	6.657	1.502	0.828	3.131	5	2.146	2.169	3.284	3.239	2.92	3.328	2.364	2.279	3.57	4.35	2.029	2.465	2.675	1.904	3.597	5.731	2.1	4.118	1.085	2.835	2.835	6.316	3.86	1.469	4.118	9.251	4.591	2.835	4.696	2.214	2.852	5	10.464	4.901	6.766	2.169	2.675	1.291	2.97	2.384	4.779	1.715
5.601	2.563	7.085	2.322	7.908	4.569	7.188	4.282	4.058	2.258	5.359	6.515	3.328	8.733	5.799	2.852	3.254	3.528	4.118	3.314	7.376	3.178	6.737	6.439	3.472	2.711	3.597	2.425	4.046	4.505	2.364	4.623	2.563	4.569	4.282	2.384	2.675	2.053	6.119	4.779	4.201	5.286	7.618	3.387	6.143	1.565	2.8	2.279	1.502	3.084	6.103	4.85
12.057	9.128	7.527	4.921	9.155	6.987	10.664	10.99	13.63	6.455	5.982	11.41	8.938	7.89	3.796	7.057	7.091	6.845	12.883	6.693	4.82	5.748	7.746	8.649	11.232	10.009	4.748	4.901	5.832	11.427	6.439	8.586	7.036	5.332	5.583	3.744	6.909	7.022	10.014	13.55	7.194	5.468	7.343	8.789	6.737	4.779	1.129	4.644	2.675	3.86	3.923	3.208
2.384	2.747	4.85	12.358	5.982	3.665	4.931	6.874	5.019	11.427	8.756	11.935	4.224	7.701	3.873	4.372	5.049	4.046	6.316	6.493	5.267	5.359	5.618	7.057	3.665	7.809	5.258	8.563	14.669	10.539	4.8	11.707	12.477	12.921	17.04	6.355	9.766	7.262	5.941	10.37	5.982	9.965	13.798	6.701	7.119	4.97	8.212	7.846	10.914	5.773	6.401	7.84
8.631	6.079	8.922	3.77	7.389	6.039	6.895	7.553	7.921	3.131	6.394	12.378	5.468	10.455	2.97	4.612	9.66	5.575	5.832	3.86	5.67	3.796	5.924	5.396	6.545	6.079	4.83	1.771	2.258	4.98	5.078	5.313	4.293	8.977	4.046	3.387	5.304	19.217	9.419	10.882	4.282	5.53	4.717	10.121	4.748	11.21	18.962	10.034	5.713	12.394	8.242	10.441
9.009	3.997	22.541	13.376	6.006	14.894	9.341	11.341	14.048	11.757	9.246	10.136	4.717	11.388	18.594	8.5	13.837	10.673	8.828	8.872	8.705	10.17	12.179	17.711	13.957	9.926	4.623	6.909	8.733	5.068	9.304	4.676	3.936	3.528	5.267	8.716	15.786	9.004	9.02	5.378	8.477	4.406	6.316	8.563	6.079	5.644	6.693	5.396	7.329	5.982	12.287	7.16
2.92	2.563	3.678	3.052	4.058	2.747	2.1	4.516	2.887	3.923	4.516	4.165	2.675	3.314	3.597	4.921	3.162	2.582	2.1	3.239	3.638	3.284	2.8	3.542	2.747	4.45	6.006	6.47	5.116	2.92	5.799	6.006	2.563	4.559	9.33	3.162	2.214	4.293	4.165	1.291	5.832	2.563	2.384	2.364	2.053	1.771	6.664	4.8	3.528	3.003	1.129	4.046
4.365	4.813	1.61	2.469	4.187	4	1.872	3.557	4.502	4.485	1.61	2.56	3.024	2.947	1.61	2.208	3.765	3.492	6.625	3.074	3.074	3.219	5.424	1.831	1.408	4.187	1.235	3.845	2.208	1.61	1.61	3.962	1.408	0.552	3.535	5.135	2.029	0.676	3.557	3.765	0.552	1.033	4.038	7.387	4.132	2.029	5.751	1.104	0	3.336	6.21	2.407
3.254	3.284	5.359	5.097	2.8	6.605	1.502	3.923	3.003	3.019	3.162	5.832	3.898	3.458	3.019	3.387	2.146	5.211	5.539	6.316	3.162	2.146	1.799	2.747	2.852	1.502	3.162	3.923	4.901	4.8	3.77	4.98	2.835	2.053	3.084	1.771	1.328	4.505	3.284	1.771	4.106	6.394	5.164	2.465	1.904	1.904	4.612	2.465	3.731	5.126	5.965	7.194
8.074	11.332	20.975	11.039	12.279	9.558	10.742	14.595	13.601	9.564	11.21	14.575	7.982	7.56	7.329	15.107	9.118	12.691	7.939	10.37	9.558	6.103	11.534	9.876	6.802	10.251	2.657	7.605	6.355	4.224	5.957	4.293	5.841	6.838	7.276	8.242	16.344	3.936	6.455	7.592	5.495	11.149	11.21	11.474	4.461	14.193	10.37	8.195	9.262	5.662	7.022	3.528
6.246	3.458	3.328	4.235	3.254	3.084	1.502	3.387	3.084	2.146	3.611	2.711	1.904	2.279	4.779	4.106	3.328	3.611	5.267	3.731	3.528	4.395	1.085	1.328	4.98	2.146	1.291	1.291	1.213	0.828	0.99	0.886	1.129	0.886	0.443	3.873	6.079	1.469	0.542	1.291	0.7	3.501	1.93	7.521	11.665	3.239	4.022	1.799	6.455	9.686	7.877	12.386
2.31	2.53	3.962	1.952	2.947	2.208	2.676	2.53	2.375	3.845	3.641	3.845	1.104	3.557	5.12	3.196	2.676	3.865	7.64	3.904	3.845	2.815	3.196	5.562	7.759	4.277	4.733	3.426	5.424	2.469	4.57	5.562	9.131	4.038	1.033	3.024	3.557	4.829	3.336	4.502	3.662	5.31	3.196	5.63	3.845	1.235	8.703	5.353	4.502	3.148	4.132	5.281
3.401	0.828	3.019	1.085	3.084	3.254	4.516	3.57	3.528	1.328	3.019	2.146	1.085	3.542	4.118	4.559	3.254	3.923	2.582	2.465	2.146	4.395	3.796	3.611	3.472	2.563	4.395	3.665	1.129	6.143	4.623	4.106	4.559	3.084	3.328	2.053	2.835	4.282	5.627	3.528	2.675	2.887	3.542	4.612	2.582	5.35	4.505	10.71	4.696	4.293	1.291	3.665
4.505	5.883	3.358	7.624	7.939	3.542	1.502	7.84	6.047	2.675	2.364	2.887	2.053	3.254	1.904	1.502	6.223	3.003	2.279	4.338	1.469	5.378	4.779	4.395	4.316	2.279	3.796	2.563	5.313	3.705	1.771	2.384	5.79	2.053	4.748	3.611	2.279	4.046	2.279	3.003	2.852	1.291	3.328	2.146	4.569	5.601	2.835	1.771	2.711	2.675	1.852	2.279
12.414	8.66	7.777	6.987	6.207	5.957	12.473	4.516	13.897	4.177	8.254	5.468	2.582	4.395	4.901	8.5	7.586	8.756	3.358	9.325	2.1	4.165	5.078	4.35	7.429	4.97	2.364	3.542	1.799	0.99	1.98	2.425	3.239	1.213	3.084	4.177	2.1	2.524	2.675	5.359	2.675	2.258	4.395	2.675	2.169	1.129	6.238	3.809	2.364	3.528	1.657	2.169
11.935	6.455	14.575	5.575	11.504	8.266	9.741	7.908	5.627	4.118	6.508	5.267	10.131	3.809	5.662	3.131	5.916	4.046	7.656	4.82	6.642	7.495	4.676	4.046	11.28	5.116	3.997	6.664	9.686	9.031	10.492	11.083	7.255	10.604	11.765	6.159	12.017	7.521	7.783	10.557	5.998	9.409	10.585	1.129	11.976	14.262	4.516	7.495	7.521	1.771	10.548	3.401
6.98	4.395	3.731	4.282	5.029	3.744	4.559	7.05	11.341	6.363	1.93	4.428	8.025	4.35	3.314	2.485	10.063	4.931	8.001	5.126	4.881	5.916	6.127	3.611	5.019	6.508	8.867	4.35	6.006	2.364	4.118	7.05	7.714	3.809	6.657	7.16	4.516	5.304	4.881	3.387	5.67	8.699	8.36	2.485	8.839	8.442	3.873	3.611	8.783	3.254	5.45	4.022
3.748	8.874	7.431	8.874	6.183	9.801	8.929	5.63	10.587	7.298	2.061	5.081	5.63	9.514	4.316	6.592	8.65	2.62	7.024	13.443	4.884	3.748	5.145	11.812	3.43	12.045	3.183	3.477	3.57	4.537	0.99	0.99	4.537	1.143	3.477	1.512	1.512	1.715	9.616	6.365	4.001	3.025	1.143	0.99	0.99	7.497	23.199	24.029	4.465	5.453	3.57	9.41
9.455	7.153	1.799	6.285	8.062	1.565	5.858	8.772	5.116	4.461	5.468	7.995	7.05	7.815	3.528	5.211	9.786	9.101	4.779	7.827	4.118	7.777	9.429	8.982	6.079	6.159	5.67	5.998	4.35	5.539	7.429	6.455	7.222	3.665	4.779	4.612	7.323	6.664	8.212	10.37	5.164	4.259	3.638	6.355	4.537	8.614	6.693	6.119	4.696	5.441	7.119	4.022
0.99	1.512	2.492	3.43	1.512	3.57	3.43	2.858	5.513	2.858	4.679	4.679	5.081	5.239	0.572	3.183	3.57	1.715	3.025	1.143	2.061	5.968	2.061	2.492	4.537	1.98	4.316	3.748	1.98	6.931	2.492	4.001	2.061	2.287	2.287	0.572	4.001	3.183	1.143	1.98	4.001	4.465	2.858	4.316	8.631	7.431	7.562	4.465	1.143	6.023	4.122	2.287
1.512	2.061	3.43	5.968	7.733	6.931	5.453	1.512	2.492	4.316	2.97	2.62	5.941	3.477	4.316	2.061	3.43	1.715	1.98	0.572	10.861	2.858	6.183	0.99	1.715	1.143	4.316	1.715	1.512	4.122	1.512	3.183	1.715	3.43	5.968	3.43	3.183	3.477	0.99	1.512	2.287	1.143	0.99	3.57	1.143	0.572	2.492	1.143	3.96	5.63	5.453	0.99
6.023	4.316	7.298	3.025	6.05	2.061	0.572	3.57	3.025	3.57	3.57	2.287	3.025	2.492	1.715	6.739	3.96	0.572	0.572	9.718	2.061	6.023	1.98	1.98	8.064	6.931	0.572	0.572	1.143	2.061	2.287	2.62	3.96	3.183	3.43	1.512	2.858	5.513	5.145	6.288	7.298	0	1.512	5.453	7.431	8.984	3.025	11.475	16.006	6.954	0.99	11.418
0	2.8	3.501	7.001	1.4	5.601	0	1.4	2.8	3.501	0.7	9.801	9.801	10.502	4.901	4.201	0	3.501	0.7	2.1	3.501	12.602	4.901	2.8	2.1	5.601	2.1	7.001	3.501	7.001	1.4	4.201	8.401	2.1	6.301	10.502	2.8	2.1	4.201	1.4	0.7	5.601	6.301	2.8	2.1	0	1.4	2.8	2.1	2.1	0.7	1.4
7.001	2.8	5.601	3.501	3.501	6.301	3.501	2.1	0.7	2.8	1.4	5.601	10.502	6.301	7.701	8.401	4.201	4.201	9.801	3.501	2.1	0	4.201	7.701	0.7	4.201	9.101	0.7	4.901	5.601	6.301	7.701	7.701	4.901	8.401	2.1	1.4	2.8	2.1	0	4.201	11.202	9.101	3.501	2.8	2.8	2.8	4.201	0.7	3.501	0	1.4
6.016	7.77	7.253	6.314	8.758	4.001	6.183	4.072	4.072	9.851	10.242	4.679	7.453	9.231	9.847	8.906	11.242	5.301	8.264	4.455	11.561	10.396	7.157	11.375	6.536	5.176	4.74	3.66	0.808	4.884	5.423	7.775	6.417	4.455	5.623	3.835	5.385	8.401	4.74	5.794	3.908	8.323	4.876	6.812	4.609	0.808	5.505	7.248	3.66	1.715	3.43	3.17
10.679	1.512	3.025	3.748	3.57	17.721	12.458	14.359	14.596	0.572	14.697	9.2	12.537	7.733	12.167	8.421	11.245	2.492	4.884	7.431	13.719	20.056	28.719	2.492	5.081	11.418	19.661	8.303	36.149	13.185	14.862	40.546	2.492	8.575	4.983	0.99	13.073	4.122	4.884	3.025	5.145	9.718	11.245	2.061	4.537	4.537	7.475	8.104	3.183	3.477	10.587	1.512
3.997	3.796	2.852	3.731	5.359	4.35	1.657	3.178	2.258	4.106	2.384	4.224	3.162	3.997	6.246	2.747	4.282	7.105	2.465	1.98	1.852	4.461	2.852	2.279	3.052	4.165	1.771	5.396	4.35	4.461	2.146	1.469	0.828	2.279	3.528	2.657	2.8	4.676	2.364	1.085	1.328	3.084	3.401	4.591	7.022	3.328	1.291	1.469	2.524	7.296	5.116	3.86
2.582	1.627	1.771	2.835	2.887	1.98	4.461	1.715	3.542	2.765	4.106	2.62	4.338	3.239	3.809	3.898	2.852	4.461	4.118	3.873	3.809	1.904	0.99	3.284	3.401	1.4	0.542	1.129	1.129	0.542	0.828	0.542	0.542	0.443	0.542	2.029	1.657	2.029	1.129	1.291	0.443	2.146	2.1	4.516	3.178	4.282	2.425	4.931	2.146	2.8	2.485	3.1
3.254	5.126	3.328	7.902	7.429	5.304	8.867	6.737	3.131	7.765	4.676	5.756	3.358	4.316	3.77	6.063	1.852	5.799	7.296	3.239	3.997	4.106	1.771	6.394	7.746	5.304	3.254	3.501	4.118	1.291	6.285	2.563	3.1	2.322	4.046	6.079	6.701	1.799	2.937	4.696	5.35	5.53	0.99	16.29	16.473	9.736	6.53	6.895	6.515	8.195	20.538	6.508
2.169	3.358	5.097	1.657	3.898	2.465	2.62	4.118	5.841	4.106	2.747	2.563	4.118	2.747	2.765	5.049	2.97	7.877	5.019	3.208	3.809	7.16	4.165	1.771	5.359	3.936	8.062	1.129	11.852	7.624	12.783	4.728	9.584	8.699	4.97	0.99	7.995	3.528	6.545	4.676	8.116	10.755	2.053	2.364	4.728	10.469	7.389	5.396	4.921	1.904	2.258	1.502
8.5	5.53	3.796	5.049	4.559	5.799	7.669	9.786	8.477	7.752	6.98	6.59	5.748	4.106	2.937	4.83	5.79	7.84	10.945	11.873	4.046	6.664	5.441	2.053	3.744	5.332	14.726	3.1	15.152	6.809	2.675	4.98	2.657	5.173	5.832	13.346	9.766	9.564	12.239	4.559	5.029	9.403	4.85	14.541	11.976	5.468	5.832	6.378	3.528	5.019	2.053	7.815
3.328	3.923	3.611	8.603	2.747	4.338	1.904	5.405	9.861	4.282	6.432	7.521	5.627	8.177	6.627	10.351	3.873	6.701	4.259	5.618	3.898	9.074	7.105	2.582	4.717	9.037	5.486	3.985	2.657	8.301	6.079	2.92	2.62	2.279	6.324	3.458	4.338	2.711	6.657	2.053	2.279	7.422	3.284	4.8	4.8	4.8	5.029	5.267	6.737	4.82	3.314	1.565
1.291	3.835	3.985	2.675	2.364	2.146	1.085	2.029	2.053	3.86	1.627	3.019	2.937	2.146	0.828	2.485	2.524	1.904	1.627	0.828	4.224	1.657	2.485	1.502	5.126	3.284	2.563	1.852	2.524	3.019	3.611	1.129	3.084	2.524	1.502	1.98	2.053	2.384	1.565	2.582	1.98	1.771	2.852	0.542	2.852	2.053	2.279	1.502	1.129	2.258	1.904	1.502
7.085	2.62	3.019	4.293	4.406	5.965	5.731	4.177	3.1	1.291	4.779	5.998	3.387	2.258	2.053	3.358	3.387	3.328	3.084	4.98	3.665	3.873	5.965	4.282	3.387	3.528	9.599	2.053	8.575	7.356	7.72	2.364	6.159	7.022	10.905	3.678	1.799	3.611	5.35	6.363	5	4.85	3.084	3.1	5.53	5.019	8.183	5.286	3.898	3.387	1.904	2.258
5.019	5.211	5.486	3.997	8.062	5.705	3.178	6.063	6.199	8.856	8.506	5.423	4.293	6.455	4.612	6.039	9.198	8.448	10.351	6.006	13.309	9.272	8.413	9.429	11.765	11.431	9.112	7.701	3.358	7.777	7.902	4.779	5.35	5.068	9.208	1.904	3.401	9.46	4.372	5.832	10.455	5.965	4.98	3.665	5.858	5.899	9.224	11.298	11.66	8.688	7.126	7.022
16.248	9.192	5.883	7.746	5.068	1.799	4.644	4.282	7.618	5.078	2.524	4.177	3.542	1.852	5.173	4.921	4.559	4.461	8.839	2.465	3.638	5.258	7.54	8.442	3.542	9.435	2.279	6.59	7.939	3.873	4.921	6.766	6.98	2.937	5.883	4.676	4.881	5.748	2.747	6.285	5.713	2.852	4.717	5.019	2.1	5.575	4.118	6.657	2.146	3.638	2.582	2.563
10.131	6.881	19.011	14.96	14.828	6.845	6.047	8.756	7.194	3.528	13.202	14.511	8.242	7.091	15.68	9.533	9.786	16.011	12.094	16.753	4.224	9.314	8.413	6.693	5.486	15.087	6.881	15.323	7.174	6.278	8.705	9.367	12.555	14.331	10.394	7.488	7.262	7.126	7.276	10.039	18.291	9.564	3.284	8.563	6.167	6.199	4.505	26.209	10.145	8.086	6.316	8.092
3.387	6.316	7.119	4.282	6.127	3.744	6.917	9.936	5.192	8.001	2.582	5.126	8.266	7.688	5.116	5.486	9.861	9.166	6.285	5.332	5.539	7.119	13.03	9.726	3.328	10.37	12.065	8.546	5.173	6.439	9.112	5.258	12.879	5.396	4.769	5.601	3.284	8.839	12.668	9.965	8.789	6.087	3.019	3.611	6.238	4.372	6.987	5.899	4.022	3.597	4.83	8.001
5.019	4.461	2.563	2.563	1.657	3.1	3.401	2.835	3.86	2.1	2.62	2.937	1.904	3.997	4.676	4.046	5.513	4.779	1.799	1.657	3.77	2.053	5.164	6.207	5.078	4.395	8.43	4.483	8.592	6.508	9.975	5.486	3.472	4.85	2.747	2.029	2.053	7.022	8.266	6.952	5.468	4.8	2.1	3.1	2.485	3.178	5.423	9.46	3.401	2.657	1.627	3.239
2.317	2.883	2.171	2.62	2.767	2.672	2.347	3.101	2.386	6.206	2.602	1.203	1.701	3.175	3.101	4.674	4.272	4.624	3.27	1.871	1.884	1.755	3.277	3.423	2.357	3.375	5.384	3.96	4.898	3.602	5.622	6.832	6.856	7.666	1.871	0.942	2.784	7.253	4.391	2.792	3.305	3.589	0.942	1.497	0.942	1.449	2.347	1.512	0.966	0.748	1.058	1.143
0.374	1.558	0.374	0.942	0.483	1.123	1.332	2.899	2.357	1.588	0.942	0.483	0.529	0.748	1.332	1.497	2.357	1.143	2.095	0.374	0.683	0.942	2.62	1.617	2.825	2.767	3.748	3.205	3.563	4.674	7.73	6.924	8.955	3.692	3.45	3.255	5.765	5.354	6.578	6.281	6.585	4.31	1.449	1.449	1.143	4.385	4.812	5.414	4.343	0.808	2.858	1.808
0.886	1.129	1.469	1.93	2.146	4.118	1.4	2.029	1.469	2.835	2.029	3.052	1.469	2.279	1.627	1.502	1.291	1.715	1.98	1.771	1.502	1.565	1.93	1.657	1.085	1.129	3.542	5.068	3.387	2.675	1.129	3.358	2.279	1.852	2.582	4.769	5.705	5.068	3.528	3.358	4.779	2.657	5.539	4.165	4.676	2.675	3.314	1.904	3.003	3.387	1.904	1.291
6.039	2.524	9.916	6.802	9.219	7.276	6.62	7.194	7.733	7.16	5.396	7.16	8.448	7.982	3.328	3.528	6.545	9.816	8.471	9.876	7.56	5.019	7.733	4.8	11.639	11.258	5.192	3.731	10	4.921	5.486	5.192	4.921	5.832	4.591	6.246	4.676	2.384	2.852	5.731	2.279	3.923	2.835	10.155	4.612	3.239	7.752	5.67	6.301	19.076	6.701	4.316
6.079	3.809	6.316	3.873	0.828	4.282	6.545	5.097	6.809	5.618	4.282	4.282	2.524	3.611	4.717	6.238	4.118	5.396	4.537	4.665	2.425	5.486	4.316	5.644	2.675	4.612	10.398	5.832	8.872	5.957	6.439	4.046	4.177	9.584	5.495	5.097	5.618	2.852	3.997	3.638	1.469	10.408	7.001	4.35	4.612	4.406	7.714	3.401	2.258	4.728	7.329	3.835
3.458	3.809	3.96	5.078	1.98	3.314	5.029	3.458	3.542	1.657	5.239	3.131	3.1	1.502	1.799	4.224	5.998	2.62	2.146	2.279	5.874	1.715	3.239	3.003	4.201	4.83	6.006	5.126	5	5.019	4.046	2.258	3.239	2.657	9.965	7.746	4.316	5.239	2.852	4.591	3.597	2.465	2.364	2.214	5.441	4.058	4.282	5.378	4.022	9.538	2.765	4.177
4.769	4.505	2.835	4.779	2.747	3.985	4.118	1.085	4.224	3.744	7.605	2.053	3.809	1.129	3.597	3.997	4.871	4.282	2.582	2.582	2.563	1.904	2.384	3.77	4.591	1.852	1.904	2.322	2.563	1.502	3.003	2.169	1.565	1.291	1.085	4.569	3.052	3.284	2.852	1.771	2.582	1.502	0.886	2.364	2.747	5.662	2.384	1.129	3.1	4.372	3.542	3.665
13.622	6.917	8.025	11.28	9.574	3.898	9.985	10.923	12.247	7.827	16.709	9.262	10.604	6.355	15.188	7.624	4.516	4.97	12.426	7.001	6.127	8.586	5.019	8.817	8.477	11.597	7.809	1.799	5.078	9.635	5.22	6.838	9.736	10.058	6.874	5.211	7.105	4.338	5.713	5.239	10.687	9.112	5.957	18.676	11.101	8.894	6.693	6.627	6.207	5.748	5.486	10.394
5.536	4.447	3.313	2.803	6.691	2.762	4.885	4.704	3.881	3.015	2.345	11.917	4.485	7.184	2.577	4.244	5.482	5.263	8.098	3.29	5.502	4.194	5.675	9.142	4.792	3.253	4.46	5.296	2.226	5.425	2.07	5.137	2.215	5.649	7.739	4.373	3.376	5.322	1.434	3.976	2.78	5.498	3.036	7.828	4.516	6.384	5.168	1.829	6.339	2.851	5.894	3.195
8.911	8.477	4.612	12.339	8.938	10.242	4.516	6.401	5.396	6.039	9.811	8.025	7.656	8.242	7.085	5.396	4.97	2.364	4.83	5.486	10.464	3.997	6.627	4.165	3.898	3.96	2.146	2.62	2.364	5.705	4.106	4.665	6.238	3.178	0.542	3.1	2.169	3.387	4.118	3.611	1.328	3.809	2.887	10.034	9.558	2.524	2.675	3.254	2.92	2.92	6.909	2.675
5.601	5.45	3.003	5.601	3.705	4.665	4.45	4.505	5.486	4.717	7.16	6.363	3.985	3.809	4.395	4.921	4.559	7.56	6.127	4.106	3.898	2.485	5.441	5.126	4.395	2.711	6.087	1.799	3.084	4.45	6.324	3.162	7.356	3.208	3.873	1.213	2.92	4.728	4.931	7.057	4.35	6.952	0.99	2.146	3.501	2.146	5.583	2.322	3.401	2.92	5.45	2.279
7.871	15.291	10.719	17.229	11.644	6.874	9.826	16.172	9.367	10.696	16.017	6.159	12.783	8.716	8.716	15.194	3.923	22.74	14.629	10.869	7.343	8.177	9.288	11.827	9.192	16.942	6.553	15.226	7.752	20.235	12.394	9.936	19.301	7.714	9.816	9.299	15.68	2.852	18.13	11.149	21.845	13.879	14.842	20.153	13.658	13.886	7.682	7.859	21.579	6.627	7.688	19.893
3.025	5.968	3.57	4.983	5.081	9.2	6.183	5.968	4.316	8.421	2.287	6.86	1.512	8.003	3.748	2.492	7.024	2.858	5.453	7.859	4.316	6.86	4.122	4.983	7.691	4.679	2.061	1.715	6.023	3.025	5.801	4.884	6.592	5.453	4.537	1.512	2.62	2.97	4.884	5.63	3.183	4.316	6.592	5.453	6.739	5.239	5.239	3.57	4.679	4.001	2.62	0.572
4.142	3.284	8.756	4.644	6.143	6.103	5.116	3.239	4.165	3.328	5.731	5.267	5.957	6.316	3.208	3.328	5.239	6.143	4.696	5.116	3.665	3.936	2.92	1.627	2.279	6.285	5.965	8.772	15.576	9.02	6.515	4.224	2.765	8.872	10.351	9.916	13.514	7.309	1.98	3.019	4.046	5.748	20.595	10.631	9.139	6.605	6.047	4.779	6.355	4.058	11.597	4.931
9.861	10.251	10.571	4.058	8.839	9.538	9.009	3.052	10.631	8.183	7.188	9.936	9.538	7.54	4.717	7.255	8.993	7.05	6.394	6.737	9.786	6.477	4.717	8.872	9.811	8.419	2.657	7.72	9.686	5.019	7.777	3.873	4.644	4.142	9.085	8.236	5.883	8.872	4.165	10.905	6.86	8.477	8.949	5.126	8.789	12.457	5.359	12.575	6.515	9.481	6.657	11.652
6.53	6.039	2.711	4.676	3.744	4.97	3.131	3.328	4.623	4.282	7.036	7.255	4.83	3.458	4.395	9.512	4.461	3.731	7.001	5.126	3.472	4.591	9.031	5.965	4.748	3.358	6.824	3.178	4.282	3.997	3.923	2.258	1.904	5.982	2.146	3.003	2.747	1.129	2.563	2.258	2.146	5.874	2.279	4.118	1.799	3.873	2.258	3.611	1.627	3.358	2.747	5.078
9.322	8.251	5.911	5.27	10.75	8.412	13.65	3.413	18.279	4.126	4.126	7.512	0.946	7.392	9.972	7.146	4.337	8.087	9.881	1.639	6.625	6.625	8.518	4.126	10.54	4.126	0	6.206	5.757	1.639	0.946	11.159	9.029	4.126	8.087	6.625	4.337	5.679	3.413	4.126	8.412	11.821	4.126	8.675	5.757	4.732	2.839	4.337	4.337	0.946	7.146	3.413
5.211	8.301	12.094	7.637	4.612	4.644	4.717	8.031	7.228	3.597	7.964	7.939	3.923	6.417	4.165	3.873	3.43	4.779	5.486	8.401	5.841	6.079	4.338	2.146	3.43	5.35	4.717	4.98	2.485	0.828	5.019	4.83	6.627	5.756	5.068	4.97	3.528	3.835	3.638	3.77	9.891	9.091	8.134	3.809	2.384	2.563	1.085	2.747	7.455	4.106	4.921	5.078
4.881	2.915	4.686	2.563	2.459	3.172	3.898	2.777	3.415	4.22	2.613	6.49	4.907	3.11	3.254	3.579	6.429	5.874	3.584	2.711	7.105	3.579	2.915	5.896	3.03	4.996	5.01	3.43	5.483	4.472	4.996	0.808	3.279	6.994	3.944	2.505	2.852	4.357	2.258	1.252	3.131	2.315	2.847	4.266	3.691	2.229	6.647	3.068	4.312	4.058	1.617	5.036
11.902	9.801	6.301	4.901	8.401	9.101	8.401	9.801	4.201	5.601	0	0.7	9.101	3.501	5.601	10.502	6.301	4.201	2.1	9.801	9.801	1.4	4.201	4.901	2.8	0	5.601	23.804	3.501	31.505	2.1	16.803	23.804	0.7	1.4	7.701	11.902	21.703	4.201	5.601	9.101	0.7	0.7	4.901	4.901	2.1	0.7	3.501	0.7	14.702	7.001	18.203
4.983	3.025	2.492	3.96	6.739	1.512	6.592	1.512	2.62	0.572	4.537	2.287	4.95	9.548	2.061	7.298	2.97	7.163	2.97	2.061	4.001	0.572	9.751	4.537	4.316	2.492	3.025	1.715	2.62	2.492	1.512	1.143	2.061	2.858	1.512	4.316	4.884	3.96	0.99	0.572	2.62	2.492	0.572	2.492	6.05	5.239	5.453	4.465	3.43	3.748	3.748	7.733
3.401	4.293	2.384	3.208	4.461	2.465	4.35	5.575	6.477	5.627	6.693	5.799	4.931	3.809	4.881	3.923	2.384	7.714	3.1	6.664	5.286	7.429	5.078	2.887	6.103	8.36	2.937	2.582	3.239	1.657	0.828	0.99	2.029	3.528	5.874	3.665	4.901	3.528	2.747	10.351	4.35	3.178	6.931	5.049	7.495	5.078	4.259	7.605	5.67	13.601	7.908	5.145
