 -7.6028280e+000  1.0000000e+000  0.0000000e+000  1.0000000e+000  3.1509051e-001  5.0000000e+000
  1.2033449e+001  1.0000000e+000  0.0000000e+000  1.0000000e+000  5.8092185e-002  6.0000000e+000
  1.8931766e+001  1.0000000e+000  0.0000000e+000  1.0000000e+000  6.3916497e-002  7.0000000e+000
  8.3294501e+000  1.0000000e+000  0.0000000e+000  1.0000000e+000  3.3637374e-004  8.0000000e+000
 -2.2260431e+000  1.0000000e+000  0.0000000e+000  1.0000000e+000  2.5531471e-001  1.1000000e+001
 -5.8715830e+000  1.0000000e+000  0.0000000e+000  1.0000000e+000  2.3997174e-001  1.2000000e+001
 -1.7761008e+001  1.0000000e+000  0.0000000e+000  1.0000000e+000  1.3417460e-001  1.3000000e+001
 -1.6523765e+001  1.0000000e+000  0.0000000e+000  1.0000000e+000  1.3842489e-001  1.4000000e+001
 -5.1801070e+000  1.0000000e+000  0.0000000e+000  1.0000000e+000  1.9095037e-001  1.9000000e+001
 -2.0343763e+001  1.0000000e+000  0.0000000e+000  1.0000000e+000  1.1163743e-002  2.0000000e+001
 -5.4488823e+000  1.0000000e+000  0.0000000e+000  1.0000000e+000  3.0085702e-001  2.1000000e+001
 -1.8038844e-001  1.0000000e+000  0.0000000e+000  1.0000000e+000  8.5084171e-002  2.2000000e+001
 -1.3920446e+000  1.0000000e+000  0.0000000e+000  1.0000000e+000  2.1241979e-001  2.3000000e+001
 -3.4506859e+000  1.0000000e+000  0.0000000e+000  1.0000000e+000  1.1721436e-002  2.4000000e+001
 -2.3452725e-001  1.0000000e+000  0.0000000e+000  1.0000000e+000  2.8698430e-001  2.5000000e+001
 -6.5674875e+000  1.0000000e+000  0.0000000e+000  1.0000000e+000  1.5480157e-001  2.6000000e+001
 -1.5832668e+000  1.0000000e+000  0.0000000e+000  1.0000000e+000  2.0256830e-001  2.7000000e+001
 -3.5933348e+000  1.0000000e+000  0.0000000e+000  1.0000000e+000 -5.6056738e-002  3.0000000e+001
 -5.6268447e+000  1.0000000e+000  0.0000000e+000  1.0000000e+000  6.3794143e-002  3.2000000e+001
  9.6500247e+000  1.0000000e+000  0.0000000e+000  1.0000000e+000  2.1148855e-001  3.3000000e+001
 -4.3897814e+000  1.0000000e+000  0.0000000e+000  1.0000000e+000  2.2743314e-001  3.4000000e+001
  1.0577709e+001  1.0000000e+000  0.0000000e+000  1.0000000e+000  1.6217110e-001  3.5000000e+001
  3.8247795e+000  1.0000000e+000  0.0000000e+000  1.0000000e+000  8.5287753e-002  3.6000000e+001
  7.8287807e-001  1.0000000e+000  0.0000000e+000  1.0000000e+000 -4.5326835e-003  3.7000000e+001
 -1.3144509e+001  1.0000000e+000  0.0000000e+000  1.0000000e+000  9.1389798e-003  3.8000000e+001
 -4.2243247e+000  1.0000000e+000  0.0000000e+000  1.0000000e+000  2.7005440e-001  3.9000000e+001
 -3.0847268e+000  1.0000000e+000  0.0000000e+000  1.0000000e+000  4.9405111e-003  4.2000000e+001
  2.1517916e+000  1.0000000e+000  0.0000000e+000  1.0000000e+000  2.1871405e-002  4.4000000e+001
 -3.5888405e-001  1.0000000e+000  0.0000000e+000  1.0000000e+000  3.2671409e-002  4.5000000e+001
 -9.5061403e+000  1.0000000e+000  0.0000000e+000  1.0000000e+000  3.3551988e-001  4.6000000e+001
 -3.3157960e+000  1.0000000e+000  0.0000000e+000  1.0000000e+000  6.5268509e-002  4.8000000e+001
  5.8052621e-001  1.0000000e+000  0.0000000e+000  2.0000000e+000  6.1051649e-002  2.0000000e+000
 -4.1142457e+000  1.0000000e+000  0.0000000e+000  2.0000000e+000  1.1839959e-001  3.0000000e+000
  1.5799902e+001  1.0000000e+000  0.0000000e+000  2.0000000e+000  3.1509051e-001  5.0000000e+000
 -3.6185735e+000  1.0000000e+000  0.0000000e+000  2.0000000e+000  5.8092185e-002  6.0000000e+000
  1.1379597e+001  1.0000000e+000  0.0000000e+000  2.0000000e+000  6.3916497e-002  7.0000000e+000
 -8.1500414e+000  1.0000000e+000  0.0000000e+000  2.0000000e+000  3.3637374e-004  8.0000000e+000
 -9.2083757e+000  1.0000000e+000  0.0000000e+000  2.0000000e+000  6.1821112e-002  1.0000000e+001
 -4.9960557e+000  1.0000000e+000  0.0000000e+000  2.0000000e+000  2.5531471e-001  1.1000000e+001
  7.1398452e-001  1.0000000e+000  0.0000000e+000  2.0000000e+000  2.3997174e-001  1.2000000e+001
 -4.2130075e+000  1.0000000e+000  0.0000000e+000  2.0000000e+000  1.3417460e-001  1.3000000e+001
 -5.2080688e+000  1.0000000e+000  0.0000000e+000  2.0000000e+000  1.3842489e-001  1.4000000e+001
  3.3946306e+000  1.0000000e+000  0.0000000e+000  2.0000000e+000  1.2633505e-001  1.6000000e+001
 -2.5708475e-001  1.0000000e+000  0.0000000e+000  2.0000000e+000  2.0956823e-001  1.8000000e+001
  4.1572329e+000  1.0000000e+000  0.0000000e+000  2.0000000e+000  1.9095037e-001  1.9000000e+001
  6.8619054e+000  1.0000000e+000  0.0000000e+000  2.0000000e+000  1.1163743e-002  2.0000000e+001
  1.9944303e+000  1.0000000e+000  0.0000000e+000  2.0000000e+000  3.0085702e-001  2.1000000e+001
  3.2933227e-001  1.0000000e+000  0.0000000e+000  2.0000000e+000  8.5084171e-002  2.2000000e+001
  7.5574718e+000  1.0000000e+000  0.0000000e+000  2.0000000e+000  2.1241979e-001  2.3000000e+001
 -8.4252386e-001  1.0000000e+000  0.0000000e+000  2.0000000e+000  1.1721436e-002  2.4000000e+001
  2.5089102e+001  1.0000000e+000  0.0000000e+000  2.0000000e+000  2.8698430e-001  2.5000000e+001
  1.0915104e+001  1.0000000e+000  0.0000000e+000  2.0000000e+000  1.5480157e-001  2.6000000e+001
 -6.5533864e+000  1.0000000e+000  0.0000000e+000  2.0000000e+000  2.0256830e-001  2.7000000e+001
  1.9529848e+001  1.0000000e+000  0.0000000e+000  2.0000000e+000  2.3080126e-001  2.8000000e+001
 -8.3485918e+000  1.0000000e+000  0.0000000e+000  2.0000000e+000 -1.5317338e-002  2.9000000e+001
  6.5496294e+000  1.0000000e+000  0.0000000e+000  2.0000000e+000 -5.6056738e-002  3.0000000e+001
  2.4319822e+000  1.0000000e+000  0.0000000e+000  2.0000000e+000  6.3794143e-002  3.2000000e+001
 -1.9508061e+001  1.0000000e+000  0.0000000e+000  2.0000000e+000  2.1148855e-001  3.3000000e+001
 -2.3961363e+000  1.0000000e+000  0.0000000e+000  2.0000000e+000  2.2743314e-001  3.4000000e+001
 -1.0504006e+000  1.0000000e+000  0.0000000e+000  2.0000000e+000  1.6217110e-001  3.5000000e+001
 -8.6544036e+000  1.0000000e+000  0.0000000e+000  2.0000000e+000  8.5287753e-002  3.6000000e+001
  2.3575122e+000  1.0000000e+000  0.0000000e+000  2.0000000e+000 -4.5326835e-003  3.7000000e+001
  1.1569532e+000  1.0000000e+000  0.0000000e+000  2.0000000e+000  9.1389798e-003  3.8000000e+001
  7.2710003e+000  1.0000000e+000  0.0000000e+000  2.0000000e+000  2.7005440e-001  3.9000000e+001
 -8.7407313e-001  1.0000000e+000  0.0000000e+000  2.0000000e+000 -2.1393060e-001  4.1000000e+001
 -2.0995938e+000  1.0000000e+000  0.0000000e+000  2.0000000e+000  4.9405111e-003  4.2000000e+001
 -6.7482424e+000  1.0000000e+000  0.0000000e+000  2.0000000e+000  2.1871405e-002  4.4000000e+001
 -2.8028616e+000  1.0000000e+000  0.0000000e+000  2.0000000e+000  3.2671409e-002  4.5000000e+001
 -8.8248532e+000  1.0000000e+000  0.0000000e+000  2.0000000e+000  3.3551988e-001  4.6000000e+001
 -1.0533851e+001  1.0000000e+000  0.0000000e+000  2.0000000e+000  6.5268509e-002  4.8000000e+001
  6.3489318e-001  1.0000000e+000  0.0000000e+000  2.0000000e+000 -2.4550482e-002  4.9000000e+001
 -2.2163710e+000  1.0000000e+000  0.0000000e+000  2.0000000e+000  7.8629512e-002  5.0000000e+001
  1.4444266e-001  3.0000000e+000  0.0000000e+000  1.0000000e+000 -2.2395476e-002  2.0000000e+000
 -1.6251356e+001  3.0000000e+000  0.0000000e+000  1.0000000e+000  7.3785601e-002  3.0000000e+000
 -5.8237740e+000  3.0000000e+000  0.0000000e+000  1.0000000e+000  1.5952029e-001  5.0000000e+000
 -1.7454299e+000  3.0000000e+000  0.0000000e+000  1.0000000e+000 -9.9621161e-002  6.0000000e+000
  6.4790180e+000  3.0000000e+000  0.0000000e+000  1.0000000e+000  9.7829970e-002  7.0000000e+000
  1.7208291e-001  3.0000000e+000  0.0000000e+000  1.0000000e+000 -7.6981189e-002  8.0000000e+000
 -1.4972228e+001  3.0000000e+000  0.0000000e+000  1.0000000e+000 -8.0070551e-002  1.0000000e+001
 -1.7292560e+000  3.0000000e+000  0.0000000e+000  1.0000000e+000  4.6583511e-002  1.1000000e+001
  1.5165159e+000  3.0000000e+000  0.0000000e+000  1.0000000e+000  3.3702252e-001  1.2000000e+001
  2.2826799e+000  3.0000000e+000  0.0000000e+000  1.0000000e+000 -4.1246571e-002  1.3000000e+001
 -8.7027498e+000  3.0000000e+000  0.0000000e+000  1.0000000e+000  2.1417062e-001  1.4000000e+001
 -4.1085896e+000  3.0000000e+000  0.0000000e+000  1.0000000e+000  1.2799729e-001  1.6000000e+001
  1.3529559e+000  3.0000000e+000  0.0000000e+000  1.0000000e+000  1.3591433e-001  1.8000000e+001
 -2.3530044e+000  3.0000000e+000  0.0000000e+000  1.0000000e+000  1.2077572e-001  1.9000000e+001
 -8.3355876e+000  3.0000000e+000  0.0000000e+000  1.0000000e+000 -9.3455879e-003  2.0000000e+001
 -5.7113493e-001  3.0000000e+000  0.0000000e+000  1.0000000e+000  1.2663882e-001  2.1000000e+001
 -1.7490149e-001  3.0000000e+000  0.0000000e+000  1.0000000e+000  2.5467370e-001  2.2000000e+001
 -2.3895687e+000  3.0000000e+000  0.0000000e+000  1.0000000e+000  1.0700334e-001  2.3000000e+001
 -5.1942994e+000  3.0000000e+000  0.0000000e+000  1.0000000e+000 -1.0128599e-001  2.4000000e+001
 -1.1767921e-001  3.0000000e+000  0.0000000e+000  1.0000000e+000  1.1746292e-001  2.5000000e+001
 -7.8091347e+000  3.0000000e+000  0.0000000e+000  1.0000000e+000  1.7751999e-001  2.6000000e+001
 -1.7621177e+000  3.0000000e+000  0.0000000e+000  1.0000000e+000  1.4811271e-001  2.7000000e+001
  1.8531551e+001  3.0000000e+000  0.0000000e+000  1.0000000e+000  9.8502163e-002  2.8000000e+001
 -4.0342581e-001  3.0000000e+000  0.0000000e+000  1.0000000e+000  2.5728487e-001  2.9000000e+001
  6.4439293e-001  3.0000000e+000  0.0000000e+000  1.0000000e+000  1.8591925e-001  3.0000000e+001
 -6.3644258e+000  3.0000000e+000  0.0000000e+000  1.0000000e+000  1.0419093e-001  3.2000000e+001
  1.4819212e+000  3.0000000e+000  0.0000000e+000  1.0000000e+000  1.4301689e-001  3.3000000e+001
  4.2160008e-001  3.0000000e+000  0.0000000e+000  1.0000000e+000  3.0113477e-001  3.4000000e+001
  5.7504818e+000  3.0000000e+000  0.0000000e+000  1.0000000e+000  3.1080000e-001  3.5000000e+001
  6.9251410e+000  3.0000000e+000  0.0000000e+000  1.0000000e+000  1.4168478e-001  3.6000000e+001
  3.3968082e-002  3.0000000e+000  0.0000000e+000  1.0000000e+000  1.9801446e-001  3.7000000e+001
 -3.0730425e+000  3.0000000e+000  0.0000000e+000  1.0000000e+000  1.2283855e-001  3.8000000e+001
 -4.6338743e+000  3.0000000e+000  0.0000000e+000  1.0000000e+000  1.6742616e-001  3.9000000e+001
  1.8067486e-001  3.0000000e+000  0.0000000e+000  1.0000000e+000  1.7716536e-001  4.1000000e+001
  2.3805519e+000  3.0000000e+000  0.0000000e+000  1.0000000e+000  9.6888598e-002  4.2000000e+001
  1.0184084e+001  3.0000000e+000  0.0000000e+000  1.0000000e+000 -1.5616085e-002  4.4000000e+001
  2.4489631e+000  3.0000000e+000  0.0000000e+000  1.0000000e+000  2.6145292e-001  4.5000000e+001
 -4.3264319e+000  3.0000000e+000  0.0000000e+000  1.0000000e+000  3.8821470e-001  4.6000000e+001
  1.5680874e+000  3.0000000e+000  0.0000000e+000  1.0000000e+000  6.7455068e-002  4.8000000e+001
  2.3229744e+000  3.0000000e+000  0.0000000e+000  1.0000000e+000  1.5721959e-001  4.9000000e+001
  9.3170160e+000  3.0000000e+000  0.0000000e+000  1.0000000e+000  4.0898801e-002  5.0000000e+001
  2.2256877e+000  3.0000000e+000  0.0000000e+000  2.0000000e+000 -2.2395476e-002  2.0000000e+000
 -1.1470478e+001  3.0000000e+000  0.0000000e+000  2.0000000e+000  7.3785601e-002  3.0000000e+000
  9.0585153e+000  3.0000000e+000  0.0000000e+000  2.0000000e+000  1.5952029e-001  5.0000000e+000
  6.0806432e-001  3.0000000e+000  0.0000000e+000  2.0000000e+000 -9.9621161e-002  6.0000000e+000
 -2.9521713e+000  3.0000000e+000  0.0000000e+000  2.0000000e+000  9.7829970e-002  7.0000000e+000
 -5.4966084e+000  3.0000000e+000  0.0000000e+000  2.0000000e+000 -7.6981189e-002  8.0000000e+000
 -6.6215628e+000  3.0000000e+000  0.0000000e+000  2.0000000e+000 -8.0070551e-002  1.0000000e+001
 -3.0132404e+000  3.0000000e+000  0.0000000e+000  2.0000000e+000  4.6583511e-002  1.1000000e+001
  4.4084890e+000  3.0000000e+000  0.0000000e+000  2.0000000e+000  3.3702252e-001  1.2000000e+001
  2.3596292e+001  3.0000000e+000  0.0000000e+000  2.0000000e+000 -4.1246571e-002  1.3000000e+001
  2.2761811e+000  3.0000000e+000  0.0000000e+000  2.0000000e+000  2.1417062e-001  1.4000000e+001
  1.3169537e+001  3.0000000e+000  0.0000000e+000  2.0000000e+000  1.2799729e-001  1.6000000e+001
 -9.9387123e-001  3.0000000e+000  0.0000000e+000  2.0000000e+000  1.3591433e-001  1.8000000e+001
 -4.2117073e-001  3.0000000e+000  0.0000000e+000  2.0000000e+000  1.2077572e-001  1.9000000e+001
  6.9872188e+000  3.0000000e+000  0.0000000e+000  2.0000000e+000 -9.3455879e-003  2.0000000e+001
  8.0426325e-001  3.0000000e+000  0.0000000e+000  2.0000000e+000  1.2663882e-001  2.1000000e+001
  1.9071899e+000  3.0000000e+000  0.0000000e+000  2.0000000e+000  2.5467370e-001  2.2000000e+001
  2.2014331e-001  3.0000000e+000  0.0000000e+000  2.0000000e+000  1.0700334e-001  2.3000000e+001
 -2.5428207e+000  3.0000000e+000  0.0000000e+000  2.0000000e+000 -1.0128599e-001  2.4000000e+001
  4.3666399e+000  3.0000000e+000  0.0000000e+000  2.0000000e+000  1.1746292e-001  2.5000000e+001
  1.1483530e+001  3.0000000e+000  0.0000000e+000  2.0000000e+000  1.7751999e-001  2.6000000e+001
 -7.3095318e+000  3.0000000e+000  0.0000000e+000  2.0000000e+000  1.4811271e-001  2.7000000e+001
 -1.4661131e+001  3.0000000e+000  0.0000000e+000  2.0000000e+000  9.8502163e-002  2.8000000e+001
 -6.0887544e+000  3.0000000e+000  0.0000000e+000  2.0000000e+000  2.5728487e-001  2.9000000e+001
  1.9836671e+000  3.0000000e+000  0.0000000e+000  2.0000000e+000  1.8591925e-001  3.0000000e+001
 -7.6710457e-002  3.0000000e+000  0.0000000e+000  2.0000000e+000  1.0419093e-001  3.2000000e+001
  4.0934904e+000  3.0000000e+000  0.0000000e+000  2.0000000e+000  1.4301689e-001  3.3000000e+001
  3.1592283e+000  3.0000000e+000  0.0000000e+000  2.0000000e+000  3.0113477e-001  3.4000000e+001
 -1.8918019e-001  3.0000000e+000  0.0000000e+000  2.0000000e+000  3.1080000e-001  3.5000000e+001
 -1.9116178e+000  3.0000000e+000  0.0000000e+000  2.0000000e+000  1.4168478e-001  3.6000000e+001
  2.4670595e-001  3.0000000e+000  0.0000000e+000  2.0000000e+000  1.9801446e-001  3.7000000e+001
 -5.8102200e+000  3.0000000e+000  0.0000000e+000  2.0000000e+000  1.2283855e-001  3.8000000e+001
  5.8654776e+000  3.0000000e+000  0.0000000e+000  2.0000000e+000  1.6742616e-001  3.9000000e+001
  9.3676521e+000  3.0000000e+000  0.0000000e+000  2.0000000e+000  1.7716536e-001  4.1000000e+001
 -8.6884514e-001  3.0000000e+000  0.0000000e+000  2.0000000e+000  9.6888598e-002  4.2000000e+001
 -6.1071127e+000  3.0000000e+000  0.0000000e+000  2.0000000e+000 -1.5616085e-002  4.4000000e+001
  6.1993818e+000  3.0000000e+000  0.0000000e+000  2.0000000e+000  2.6145292e-001  4.5000000e+001
 -1.1904703e+000  3.0000000e+000  0.0000000e+000  2.0000000e+000  3.8821470e-001  4.6000000e+001
 -1.1755485e+001  3.0000000e+000  0.0000000e+000  2.0000000e+000  6.7455068e-002  4.8000000e+001
  8.3115374e+000  3.0000000e+000  0.0000000e+000  2.0000000e+000  1.5721959e-001  4.9000000e+001
 -9.9629254e+000  3.0000000e+000  0.0000000e+000  2.0000000e+000  4.0898801e-002  5.0000000e+001
  5.3692690e-001  1.0000000e+000  2.0000000e+000  1.0000000e+000  6.1051649e-002  2.0000000e+000
 -9.9665035e+000  1.0000000e+000  2.0000000e+000  1.0000000e+000  1.1839959e-001  3.0000000e+000
 -7.6590634e+000  1.0000000e+000  2.0000000e+000  1.0000000e+000  3.1509051e-001  5.0000000e+000
  6.5442039e+000  1.0000000e+000  2.0000000e+000  1.0000000e+000  5.8092185e-002  6.0000000e+000
  6.0169124e+000  1.0000000e+000  2.0000000e+000  1.0000000e+000  6.3916497e-002  7.0000000e+000
  1.1542954e+001  1.0000000e+000  2.0000000e+000  1.0000000e+000  3.3637374e-004  8.0000000e+000
 -9.1340688e+000  1.0000000e+000  2.0000000e+000  1.0000000e+000  6.1821112e-002  1.0000000e+001
 -2.0041513e-001  1.0000000e+000  2.0000000e+000  1.0000000e+000  2.5531471e-001  1.1000000e+001
  4.9401345e+000  1.0000000e+000  2.0000000e+000  1.0000000e+000  2.3997174e-001  1.2000000e+001
 -2.3081275e+001  1.0000000e+000  2.0000000e+000  1.0000000e+000  1.3417460e-001  1.3000000e+001
 -2.7902603e+000  1.0000000e+000  2.0000000e+000  1.0000000e+000  1.3842489e-001  1.4000000e+001
  2.1812031e+001  1.0000000e+000  2.0000000e+000  1.0000000e+000  1.2633505e-001  1.6000000e+001
  5.4652912e+000  1.0000000e+000  2.0000000e+000  1.0000000e+000  2.0956823e-001  1.8000000e+001
 -3.3335240e-001  1.0000000e+000  2.0000000e+000  1.0000000e+000  1.9095037e-001  1.9000000e+001
  2.4062989e+001  1.0000000e+000  2.0000000e+000  1.0000000e+000  1.1163743e-002  2.0000000e+001
  7.3693055e+000  1.0000000e+000  2.0000000e+000  1.0000000e+000  3.0085702e-001  2.1000000e+001
  2.0890511e+000  1.0000000e+000  2.0000000e+000  1.0000000e+000  8.5084171e-002  2.2000000e+001
  2.0743960e+000  1.0000000e+000  2.0000000e+000  1.0000000e+000  2.1241979e-001  2.3000000e+001
 -5.4686399e+000  1.0000000e+000  2.0000000e+000  1.0000000e+000  1.1721436e-002  2.4000000e+001
 -2.8324531e+000  1.0000000e+000  2.0000000e+000  1.0000000e+000  2.8698430e-001  2.5000000e+001
 -6.4036836e+000  1.0000000e+000  2.0000000e+000  1.0000000e+000  1.5480157e-001  2.6000000e+001
 -2.9559672e+000  1.0000000e+000  2.0000000e+000  1.0000000e+000  2.0256830e-001  2.7000000e+001
  6.0246244e+001  1.0000000e+000  2.0000000e+000  1.0000000e+000  2.3080126e-001  2.8000000e+001
  1.2685717e+000  1.0000000e+000  2.0000000e+000  1.0000000e+000 -1.5317338e-002  2.9000000e+001
  9.6040623e+000  1.0000000e+000  2.0000000e+000  1.0000000e+000 -5.6056738e-002  3.0000000e+001
 -2.8573553e+000  1.0000000e+000  2.0000000e+000  1.0000000e+000  6.3794143e-002  3.2000000e+001
 -3.1812503e-001  1.0000000e+000  2.0000000e+000  1.0000000e+000  2.1148855e-001  3.3000000e+001
  8.8287629e-001  1.0000000e+000  2.0000000e+000  1.0000000e+000  2.2743314e-001  3.4000000e+001
 -1.5063699e+000  1.0000000e+000  2.0000000e+000  1.0000000e+000  1.6217110e-001  3.5000000e+001
 -1.3030462e+001  1.0000000e+000  2.0000000e+000  1.0000000e+000  8.5287753e-002  3.6000000e+001
  1.8610647e+000  1.0000000e+000  2.0000000e+000  1.0000000e+000 -4.5326835e-003  3.7000000e+001
 -7.6277533e+000  1.0000000e+000  2.0000000e+000  1.0000000e+000  9.1389798e-003  3.8000000e+001
  4.4251669e+000  1.0000000e+000  2.0000000e+000  1.0000000e+000  2.7005440e-001  3.9000000e+001
  3.6695506e+000  1.0000000e+000  2.0000000e+000  1.0000000e+000 -2.1393060e-001  4.1000000e+001
 -3.8361829e+000  1.0000000e+000  2.0000000e+000  1.0000000e+000  4.9405111e-003  4.2000000e+001
 -2.2349038e+000  1.0000000e+000  2.0000000e+000  1.0000000e+000  2.1871405e-002  4.4000000e+001
  1.4960475e+000  1.0000000e+000  2.0000000e+000  1.0000000e+000  3.2671409e-002  4.5000000e+001
  1.1251386e-001  1.0000000e+000  2.0000000e+000  1.0000000e+000  3.3551988e-001  4.6000000e+001
 -3.2946524e+000  1.0000000e+000  2.0000000e+000  1.0000000e+000  6.5268509e-002  4.8000000e+001
 -3.7512749e-001  1.0000000e+000  2.0000000e+000  1.0000000e+000  7.8629512e-002  5.0000000e+001
  2.8344284e+000  1.0000000e+000  2.0000000e+000  2.0000000e+000  6.1051649e-002  2.0000000e+000
  7.1855833e-001  1.0000000e+000  2.0000000e+000  2.0000000e+000  1.1839959e-001  3.0000000e+000
 -9.2312921e+000  1.0000000e+000  2.0000000e+000  2.0000000e+000  3.1509051e-001  5.0000000e+000
 -2.4612535e+000  1.0000000e+000  2.0000000e+000  2.0000000e+000  5.8092185e-002  6.0000000e+000
  4.8845812e+000  1.0000000e+000  2.0000000e+000  2.0000000e+000  6.3916497e-002  7.0000000e+000
  9.3894166e+000  1.0000000e+000  2.0000000e+000  2.0000000e+000  3.3637374e-004  8.0000000e+000
  1.7006853e+001  1.0000000e+000  2.0000000e+000  2.0000000e+000  6.1821112e-002  1.0000000e+001
 -2.9116044e+000  1.0000000e+000  2.0000000e+000  2.0000000e+000  2.5531471e-001  1.1000000e+001
 -4.5839065e+000  1.0000000e+000  2.0000000e+000  2.0000000e+000  2.3997174e-001  1.2000000e+001
 -1.0338632e+001  1.0000000e+000  2.0000000e+000  2.0000000e+000  1.3417460e-001  1.3000000e+001
 -2.5487834e+000  1.0000000e+000  2.0000000e+000  2.0000000e+000  1.3842489e-001  1.4000000e+001
 -8.2244377e-001  1.0000000e+000  2.0000000e+000  2.0000000e+000  1.2633505e-001  1.6000000e+001
  1.2894424e+000  1.0000000e+000  2.0000000e+000  2.0000000e+000  2.0956823e-001  1.8000000e+001
 -4.7690302e+000  1.0000000e+000  2.0000000e+000  2.0000000e+000  1.9095037e-001  1.9000000e+001
 -4.7351680e+001  1.0000000e+000  2.0000000e+000  2.0000000e+000  1.1163743e-002  2.0000000e+001
  2.9265482e+000  1.0000000e+000  2.0000000e+000  2.0000000e+000  3.0085702e-001  2.1000000e+001
 -8.1189063e-001  1.0000000e+000  2.0000000e+000  2.0000000e+000  8.5084171e-002  2.2000000e+001
  2.6997546e-001  1.0000000e+000  2.0000000e+000  2.0000000e+000  2.1241979e-001  2.3000000e+001
  1.4328440e+000  1.0000000e+000  2.0000000e+000  2.0000000e+000  1.1721436e-002  2.4000000e+001
  1.0180867e+001  1.0000000e+000  2.0000000e+000  2.0000000e+000  1.5480157e-001  2.6000000e+001
 -1.6356579e+000  1.0000000e+000  2.0000000e+000  2.0000000e+000  2.0256830e-001  2.7000000e+001
 -8.5208892e+000  1.0000000e+000  2.0000000e+000  2.0000000e+000  2.3080126e-001  2.8000000e+001
  1.4143396e+001  1.0000000e+000  2.0000000e+000  2.0000000e+000 -1.5317338e-002  2.9000000e+001
 -8.7265328e+000  1.0000000e+000  2.0000000e+000  2.0000000e+000 -5.6056738e-002  3.0000000e+001
  8.9912026e+000  1.0000000e+000  2.0000000e+000  2.0000000e+000  6.3794143e-002  3.2000000e+001
 -6.7331050e+000  1.0000000e+000  2.0000000e+000  2.0000000e+000  2.1148855e-001  3.3000000e+001
 -3.8315660e+000  1.0000000e+000  2.0000000e+000  2.0000000e+000  2.2743314e-001  3.4000000e+001
  2.3231240e+000  1.0000000e+000  2.0000000e+000  2.0000000e+000  1.6217110e-001  3.5000000e+001
 -2.2792678e+000  1.0000000e+000  2.0000000e+000  2.0000000e+000 -4.5326835e-003  3.7000000e+001
 -4.1529127e+000  1.0000000e+000  2.0000000e+000  2.0000000e+000  9.1389798e-003  3.8000000e+001
  2.1297951e+000  1.0000000e+000  2.0000000e+000  2.0000000e+000  2.7005440e-001  3.9000000e+001
  5.7374968e+000  1.0000000e+000  2.0000000e+000  2.0000000e+000 -2.1393060e-001  4.1000000e+001
  1.7631128e+000  1.0000000e+000  2.0000000e+000  2.0000000e+000  4.9405111e-003  4.2000000e+001
  2.5572791e+000  1.0000000e+000  2.0000000e+000  2.0000000e+000  2.1871405e-002  4.4000000e+001
 -6.9485598e+000  1.0000000e+000  2.0000000e+000  2.0000000e+000  3.2671409e-002  4.5000000e+001
 -5.9547115e+000  1.0000000e+000  2.0000000e+000  2.0000000e+000  3.3551988e-001  4.6000000e+001
  9.6176075e+000  1.0000000e+000  2.0000000e+000  2.0000000e+000  6.5268509e-002  4.8000000e+001
  4.4438184e+000  1.0000000e+000  2.0000000e+000  2.0000000e+000 -2.4550482e-002  4.9000000e+001
 -2.1001215e+001  1.0000000e+000  2.0000000e+000  2.0000000e+000  7.8629512e-002  5.0000000e+001
  3.2126552e+000  3.0000000e+000  2.0000000e+000  1.0000000e+000 -2.2395476e-002  2.0000000e+000
  3.8649970e+000  3.0000000e+000  2.0000000e+000  1.0000000e+000  7.3785601e-002  3.0000000e+000
 -2.4551116e-001  3.0000000e+000  2.0000000e+000  1.0000000e+000  1.5952029e-001  5.0000000e+000
  4.0780827e+000  3.0000000e+000  2.0000000e+000  1.0000000e+000 -9.9621161e-002  6.0000000e+000
  5.7100974e+000  3.0000000e+000  2.0000000e+000  1.0000000e+000  9.7829970e-002  7.0000000e+000
  1.2378458e+001  3.0000000e+000  2.0000000e+000  1.0000000e+000 -7.6981189e-002  8.0000000e+000
  2.0410275e+000  3.0000000e+000  2.0000000e+000  1.0000000e+000 -8.0070551e-002  1.0000000e+001
  1.4486654e+000  3.0000000e+000  2.0000000e+000  1.0000000e+000  4.6583511e-002  1.1000000e+001
  2.2816322e+000  3.0000000e+000  2.0000000e+000  1.0000000e+000  3.3702252e-001  1.2000000e+001
 -7.0084523e+000  3.0000000e+000  2.0000000e+000  1.0000000e+000 -4.1246571e-002  1.3000000e+001
 -5.5289602e+000  3.0000000e+000  2.0000000e+000  1.0000000e+000  2.1417062e-001  1.4000000e+001
  1.3560977e+001  3.0000000e+000  2.0000000e+000  1.0000000e+000  1.2799729e-001  1.6000000e+001
  2.1332405e+000  3.0000000e+000  2.0000000e+000  1.0000000e+000  1.3591433e-001  1.8000000e+001
 -7.7484061e-001  3.0000000e+000  2.0000000e+000  1.0000000e+000  1.2077572e-001  1.9000000e+001
  7.4930217e+000  3.0000000e+000  2.0000000e+000  1.0000000e+000 -9.3455879e-003  2.0000000e+001
  2.8548290e+000  3.0000000e+000  2.0000000e+000  1.0000000e+000  1.2663882e-001  2.1000000e+001
 -1.4836089e-001  3.0000000e+000  2.0000000e+000  1.0000000e+000  2.5467370e-001  2.2000000e+001
  2.9492411e+000  3.0000000e+000  2.0000000e+000  1.0000000e+000  1.0700334e-001  2.3000000e+001
  8.4362250e-002  3.0000000e+000  2.0000000e+000  1.0000000e+000 -1.0128599e-001  2.4000000e+001
  7.1295759e-001  3.0000000e+000  2.0000000e+000  1.0000000e+000  1.1746292e-001  2.5000000e+001
 -5.7985525e+000  3.0000000e+000  2.0000000e+000  1.0000000e+000  1.7751999e-001  2.6000000e+001
 -6.2499899e+000  3.0000000e+000  2.0000000e+000  1.0000000e+000  1.4811271e-001  2.7000000e+001
  2.8668040e+001  3.0000000e+000  2.0000000e+000  1.0000000e+000  9.8502163e-002  2.8000000e+001
  2.2085424e+000  3.0000000e+000  2.0000000e+000  1.0000000e+000  2.5728487e-001  2.9000000e+001
  1.0230427e+001  3.0000000e+000  2.0000000e+000  1.0000000e+000  1.8591925e-001  3.0000000e+001
 -3.9253209e+000  3.0000000e+000  2.0000000e+000  1.0000000e+000  1.0419093e-001  3.2000000e+001
  1.8376193e+000  3.0000000e+000  2.0000000e+000  1.0000000e+000  1.4301689e-001  3.3000000e+001
  3.1692495e-001  3.0000000e+000  2.0000000e+000  1.0000000e+000  3.0113477e-001  3.4000000e+001
  1.6251001e+000  3.0000000e+000  2.0000000e+000  1.0000000e+000  3.1080000e-001  3.5000000e+001
  8.9851866e-001  3.0000000e+000  2.0000000e+000  1.0000000e+000  1.4168478e-001  3.6000000e+001
  1.0497369e+000  3.0000000e+000  2.0000000e+000  1.0000000e+000  1.9801446e-001  3.7000000e+001
  1.8534806e-001  3.0000000e+000  2.0000000e+000  1.0000000e+000  1.2283855e-001  3.8000000e+001
  2.1657052e+000  3.0000000e+000  2.0000000e+000  1.0000000e+000  1.6742616e-001  3.9000000e+001
  3.2073940e+000  3.0000000e+000  2.0000000e+000  1.0000000e+000  1.7716536e-001  4.1000000e+001
  3.1250177e-001  3.0000000e+000  2.0000000e+000  1.0000000e+000  9.6888598e-002  4.2000000e+001
 -4.4597730e-002  3.0000000e+000  2.0000000e+000  1.0000000e+000 -1.5616085e-002  4.4000000e+001
 -1.3503449e-001  3.0000000e+000  2.0000000e+000  1.0000000e+000  2.6145292e-001  4.5000000e+001
  1.4631308e+000  3.0000000e+000  2.0000000e+000  1.0000000e+000  3.8821470e-001  4.6000000e+001
  1.9635670e+000  3.0000000e+000  2.0000000e+000  1.0000000e+000  6.7455068e-002  4.8000000e+001
 -3.6527616e+000  3.0000000e+000  2.0000000e+000  1.0000000e+000  1.5721959e-001  4.9000000e+001
  4.0285412e-001  3.0000000e+000  2.0000000e+000  1.0000000e+000  4.0898801e-002  5.0000000e+001
 -2.5866169e+000  3.0000000e+000  2.0000000e+000  2.0000000e+000 -2.2395476e-002  2.0000000e+000
  4.8054945e+000  3.0000000e+000  2.0000000e+000  2.0000000e+000  7.3785601e-002  3.0000000e+000
 -8.9442771e+000  3.0000000e+000  2.0000000e+000  2.0000000e+000  1.5952029e-001  5.0000000e+000
  3.3427538e+000  3.0000000e+000  2.0000000e+000  2.0000000e+000 -9.9621161e-002  6.0000000e+000
  1.7532292e+001  3.0000000e+000  2.0000000e+000  2.0000000e+000  9.7829970e-002  7.0000000e+000
  4.5281969e+000  3.0000000e+000  2.0000000e+000  2.0000000e+000 -7.6981189e-002  8.0000000e+000
  2.9919220e+000  3.0000000e+000  2.0000000e+000  2.0000000e+000 -8.0070551e-002  1.0000000e+001
 -2.9116044e+000  3.0000000e+000  2.0000000e+000  2.0000000e+000  4.6583511e-002  1.1000000e+001
  5.3793568e+000  3.0000000e+000  2.0000000e+000  2.0000000e+000  3.3702252e-001  1.2000000e+001
  3.9216785e+000  3.0000000e+000  2.0000000e+000  2.0000000e+000 -4.1246571e-002  1.3000000e+001
  1.9018083e+000  3.0000000e+000  2.0000000e+000  2.0000000e+000  2.1417062e-001  1.4000000e+001
 -2.0194586e+001  3.0000000e+000  2.0000000e+000  2.0000000e+000  1.2799729e-001  1.6000000e+001
 -5.6140215e+000  3.0000000e+000  2.0000000e+000  2.0000000e+000  1.3591433e-001  1.8000000e+001
 -9.0870168e+000  3.0000000e+000  2.0000000e+000  2.0000000e+000  1.2077572e-001  1.9000000e+001
 -4.2782043e+001  3.0000000e+000  2.0000000e+000  2.0000000e+000 -9.3455879e-003  2.0000000e+001
 -1.3040372e+000  3.0000000e+000  2.0000000e+000  2.0000000e+000  1.2663882e-001  2.1000000e+001
 -1.3166168e+000  3.0000000e+000  2.0000000e+000  2.0000000e+000  2.5467370e-001  2.2000000e+001
  2.0431593e-001  3.0000000e+000  2.0000000e+000  2.0000000e+000  1.0700334e-001  2.3000000e+001
 -5.1614288e+000  3.0000000e+000  2.0000000e+000  2.0000000e+000 -1.0128599e-001  2.4000000e+001
  2.3797413e+000  3.0000000e+000  2.0000000e+000  2.0000000e+000  1.1746292e-001  2.5000000e+001
  6.3812311e+000  3.0000000e+000  2.0000000e+000  2.0000000e+000  1.7751999e-001  2.6000000e+001
  3.9653086e-001  3.0000000e+000  2.0000000e+000  2.0000000e+000  1.4811271e-001  2.7000000e+001
  1.5688787e+001  3.0000000e+000  2.0000000e+000  2.0000000e+000  9.8502163e-002  2.8000000e+001
 -1.3446934e+000  3.0000000e+000  2.0000000e+000  2.0000000e+000  2.5728487e-001  2.9000000e+001
 -7.4598146e+000  3.0000000e+000  2.0000000e+000  2.0000000e+000  1.8591925e-001  3.0000000e+001
 -2.8519442e-001  3.0000000e+000  2.0000000e+000  2.0000000e+000  1.0419093e-001  3.2000000e+001
  4.7909105e+000  3.0000000e+000  2.0000000e+000  2.0000000e+000  1.4301689e-001  3.3000000e+001
 -3.0778036e-001  3.0000000e+000  2.0000000e+000  2.0000000e+000  3.0113477e-001  3.4000000e+001
  1.1183601e+000  3.0000000e+000  2.0000000e+000  2.0000000e+000  3.1080000e-001  3.5000000e+001
  1.6517710e+001  3.0000000e+000  2.0000000e+000  2.0000000e+000  1.4168478e-001  3.6000000e+001
  2.8191768e-001  3.0000000e+000  2.0000000e+000  2.0000000e+000  1.9801446e-001  3.7000000e+001
  4.4380843e+000  3.0000000e+000  2.0000000e+000  2.0000000e+000  1.2283855e-001  3.8000000e+001
 -1.3772316e+000  3.0000000e+000  2.0000000e+000  2.0000000e+000  1.6742616e-001  3.9000000e+001
  1.4677082e+000  3.0000000e+000  2.0000000e+000  2.0000000e+000  1.7716536e-001  4.1000000e+001
  6.2187403e-002  3.0000000e+000  2.0000000e+000  2.0000000e+000  9.6888598e-002  4.2000000e+001
 -1.2448075e-003  3.0000000e+000  2.0000000e+000  2.0000000e+000 -1.5616085e-002  4.4000000e+001
 -3.8339398e+000  3.0000000e+000  2.0000000e+000  2.0000000e+000  2.6145292e-001  4.5000000e+001
  1.0028334e+001  3.0000000e+000  2.0000000e+000  2.0000000e+000  3.8821470e-001  4.6000000e+001
  2.4157732e+000  3.0000000e+000  2.0000000e+000  2.0000000e+000  6.7455068e-002  4.8000000e+001
  2.6221379e+001  3.0000000e+000  2.0000000e+000  2.0000000e+000  1.5721959e-001  4.9000000e+001
  9.3129055e+000  1.0000000e+000  4.0000000e+000  1.0000000e+000  6.1051649e-002  2.0000000e+000
  1.2687197e+001  1.0000000e+000  4.0000000e+000  1.0000000e+000  1.1839959e-001  3.0000000e+000
 -5.7470921e+000  1.0000000e+000  4.0000000e+000  1.0000000e+000  3.1509051e-001  5.0000000e+000
  3.9983325e+000  1.0000000e+000  4.0000000e+000  1.0000000e+000  5.8092185e-002  6.0000000e+000
 -6.0293372e+000  1.0000000e+000  4.0000000e+000  1.0000000e+000  6.3916497e-002  7.0000000e+000
 -1.5155505e+001  1.0000000e+000  4.0000000e+000  1.0000000e+000  3.3637374e-004  8.0000000e+000
  5.2948281e+000  1.0000000e+000  4.0000000e+000  1.0000000e+000  6.1821112e-002  1.0000000e+001
 -5.1440014e-001  1.0000000e+000  4.0000000e+000  1.0000000e+000  2.5531471e-001  1.1000000e+001
 -1.2844984e-001  1.0000000e+000  4.0000000e+000  1.0000000e+000  2.3997174e-001  1.2000000e+001
  5.8250555e-001  1.0000000e+000  4.0000000e+000  1.0000000e+000  1.3417460e-001  1.3000000e+001
 -4.7882429e+000  1.0000000e+000  4.0000000e+000  1.0000000e+000  1.3842489e-001  1.4000000e+001
 -6.4328600e+000  1.0000000e+000  4.0000000e+000  1.0000000e+000  1.2633505e-001  1.6000000e+001
 -4.4057134e+000  1.0000000e+000  4.0000000e+000  1.0000000e+000  2.0956823e-001  1.8000000e+001
 -6.7158347e+000  1.0000000e+000  4.0000000e+000  1.0000000e+000  1.9095037e-001  1.9000000e+001
 -5.1630203e+000  1.0000000e+000  4.0000000e+000  1.0000000e+000  1.1163743e-002  2.0000000e+001
  4.5744753e+000  1.0000000e+000  4.0000000e+000  1.0000000e+000  3.0085702e-001  2.1000000e+001
 -4.1711846e-001  1.0000000e+000  4.0000000e+000  1.0000000e+000  8.5084171e-002  2.2000000e+001
 -2.0876005e+000  1.0000000e+000  4.0000000e+000  1.0000000e+000  2.1241979e-001  2.3000000e+001
 -1.2418086e+000  1.0000000e+000  4.0000000e+000  1.0000000e+000  1.1721436e-002  2.4000000e+001
  6.0876538e+000  1.0000000e+000  4.0000000e+000  1.0000000e+000  2.8698430e-001  2.5000000e+001
  2.2913094e+000  1.0000000e+000  4.0000000e+000  1.0000000e+000  1.5480157e-001  2.6000000e+001
  6.3844111e+000  1.0000000e+000  4.0000000e+000  1.0000000e+000  2.0256830e-001  2.7000000e+001
  1.9598789e+001  1.0000000e+000  4.0000000e+000  1.0000000e+000  2.3080126e-001  2.8000000e+001
  4.9493705e+000  1.0000000e+000  4.0000000e+000  1.0000000e+000 -1.5317338e-002  2.9000000e+001
  1.1125602e+001  1.0000000e+000  4.0000000e+000  1.0000000e+000 -5.6056738e-002  3.0000000e+001
  2.7000487e+000  1.0000000e+000  4.0000000e+000  1.0000000e+000  6.3794143e-002  3.2000000e+001
 -3.8965139e+000  1.0000000e+000  4.0000000e+000  1.0000000e+000  2.1148855e-001  3.3000000e+001
 -3.0013117e+000  1.0000000e+000  4.0000000e+000  1.0000000e+000  2.2743314e-001  3.4000000e+001
  4.4168601e+000  1.0000000e+000  4.0000000e+000  1.0000000e+000  1.6217110e-001  3.5000000e+001
  4.0197934e+000  1.0000000e+000  4.0000000e+000  1.0000000e+000  8.5287753e-002  3.6000000e+001
  8.8481552e-001  1.0000000e+000  4.0000000e+000  1.0000000e+000 -4.5326835e-003  3.7000000e+001
 -2.9004556e+000  1.0000000e+000  4.0000000e+000  1.0000000e+000  9.1389798e-003  3.8000000e+001
  1.1213239e+000  1.0000000e+000  4.0000000e+000  1.0000000e+000  2.7005440e-001  3.9000000e+001
  5.4004250e+000  1.0000000e+000  4.0000000e+000  1.0000000e+000 -2.1393060e-001  4.1000000e+001
 -3.4216412e+000  1.0000000e+000  4.0000000e+000  1.0000000e+000  4.9405111e-003  4.2000000e+001
 -1.1648766e+000  1.0000000e+000  4.0000000e+000  1.0000000e+000  2.1871405e-002  4.4000000e+001
  2.6223018e+000  1.0000000e+000  4.0000000e+000  1.0000000e+000  3.2671409e-002  4.5000000e+001
  2.9040995e+000  1.0000000e+000  4.0000000e+000  1.0000000e+000  3.3551988e-001  4.6000000e+001
  1.2107365e+000  1.0000000e+000  4.0000000e+000  1.0000000e+000 -2.4550482e-002  4.9000000e+001
  7.1951195e+000  1.0000000e+000  4.0000000e+000  1.0000000e+000  7.8629512e-002  5.0000000e+001
  1.8455982e+001  1.0000000e+000  4.0000000e+000  2.0000000e+000  6.1051649e-002  2.0000000e+000
 -5.2559306e+000  1.0000000e+000  4.0000000e+000  2.0000000e+000  5.8092185e-002  6.0000000e+000
 -1.0956663e+000  1.0000000e+000  4.0000000e+000  2.0000000e+000  6.3916497e-002  7.0000000e+000
  8.2932336e+000  1.0000000e+000  4.0000000e+000  2.0000000e+000  3.3637374e-004  8.0000000e+000
  1.9020629e+001  1.0000000e+000  4.0000000e+000  2.0000000e+000  6.1821112e-002  1.0000000e+001
  1.1333276e+000  1.0000000e+000  4.0000000e+000  2.0000000e+000  2.5531471e-001  1.1000000e+001
  4.2114489e+000  1.0000000e+000  4.0000000e+000  2.0000000e+000  2.3997174e-001  1.2000000e+001
 -3.3881637e+001  1.0000000e+000  4.0000000e+000  2.0000000e+000  1.3417460e-001  1.3000000e+001
  1.0535123e+001  1.0000000e+000  4.0000000e+000  2.0000000e+000  1.3842489e-001  1.4000000e+001
 -2.8292965e+001  1.0000000e+000  4.0000000e+000  2.0000000e+000  1.2633505e-001  1.6000000e+001
  8.1621155e+000  1.0000000e+000  4.0000000e+000  2.0000000e+000  2.0956823e-001  1.8000000e+001
 -4.4487284e+000  1.0000000e+000  4.0000000e+000  2.0000000e+000  1.9095037e-001  1.9000000e+001
  1.0123747e+001  1.0000000e+000  4.0000000e+000  2.0000000e+000  1.1163743e-002  2.0000000e+001
 -1.1752826e+000  1.0000000e+000  4.0000000e+000  2.0000000e+000  8.5084171e-002  2.2000000e+001
 -2.9050331e+000  1.0000000e+000  4.0000000e+000  2.0000000e+000  2.1241979e-001  2.3000000e+001
 -1.7602471e+000  1.0000000e+000  4.0000000e+000  2.0000000e+000  1.1721436e-002  2.4000000e+001
  1.2803051e+001  1.0000000e+000  4.0000000e+000  2.0000000e+000  1.5480157e-001  2.6000000e+001
  6.1893310e-001  1.0000000e+000  4.0000000e+000  2.0000000e+000  2.0256830e-001  2.7000000e+001
  9.0778015e+000  1.0000000e+000  4.0000000e+000  2.0000000e+000  2.3080126e-001  2.8000000e+001
  8.1278823e+000  1.0000000e+000  4.0000000e+000  2.0000000e+000 -1.5317338e-002  2.9000000e+001
  3.8121628e+000  1.0000000e+000  4.0000000e+000  2.0000000e+000 -5.6056738e-002  3.0000000e+001
 -2.2650019e+000  1.0000000e+000  4.0000000e+000  2.0000000e+000  6.3794143e-002  3.2000000e+001
  1.9796135e+001  1.0000000e+000  4.0000000e+000  2.0000000e+000  2.1148855e-001  3.3000000e+001
 -2.5813336e+000  1.0000000e+000  4.0000000e+000  2.0000000e+000  2.2743314e-001  3.4000000e+001
 -1.2674815e+001  1.0000000e+000  4.0000000e+000  2.0000000e+000  1.6217110e-001  3.5000000e+001
 -7.2257886e-001  1.0000000e+000  4.0000000e+000  2.0000000e+000  8.5287753e-002  3.6000000e+001
 -1.7248067e+000  1.0000000e+000  4.0000000e+000  2.0000000e+000 -4.5326835e-003  3.7000000e+001
  6.6293609e+000  1.0000000e+000  4.0000000e+000  2.0000000e+000  9.1389798e-003  3.8000000e+001
 -5.2823587e+000  1.0000000e+000  4.0000000e+000  2.0000000e+000  2.7005440e-001  3.9000000e+001
 -1.2189789e+001  1.0000000e+000  4.0000000e+000  2.0000000e+000 -2.1393060e-001  4.1000000e+001
 -1.0086417e+000  1.0000000e+000  4.0000000e+000  2.0000000e+000  4.9405111e-003  4.2000000e+001
 -8.3395949e+000  1.0000000e+000  4.0000000e+000  2.0000000e+000  2.1871405e-002  4.4000000e+001
  1.2365196e+001  1.0000000e+000  4.0000000e+000  2.0000000e+000  3.2671409e-002  4.5000000e+001
 -8.7708871e+000  1.0000000e+000  4.0000000e+000  2.0000000e+000  3.3551988e-001  4.6000000e+001
 -8.0501407e+000  1.0000000e+000  4.0000000e+000  2.0000000e+000  6.5268509e-002  4.8000000e+001
  9.7717384e+000  1.0000000e+000  4.0000000e+000  2.0000000e+000 -2.4550482e-002  4.9000000e+001
 -3.6328081e-001  3.0000000e+000  4.0000000e+000  1.0000000e+000 -2.2395476e-002  2.0000000e+000
  7.2884668e+000  3.0000000e+000  4.0000000e+000  1.0000000e+000  7.3785601e-002  3.0000000e+000
 -7.0078072e-001  3.0000000e+000  4.0000000e+000  1.0000000e+000  1.5952029e-001  5.0000000e+000
  4.0364788e+000  3.0000000e+000  4.0000000e+000  1.0000000e+000 -9.9621161e-002  6.0000000e+000
 -1.5757318e+000  3.0000000e+000  4.0000000e+000  1.0000000e+000  9.7829970e-002  7.0000000e+000
 -3.6565062e+000  3.0000000e+000  4.0000000e+000  1.0000000e+000 -7.6981189e-002  8.0000000e+000
  1.0832071e+000  3.0000000e+000  4.0000000e+000  1.0000000e+000 -8.0070551e-002  1.0000000e+001
  1.4106734e+000  3.0000000e+000  4.0000000e+000  1.0000000e+000  4.6583511e-002  1.1000000e+001
  1.0319856e+000  3.0000000e+000  4.0000000e+000  1.0000000e+000  3.3702252e-001  1.2000000e+001
  1.4973611e+000  3.0000000e+000  4.0000000e+000  1.0000000e+000 -4.1246571e-002  1.3000000e+001
 -1.0376856e+001  3.0000000e+000  4.0000000e+000  1.0000000e+000  2.1417062e-001  1.4000000e+001
 -3.4301087e+000  3.0000000e+000  4.0000000e+000  1.0000000e+000  1.2799729e-001  1.6000000e+001
  4.2875174e-001  3.0000000e+000  4.0000000e+000  1.0000000e+000  1.3591433e-001  1.8000000e+001
 -5.9841286e-001  3.0000000e+000  4.0000000e+000  1.0000000e+000  1.2077572e-001  1.9000000e+001
 -4.5561758e+000  3.0000000e+000  4.0000000e+000  1.0000000e+000 -9.3455879e-003  2.0000000e+001
  1.1710332e+000  3.0000000e+000  4.0000000e+000  1.0000000e+000  1.2663882e-001  2.1000000e+001
 -8.8578941e-001  3.0000000e+000  4.0000000e+000  1.0000000e+000  2.5467370e-001  2.2000000e+001
  1.7025618e+000  3.0000000e+000  4.0000000e+000  1.0000000e+000  1.0700334e-001  2.3000000e+001
 -6.2351351e+000  3.0000000e+000  4.0000000e+000  1.0000000e+000 -1.0128599e-001  2.4000000e+001
  4.6594451e+000  3.0000000e+000  4.0000000e+000  1.0000000e+000  1.1746292e-001  2.5000000e+001
  1.3830931e+000  3.0000000e+000  4.0000000e+000  1.0000000e+000  1.7751999e-001  2.6000000e+001
 -3.2324072e-001  3.0000000e+000  4.0000000e+000  1.0000000e+000  1.4811271e-001  2.7000000e+001
  1.1955088e+001  3.0000000e+000  4.0000000e+000  1.0000000e+000  9.8502163e-002  2.8000000e+001
  3.4021122e+000  3.0000000e+000  4.0000000e+000  1.0000000e+000  2.5728487e-001  2.9000000e+001
 -6.7187280e-001  3.0000000e+000  4.0000000e+000  1.0000000e+000  1.8591925e-001  3.0000000e+001
  3.0555356e+000  3.0000000e+000  4.0000000e+000  1.0000000e+000  1.0419093e-001  3.2000000e+001
  5.8644923e+000  3.0000000e+000  4.0000000e+000  1.0000000e+000  1.4301689e-001  3.3000000e+001
  3.0964671e+000  3.0000000e+000  4.0000000e+000  1.0000000e+000  3.0113477e-001  3.4000000e+001
  2.7397320e+000  3.0000000e+000  4.0000000e+000  1.0000000e+000  3.1080000e-001  3.5000000e+001
 -2.4669949e+000  3.0000000e+000  4.0000000e+000  1.0000000e+000  1.4168478e-001  3.6000000e+001
  1.0061904e+000  3.0000000e+000  4.0000000e+000  1.0000000e+000  1.9801446e-001  3.7000000e+001
  2.8454807e+000  3.0000000e+000  4.0000000e+000  1.0000000e+000  1.2283855e-001  3.8000000e+001
  1.7126984e+000  3.0000000e+000  4.0000000e+000  1.0000000e+000  1.6742616e-001  3.9000000e+001
 -4.9318296e+000  3.0000000e+000  4.0000000e+000  1.0000000e+000  1.7716536e-001  4.1000000e+001
  1.4264244e+000  3.0000000e+000  4.0000000e+000  1.0000000e+000  9.6888598e-002  4.2000000e+001
  4.4679125e+000  3.0000000e+000  4.0000000e+000  1.0000000e+000 -1.5616085e-002  4.4000000e+001
  2.2032764e+000  3.0000000e+000  4.0000000e+000  1.0000000e+000  2.6145292e-001  4.5000000e+001
  4.7498343e-001  3.0000000e+000  4.0000000e+000  1.0000000e+000  3.8821470e-001  4.6000000e+001
 -1.6705661e+000  3.0000000e+000  4.0000000e+000  1.0000000e+000  6.7455068e-002  4.8000000e+001
  2.5819456e+000  3.0000000e+000  4.0000000e+000  1.0000000e+000  1.5721959e-001  4.9000000e+001
  7.7820405e+000  3.0000000e+000  4.0000000e+000  1.0000000e+000  4.0898801e-002  5.0000000e+001
 -2.7095167e+000  3.0000000e+000  4.0000000e+000  2.0000000e+000 -2.2395476e-002  2.0000000e+000
 -2.9949436e+001  3.0000000e+000  4.0000000e+000  2.0000000e+000  7.3785601e-002  3.0000000e+000
  1.2397240e+001  3.0000000e+000  4.0000000e+000  2.0000000e+000  1.5952029e-001  5.0000000e+000
  1.4051678e+001  3.0000000e+000  4.0000000e+000  2.0000000e+000 -9.9621161e-002  6.0000000e+000
  2.5505228e+001  3.0000000e+000  4.0000000e+000  2.0000000e+000  9.7829970e-002  7.0000000e+000
  1.4131558e+001  3.0000000e+000  4.0000000e+000  2.0000000e+000 -7.6981189e-002  8.0000000e+000
 -5.7002946e+000  3.0000000e+000  4.0000000e+000  2.0000000e+000 -8.0070551e-002  1.0000000e+001
  5.9503480e+000  3.0000000e+000  4.0000000e+000  2.0000000e+000  4.6583511e-002  1.1000000e+001
  1.1067141e+001  3.0000000e+000  4.0000000e+000  2.0000000e+000  3.3702252e-001  1.2000000e+001
 -4.2204620e+001  3.0000000e+000  4.0000000e+000  2.0000000e+000 -4.1246571e-002  1.3000000e+001
 -5.1051493e+000  3.0000000e+000  4.0000000e+000  2.0000000e+000  2.1417062e-001  1.4000000e+001
 -2.8136499e+001  3.0000000e+000  4.0000000e+000  2.0000000e+000  1.2799729e-001  1.6000000e+001
  4.1744030e+000  3.0000000e+000  4.0000000e+000  2.0000000e+000  1.3591433e-001  1.8000000e+001
 -4.5280884e+000  3.0000000e+000  4.0000000e+000  2.0000000e+000  1.2077572e-001  1.9000000e+001
  1.4371751e+001  3.0000000e+000  4.0000000e+000  2.0000000e+000 -9.3455879e-003  2.0000000e+001
  6.1123504e+000  3.0000000e+000  4.0000000e+000  2.0000000e+000  1.2663882e-001  2.1000000e+001
  4.0844121e-001  3.0000000e+000  4.0000000e+000  2.0000000e+000  2.5467370e-001  2.2000000e+001
  4.2353688e-001  3.0000000e+000  4.0000000e+000  2.0000000e+000  1.0700334e-001  2.3000000e+001
 -5.0557143e+000  3.0000000e+000  4.0000000e+000  2.0000000e+000 -1.0128599e-001  2.4000000e+001
  2.2969580e+001  3.0000000e+000  4.0000000e+000  2.0000000e+000  1.1746292e-001  2.5000000e+001
 -7.2073087e+000  3.0000000e+000  4.0000000e+000  2.0000000e+000  1.7751999e-001  2.6000000e+001
  2.7786554e+000  3.0000000e+000  4.0000000e+000  2.0000000e+000  1.4811271e-001  2.7000000e+001
 -2.7674167e+001  3.0000000e+000  4.0000000e+000  2.0000000e+000  9.8502163e-002  2.8000000e+001
  1.3255124e+001  3.0000000e+000  4.0000000e+000  2.0000000e+000  2.5728487e-001  2.9000000e+001
 -7.0471240e+000  3.0000000e+000  4.0000000e+000  2.0000000e+000  1.8591925e-001  3.0000000e+001
 -5.6425857e+000  3.0000000e+000  4.0000000e+000  2.0000000e+000  1.0419093e-001  3.2000000e+001
  1.6384995e+001  3.0000000e+000  4.0000000e+000  2.0000000e+000  1.4301689e-001  3.3000000e+001
  5.4218680e+000  3.0000000e+000  4.0000000e+000  2.0000000e+000  3.0113477e-001  3.4000000e+001
 -1.7723867e+001  3.0000000e+000  4.0000000e+000  2.0000000e+000  3.1080000e-001  3.5000000e+001
 -6.9481495e+000  3.0000000e+000  4.0000000e+000  2.0000000e+000  1.4168478e-001  3.6000000e+001
 -2.8021024e-001  3.0000000e+000  4.0000000e+000  2.0000000e+000  1.9801446e-001  3.7000000e+001
 -4.9200832e+000  3.0000000e+000  4.0000000e+000  2.0000000e+000  1.2283855e-001  3.8000000e+001
  2.0128205e-002  3.0000000e+000  4.0000000e+000  2.0000000e+000  1.6742616e-001  3.9000000e+001
  6.6829125e+000  3.0000000e+000  4.0000000e+000  2.0000000e+000  1.7716536e-001  4.1000000e+001
  5.1289684e+000  3.0000000e+000  4.0000000e+000  2.0000000e+000  9.6888598e-002  4.2000000e+001
 -5.5062917e-001  3.0000000e+000  4.0000000e+000  2.0000000e+000 -1.5616085e-002  4.4000000e+001
  5.8332822e+000  3.0000000e+000  4.0000000e+000  2.0000000e+000  2.6145292e-001  4.5000000e+001
  1.9583505e+000  3.0000000e+000  4.0000000e+000  2.0000000e+000  3.8821470e-001  4.6000000e+001
 -4.3516120e+000  3.0000000e+000  4.0000000e+000  2.0000000e+000  6.7455068e-002  4.8000000e+001
  2.1097765e+000  3.0000000e+000  4.0000000e+000  2.0000000e+000  1.5721959e-001  4.9000000e+001
  2.1064896e+001  3.0000000e+000  4.0000000e+000  2.0000000e+000  4.0898801e-002  5.0000000e+001
 -1.3613581e+000  1.0000000e+000  8.0000000e+000  1.0000000e+000  6.1051649e-002  2.0000000e+000
  6.9823545e+000  1.0000000e+000  8.0000000e+000  1.0000000e+000  1.1839959e-001  3.0000000e+000
 -4.4055791e+000  1.0000000e+000  8.0000000e+000  1.0000000e+000  3.1509051e-001  5.0000000e+000
 -1.9215929e+000  1.0000000e+000  8.0000000e+000  1.0000000e+000  5.8092185e-002  6.0000000e+000
  1.4301088e+000  1.0000000e+000  8.0000000e+000  1.0000000e+000  6.3916497e-002  7.0000000e+000
 -5.9690075e+000  1.0000000e+000  8.0000000e+000  1.0000000e+000  3.3637374e-004  8.0000000e+000
 -4.3775179e+000  1.0000000e+000  8.0000000e+000  1.0000000e+000  6.1821112e-002  1.0000000e+001
  5.8272627e-001  1.0000000e+000  8.0000000e+000  1.0000000e+000  2.5531471e-001  1.1000000e+001
  5.2954759e-001  1.0000000e+000  8.0000000e+000  1.0000000e+000  2.3997174e-001  1.2000000e+001
 -3.0859465e+000  1.0000000e+000  8.0000000e+000  1.0000000e+000  1.3417460e-001  1.3000000e+001
  4.5657776e-001  1.0000000e+000  8.0000000e+000  1.0000000e+000  1.3842489e-001  1.4000000e+001
 -2.2916137e+001  1.0000000e+000  8.0000000e+000  1.0000000e+000  1.2633505e-001  1.6000000e+001
 -1.8719051e+000  1.0000000e+000  8.0000000e+000  1.0000000e+000  2.0956823e-001  1.8000000e+001
  8.8579542e-001  1.0000000e+000  8.0000000e+000  1.0000000e+000  1.9095037e-001  1.9000000e+001
 -4.5588584e+000  1.0000000e+000  8.0000000e+000  1.0000000e+000  1.1163743e-002  2.0000000e+001
  1.2264392e+000  1.0000000e+000  8.0000000e+000  1.0000000e+000  3.0085702e-001  2.1000000e+001
  2.8818866e-001  1.0000000e+000  8.0000000e+000  1.0000000e+000  8.5084171e-002  2.2000000e+001
  6.1166728e-001  1.0000000e+000  8.0000000e+000  1.0000000e+000  2.1241979e-001  2.3000000e+001
  2.0083613e-001  1.0000000e+000  8.0000000e+000  1.0000000e+000  1.1721436e-002  2.4000000e+001
 -2.0671280e-001  1.0000000e+000  8.0000000e+000  1.0000000e+000  2.8698430e-001  2.5000000e+001
  7.9172448e+000  1.0000000e+000  8.0000000e+000  1.0000000e+000  1.5480157e-001  2.6000000e+001
  9.2984630e-001  1.0000000e+000  8.0000000e+000  1.0000000e+000  2.0256830e-001  2.7000000e+001
 -9.3473889e+000  1.0000000e+000  8.0000000e+000  1.0000000e+000  2.3080126e-001  2.8000000e+001
  2.2825028e+000  1.0000000e+000  8.0000000e+000  1.0000000e+000 -1.5317338e-002  2.9000000e+001
  8.2572889e+000  1.0000000e+000  8.0000000e+000  1.0000000e+000 -5.6056738e-002  3.0000000e+001
  8.1948062e-001  1.0000000e+000  8.0000000e+000  1.0000000e+000  6.3794143e-002  3.2000000e+001
 -4.4088021e-001  1.0000000e+000  8.0000000e+000  1.0000000e+000  2.1148855e-001  3.3000000e+001
 -3.6560139e+000  1.0000000e+000  8.0000000e+000  1.0000000e+000  2.2743314e-001  3.4000000e+001
  5.9166055e+000  1.0000000e+000  8.0000000e+000  1.0000000e+000  1.6217110e-001  3.5000000e+001
  3.0771014e+000  1.0000000e+000  8.0000000e+000  1.0000000e+000  8.5287753e-002  3.6000000e+001
  4.1839409e-001  1.0000000e+000  8.0000000e+000  1.0000000e+000 -4.5326835e-003  3.7000000e+001
 -3.1635579e+000  1.0000000e+000  8.0000000e+000  1.0000000e+000  9.1389798e-003  3.8000000e+001
  6.5607549e-001  1.0000000e+000  8.0000000e+000  1.0000000e+000  2.7005440e-001  3.9000000e+001
  4.7653377e+000  1.0000000e+000  8.0000000e+000  1.0000000e+000 -2.1393060e-001  4.1000000e+001
  1.1401086e+000  1.0000000e+000  8.0000000e+000  1.0000000e+000  4.9405111e-003  4.2000000e+001
 -2.7897609e+000  1.0000000e+000  8.0000000e+000  1.0000000e+000  2.1871405e-002  4.4000000e+001
  1.4882597e+000  1.0000000e+000  8.0000000e+000  1.0000000e+000  3.2671409e-002  4.5000000e+001
 -4.4290681e+000  1.0000000e+000  8.0000000e+000  1.0000000e+000  3.3551988e-001  4.6000000e+001
  1.7088364e+000  1.0000000e+000  8.0000000e+000  1.0000000e+000  6.5268509e-002  4.8000000e+001
 -7.9559121e+000  1.0000000e+000  8.0000000e+000  1.0000000e+000 -2.4550482e-002  4.9000000e+001
  6.1890749e+000  1.0000000e+000  8.0000000e+000  1.0000000e+000  7.8629512e-002  5.0000000e+001
  4.7834795e+000  1.0000000e+000  8.0000000e+000  2.0000000e+000  6.1051649e-002  2.0000000e+000
  1.9166012e+001  1.0000000e+000  8.0000000e+000  2.0000000e+000  1.1839959e-001  3.0000000e+000
 -3.5028893e+000  1.0000000e+000  8.0000000e+000  2.0000000e+000  5.8092185e-002  6.0000000e+000
  5.3064913e+001  1.0000000e+000  8.0000000e+000  2.0000000e+000  1.3417460e-001  1.3000000e+001
  1.7115529e+001  1.0000000e+000  8.0000000e+000  2.0000000e+000  1.3842489e-001  1.4000000e+001
 -1.8269572e+001  1.0000000e+000  8.0000000e+000  2.0000000e+000  1.2633505e-001  1.6000000e+001
 -1.7593378e+001  1.0000000e+000  8.0000000e+000  2.0000000e+000  2.0956823e-001  1.8000000e+001
 -1.0275425e+001  1.0000000e+000  8.0000000e+000  2.0000000e+000  1.9095037e-001  1.9000000e+001
  3.5129503e+000  1.0000000e+000  8.0000000e+000  2.0000000e+000  1.1163743e-002  2.0000000e+001
 -8.0896623e-002  1.0000000e+000  8.0000000e+000  2.0000000e+000  8.5084171e-002  2.2000000e+001
  3.6450367e+000  1.0000000e+000  8.0000000e+000  2.0000000e+000  1.1721436e-002  2.4000000e+001
  6.7449318e+000  1.0000000e+000  8.0000000e+000  2.0000000e+000  2.0256830e-001  2.7000000e+001
  8.7479566e+000  1.0000000e+000  8.0000000e+000  2.0000000e+000 -1.5317338e-002  2.9000000e+001
  1.6949207e+001  1.0000000e+000  8.0000000e+000  2.0000000e+000 -5.6056738e-002  3.0000000e+001
  3.5947381e-001  1.0000000e+000  8.0000000e+000  2.0000000e+000  6.3794143e-002  3.2000000e+001
  1.0555603e+001  1.0000000e+000  8.0000000e+000  2.0000000e+000  2.1148855e-001  3.3000000e+001
  1.1126777e+000  1.0000000e+000  8.0000000e+000  2.0000000e+000  2.2743314e-001  3.4000000e+001
  1.9189179e+001  1.0000000e+000  8.0000000e+000  2.0000000e+000  8.5287753e-002  3.6000000e+001
 -2.7066490e+000  1.0000000e+000  8.0000000e+000  2.0000000e+000 -4.5326835e-003  3.7000000e+001
  1.5373638e+001  1.0000000e+000  8.0000000e+000  2.0000000e+000  9.1389798e-003  3.8000000e+001
 -3.8073033e+000  1.0000000e+000  8.0000000e+000  2.0000000e+000  4.9405111e-003  4.2000000e+001
  1.5393049e+001  1.0000000e+000  8.0000000e+000  2.0000000e+000 -2.4550482e-002  4.9000000e+001
 -4.9521921e+000  3.0000000e+000  8.0000000e+000  1.0000000e+000 -2.2395476e-002  2.0000000e+000
 -5.0920040e+000  3.0000000e+000  8.0000000e+000  1.0000000e+000  7.3785601e-002  3.0000000e+000
 -2.2638629e+000  3.0000000e+000  8.0000000e+000  1.0000000e+000  1.5952029e-001  5.0000000e+000
  9.1526448e+000  3.0000000e+000  8.0000000e+000  1.0000000e+000 -9.9621161e-002  6.0000000e+000
 -2.1710263e+000  3.0000000e+000  8.0000000e+000  1.0000000e+000  9.7829970e-002  7.0000000e+000
  2.9140578e+000  3.0000000e+000  8.0000000e+000  1.0000000e+000 -7.6981189e-002  8.0000000e+000
  2.8855257e+000  3.0000000e+000  8.0000000e+000  1.0000000e+000 -8.0070551e-002  1.0000000e+001
 -1.1695067e+000  3.0000000e+000  8.0000000e+000  1.0000000e+000  4.6583511e-002  1.1000000e+001
  4.1590036e+000  3.0000000e+000  8.0000000e+000  1.0000000e+000  3.3702252e-001  1.2000000e+001
 -9.1359687e+000  3.0000000e+000  8.0000000e+000  1.0000000e+000 -4.1246571e-002  1.3000000e+001
  2.4706082e+000  3.0000000e+000  8.0000000e+000  1.0000000e+000  2.1417062e-001  1.4000000e+001
  4.9136067e+000  3.0000000e+000  8.0000000e+000  1.0000000e+000  1.2799729e-001  1.6000000e+001
  3.0009617e+000  3.0000000e+000  8.0000000e+000  1.0000000e+000  1.3591433e-001  1.8000000e+001
  3.4607853e-001  3.0000000e+000  8.0000000e+000  1.0000000e+000  1.2077572e-001  1.9000000e+001
 -1.9999305e+000  3.0000000e+000  8.0000000e+000  1.0000000e+000 -9.3455879e-003  2.0000000e+001
  8.4480794e-001  3.0000000e+000  8.0000000e+000  1.0000000e+000  1.2663882e-001  2.1000000e+001
  1.8908082e+000  3.0000000e+000  8.0000000e+000  1.0000000e+000  2.5467370e-001  2.2000000e+001
  9.0248499e-001  3.0000000e+000  8.0000000e+000  1.0000000e+000  1.0700334e-001  2.3000000e+001
 -4.3666086e+000  3.0000000e+000  8.0000000e+000  1.0000000e+000 -1.0128599e-001  2.4000000e+001
  3.5908384e+000  3.0000000e+000  8.0000000e+000  1.0000000e+000  1.1746292e-001  2.5000000e+001
  5.6361822e+000  3.0000000e+000  8.0000000e+000  1.0000000e+000  1.7751999e-001  2.6000000e+001
  8.3968158e-001  3.0000000e+000  8.0000000e+000  1.0000000e+000  1.4811271e-001  2.7000000e+001
 -7.2915800e+000  3.0000000e+000  8.0000000e+000  1.0000000e+000  9.8502163e-002  2.8000000e+001
  4.2718085e+000  3.0000000e+000  8.0000000e+000  1.0000000e+000  2.5728487e-001  2.9000000e+001
  1.2943951e+000  3.0000000e+000  8.0000000e+000  1.0000000e+000  1.8591925e-001  3.0000000e+001
 -1.2804152e+000  3.0000000e+000  8.0000000e+000  1.0000000e+000  1.0419093e-001  3.2000000e+001
  3.6209623e+000  3.0000000e+000  8.0000000e+000  1.0000000e+000  1.4301689e-001  3.3000000e+001
  2.0058429e-001  3.0000000e+000  8.0000000e+000  1.0000000e+000  3.0113477e-001  3.4000000e+001
 -4.0709696e-001  3.0000000e+000  8.0000000e+000  1.0000000e+000  3.1080000e-001  3.5000000e+001
  5.3417320e+000  3.0000000e+000  8.0000000e+000  1.0000000e+000  1.4168478e-001  3.6000000e+001
  2.0773075e-001  3.0000000e+000  8.0000000e+000  1.0000000e+000  1.9801446e-001  3.7000000e+001
 -1.4527695e+000  3.0000000e+000  8.0000000e+000  1.0000000e+000  1.2283855e-001  3.8000000e+001
  2.3691364e+000  3.0000000e+000  8.0000000e+000  1.0000000e+000  1.6742616e-001  3.9000000e+001
 -1.3331097e-001  3.0000000e+000  8.0000000e+000  1.0000000e+000  1.7716536e-001  4.1000000e+001
  6.7418408e-001  3.0000000e+000  8.0000000e+000  1.0000000e+000  9.6888598e-002  4.2000000e+001
  1.4981414e+000  3.0000000e+000  8.0000000e+000  1.0000000e+000 -1.5616085e-002  4.4000000e+001
  2.1749327e+000  3.0000000e+000  8.0000000e+000  1.0000000e+000  2.6145292e-001  4.5000000e+001
  3.5232651e-001  3.0000000e+000  8.0000000e+000  1.0000000e+000  3.8821470e-001  4.6000000e+001
 -8.8407661e-001  3.0000000e+000  8.0000000e+000  1.0000000e+000  6.7455068e-002  4.8000000e+001
 -5.6827070e+000  3.0000000e+000  8.0000000e+000  1.0000000e+000  1.5721959e-001  4.9000000e+001
  8.8250530e+000  3.0000000e+000  8.0000000e+000  1.0000000e+000  4.0898801e-002  5.0000000e+001
  2.7517892e+000  3.0000000e+000  8.0000000e+000  2.0000000e+000 -2.2395476e-002  2.0000000e+000
  7.6027886e+000  3.0000000e+000  8.0000000e+000  2.0000000e+000  1.5952029e-001  5.0000000e+000
  2.8947636e-001  3.0000000e+000  8.0000000e+000  2.0000000e+000 -9.9621161e-002  6.0000000e+000
  3.2317307e+001  3.0000000e+000  8.0000000e+000  2.0000000e+000  9.7829970e-002  7.0000000e+000
 -6.9795868e+000  3.0000000e+000  8.0000000e+000  2.0000000e+000 -7.6981189e-002  8.0000000e+000
  3.0910392e+000  3.0000000e+000  8.0000000e+000  2.0000000e+000  4.6583511e-002  1.1000000e+001
 -5.2456470e+000  3.0000000e+000  8.0000000e+000  2.0000000e+000  3.3702252e-001  1.2000000e+001
  6.0555871e+001  3.0000000e+000  8.0000000e+000  2.0000000e+000 -4.1246571e-002  1.3000000e+001
  3.4456671e+001  3.0000000e+000  8.0000000e+000  2.0000000e+000  2.1417062e-001  1.4000000e+001
  2.5741707e+001  3.0000000e+000  8.0000000e+000  2.0000000e+000  1.2799729e-001  1.6000000e+001
 -1.3846401e+001  3.0000000e+000  8.0000000e+000  2.0000000e+000  1.3591433e-001  1.8000000e+001
 -8.2580746e+000  3.0000000e+000  8.0000000e+000  2.0000000e+000  1.2077572e-001  1.9000000e+001
  4.1881359e+001  3.0000000e+000  8.0000000e+000  2.0000000e+000 -9.3455879e-003  2.0000000e+001
 -1.9168597e+000  3.0000000e+000  8.0000000e+000  2.0000000e+000  1.2663882e-001  2.1000000e+001
 -3.3870738e+000  3.0000000e+000  8.0000000e+000  2.0000000e+000  2.5467370e-001  2.2000000e+001
  5.9902246e+000  3.0000000e+000  8.0000000e+000  2.0000000e+000  1.0700334e-001  2.3000000e+001
 -1.7789513e+001  3.0000000e+000  8.0000000e+000  2.0000000e+000  1.1746292e-001  2.5000000e+001
  1.5693003e+001  3.0000000e+000  8.0000000e+000  2.0000000e+000  1.7751999e-001  2.6000000e+001
  1.2555048e+001  3.0000000e+000  8.0000000e+000  2.0000000e+000  1.4811271e-001  2.7000000e+001
  6.7449518e+001  3.0000000e+000  8.0000000e+000  2.0000000e+000  9.8502163e-002  2.8000000e+001
  2.0963713e+001  3.0000000e+000  8.0000000e+000  2.0000000e+000  2.5728487e-001  2.9000000e+001
  6.3109266e+000  3.0000000e+000  8.0000000e+000  2.0000000e+000  1.8591925e-001  3.0000000e+001
 -2.6641253e+000  3.0000000e+000  8.0000000e+000  2.0000000e+000  1.0419093e-001  3.2000000e+001
  7.3915326e+000  3.0000000e+000  8.0000000e+000  2.0000000e+000  1.4301689e-001  3.3000000e+001
  4.4323992e+000  3.0000000e+000  8.0000000e+000  2.0000000e+000  3.0113477e-001  3.4000000e+001
  8.1834740e+000  3.0000000e+000  8.0000000e+000  2.0000000e+000  3.1080000e-001  3.5000000e+001
  1.8590655e+000  3.0000000e+000  8.0000000e+000  2.0000000e+000  1.4168478e-001  3.6000000e+001
 -7.9183374e-001  3.0000000e+000  8.0000000e+000  2.0000000e+000  1.9801446e-001  3.7000000e+001
  1.2447999e-001  3.0000000e+000  8.0000000e+000  2.0000000e+000  1.2283855e-001  3.8000000e+001
  6.9519003e-001  3.0000000e+000  8.0000000e+000  2.0000000e+000  1.6742616e-001  3.9000000e+001
 -9.6092421e+000  3.0000000e+000  8.0000000e+000  2.0000000e+000 -1.5616085e-002  4.4000000e+001
  6.2761738e+000  3.0000000e+000  8.0000000e+000  2.0000000e+000  2.6145292e-001  4.5000000e+001
  3.7370467e+000  3.0000000e+000  8.0000000e+000  2.0000000e+000  3.8821470e-001  4.6000000e+001
  1.0474258e+001  3.0000000e+000  8.0000000e+000  2.0000000e+000  6.7455068e-002  4.8000000e+001
  2.8984235e+000  3.0000000e+000  8.0000000e+000  2.0000000e+000  1.5721959e-001  4.9000000e+001
  2.4260265e+001  3.0000000e+000  8.0000000e+000  2.0000000e+000  4.0898801e-002  5.0000000e+001
 -2.1691728e+000  1.0000000e+000  1.6000000e+001  1.0000000e+000  6.1051649e-002  2.0000000e+000
  1.9899005e+000  1.0000000e+000  1.6000000e+001  1.0000000e+000  1.1839959e-001  3.0000000e+000
 -1.1405780e+001  1.0000000e+000  1.6000000e+001  1.0000000e+000  3.1509051e-001  5.0000000e+000
  3.3003688e+000  1.0000000e+000  1.6000000e+001  1.0000000e+000  5.8092185e-002  6.0000000e+000
  6.4119216e+000  1.0000000e+000  1.6000000e+001  1.0000000e+000  6.3916497e-002  7.0000000e+000
  7.9973058e+000  1.0000000e+000  1.6000000e+001  1.0000000e+000  3.3637374e-004  8.0000000e+000
  1.0317446e+000  1.0000000e+000  1.6000000e+001  1.0000000e+000  6.1821112e-002  1.0000000e+001
  1.4411207e+000  1.0000000e+000  1.6000000e+001  1.0000000e+000  2.5531471e-001  1.1000000e+001
 -7.2220050e+000  1.0000000e+000  1.6000000e+001  1.0000000e+000  2.3997174e-001  1.2000000e+001
  3.0341993e+000  1.0000000e+000  1.6000000e+001  1.0000000e+000  1.3417460e-001  1.3000000e+001
  1.3729390e+000  1.0000000e+000  1.6000000e+001  1.0000000e+000  1.3842489e-001  1.4000000e+001
 -8.3431384e+000  1.0000000e+000  1.6000000e+001  1.0000000e+000  1.2633505e-001  1.6000000e+001
  1.8549859e+000  1.0000000e+000  1.6000000e+001  1.0000000e+000  2.0956823e-001  1.8000000e+001
 -1.7371921e+000  1.0000000e+000  1.6000000e+001  1.0000000e+000  1.9095037e-001  1.9000000e+001
 -5.3985706e+000  1.0000000e+000  1.6000000e+001  1.0000000e+000  1.1163743e-002  2.0000000e+001
 -1.2672425e+000  1.0000000e+000  1.6000000e+001  1.0000000e+000  3.0085702e-001  2.1000000e+001
 -8.4693655e-001  1.0000000e+000  1.6000000e+001  1.0000000e+000  8.5084171e-002  2.2000000e+001
 -1.7282336e-001  1.0000000e+000  1.6000000e+001  1.0000000e+000  2.1241979e-001  2.3000000e+001
 -1.2058710e+000  1.0000000e+000  1.6000000e+001  1.0000000e+000  1.1721436e-002  2.4000000e+001
 -2.4024262e+000  1.0000000e+000  1.6000000e+001  1.0000000e+000  2.8698430e-001  2.5000000e+001
  4.6706923e+000  1.0000000e+000  1.6000000e+001  1.0000000e+000  1.5480157e-001  2.6000000e+001
  1.0662063e+000  1.0000000e+000  1.6000000e+001  1.0000000e+000  2.0256830e-001  2.7000000e+001
  4.2700287e+000  1.0000000e+000  1.6000000e+001  1.0000000e+000  2.3080126e-001  2.8000000e+001
 -3.8404694e+000  1.0000000e+000  1.6000000e+001  1.0000000e+000 -1.5317338e-002  2.9000000e+001
  9.7107509e-001  1.0000000e+000  1.6000000e+001  1.0000000e+000 -5.6056738e-002  3.0000000e+001
  1.5312784e+000  1.0000000e+000  1.6000000e+001  1.0000000e+000  6.3794143e-002  3.2000000e+001
  6.0881136e+000  1.0000000e+000  1.6000000e+001  1.0000000e+000  2.1148855e-001  3.3000000e+001
 -2.8752491e+000  1.0000000e+000  1.6000000e+001  1.0000000e+000  2.2743314e-001  3.4000000e+001
  1.8833025e-002  1.0000000e+000  1.6000000e+001  1.0000000e+000  1.6217110e-001  3.5000000e+001
  1.7047418e-001  1.0000000e+000  1.6000000e+001  1.0000000e+000  8.5287753e-002  3.6000000e+001
 -3.4718617e-001  1.0000000e+000  1.6000000e+001  1.0000000e+000 -4.5326835e-003  3.7000000e+001
  3.8957842e+000  1.0000000e+000  1.6000000e+001  1.0000000e+000  9.1389798e-003  3.8000000e+001
  2.0709025e+000  1.0000000e+000  1.6000000e+001  1.0000000e+000  2.7005440e-001  3.9000000e+001
 -5.7606071e+000  1.0000000e+000  1.6000000e+001  1.0000000e+000 -2.1393060e-001  4.1000000e+001
 -1.3463329e+000  1.0000000e+000  1.6000000e+001  1.0000000e+000  4.9405111e-003  4.2000000e+001
 -2.3881870e+000  1.0000000e+000  1.6000000e+001  1.0000000e+000  2.1871405e-002  4.4000000e+001
  2.4778947e+000  1.0000000e+000  1.6000000e+001  1.0000000e+000  3.2671409e-002  4.5000000e+001
  1.0607252e-001  1.0000000e+000  1.6000000e+001  1.0000000e+000  3.3551988e-001  4.6000000e+001
 -3.9697018e+000  1.0000000e+000  1.6000000e+001  1.0000000e+000  6.5268509e-002  4.8000000e+001
  4.0623120e+000  1.0000000e+000  1.6000000e+001  1.0000000e+000 -2.4550482e-002  4.9000000e+001
 -7.0454599e+000  1.0000000e+000  1.6000000e+001  1.0000000e+000  7.8629512e-002  5.0000000e+001
  4.5131326e+000  1.0000000e+000  1.6000000e+001  2.0000000e+000  6.1051649e-002  2.0000000e+000
  1.3424040e+001  1.0000000e+000  1.6000000e+001  2.0000000e+000  6.3794143e-002  3.2000000e+001
  2.3523654e+000  1.0000000e+000  1.6000000e+001  2.0000000e+000 -4.5326835e-003  3.7000000e+001
  1.6201421e+001  1.0000000e+000  1.6000000e+001  2.0000000e+000 -2.4550482e-002  4.9000000e+001
  1.1547754e+000  3.0000000e+000  1.6000000e+001  1.0000000e+000 -2.2395476e-002  2.0000000e+000
  7.2693874e+000  3.0000000e+000  1.6000000e+001  1.0000000e+000  7.3785601e-002  3.0000000e+000
 -6.6662618e+000  3.0000000e+000  1.6000000e+001  1.0000000e+000  1.5952029e-001  5.0000000e+000
  2.5920020e+000  3.0000000e+000  1.6000000e+001  1.0000000e+000 -9.9621161e-002  6.0000000e+000
  1.7127132e+000  3.0000000e+000  1.6000000e+001  1.0000000e+000  9.7829970e-002  7.0000000e+000
  5.0842402e+000  3.0000000e+000  1.6000000e+001  1.0000000e+000 -7.6981189e-002  8.0000000e+000
  9.7797749e-001  3.0000000e+000  1.6000000e+001  1.0000000e+000 -8.0070551e-002  1.0000000e+001
  9.5151748e-001  3.0000000e+000  1.6000000e+001  1.0000000e+000  4.6583511e-002  1.1000000e+001
 -8.1648695e-001  3.0000000e+000  1.6000000e+001  1.0000000e+000  3.3702252e-001  1.2000000e+001
  1.1109736e+001  3.0000000e+000  1.6000000e+001  1.0000000e+000 -4.1246571e-002  1.3000000e+001
  1.9951315e+000  3.0000000e+000  1.6000000e+001  1.0000000e+000  2.1417062e-001  1.4000000e+001
  2.2575943e+000  3.0000000e+000  1.6000000e+001  1.0000000e+000  1.2799729e-001  1.6000000e+001
  2.4510370e-001  3.0000000e+000  1.6000000e+001  1.0000000e+000  1.3591433e-001  1.8000000e+001
  5.6646751e+000  3.0000000e+000  1.6000000e+001  1.0000000e+000  1.2077572e-001  1.9000000e+001
 -6.1189105e+000  3.0000000e+000  1.6000000e+001  1.0000000e+000 -9.3455879e-003  2.0000000e+001
  6.5359923e-001  3.0000000e+000  1.6000000e+001  1.0000000e+000  1.2663882e-001  2.1000000e+001
  5.1614726e-001  3.0000000e+000  1.6000000e+001  1.0000000e+000  2.5467370e-001  2.2000000e+001
  2.8899805e-001  3.0000000e+000  1.6000000e+001  1.0000000e+000  1.0700334e-001  2.3000000e+001
 -1.5875309e+000  3.0000000e+000  1.6000000e+001  1.0000000e+000 -1.0128599e-001  2.4000000e+001
  3.3404141e+000  3.0000000e+000  1.6000000e+001  1.0000000e+000  1.1746292e-001  2.5000000e+001
  1.5400419e+000  3.0000000e+000  1.6000000e+001  1.0000000e+000  1.7751999e-001  2.6000000e+001
 -1.4416708e+000  3.0000000e+000  1.6000000e+001  1.0000000e+000  1.4811271e-001  2.7000000e+001
 -1.1628545e+000  3.0000000e+000  1.6000000e+001  1.0000000e+000  9.8502163e-002  2.8000000e+001
  2.8584590e+000  3.0000000e+000  1.6000000e+001  1.0000000e+000  2.5728487e-001  2.9000000e+001
  8.9804921e-002  3.0000000e+000  1.6000000e+001  1.0000000e+000  1.8591925e-001  3.0000000e+001
  2.2877783e-001  3.0000000e+000  1.6000000e+001  1.0000000e+000  1.0419093e-001  3.2000000e+001
  8.6513364e+000  3.0000000e+000  1.6000000e+001  1.0000000e+000  1.4301689e-001  3.3000000e+001
  1.8436752e+000  3.0000000e+000  1.6000000e+001  1.0000000e+000  3.0113477e-001  3.4000000e+001
  2.4159820e+000  3.0000000e+000  1.6000000e+001  1.0000000e+000  3.1080000e-001  3.5000000e+001
  4.2771052e+000  3.0000000e+000  1.6000000e+001  1.0000000e+000  1.4168478e-001  3.6000000e+001
 -4.2691562e-001  3.0000000e+000  1.6000000e+001  1.0000000e+000  1.9801446e-001  3.7000000e+001
  1.4965988e+000  3.0000000e+000  1.6000000e+001  1.0000000e+000  1.2283855e-001  3.8000000e+001
  5.2591382e+000  3.0000000e+000  1.6000000e+001  1.0000000e+000  1.6742616e-001  3.9000000e+001
  1.1215992e+000  3.0000000e+000  1.6000000e+001  1.0000000e+000  1.7716536e-001  4.1000000e+001
  9.4898581e-001  3.0000000e+000  1.6000000e+001  1.0000000e+000  9.6888598e-002  4.2000000e+001
  9.5469441e-001  3.0000000e+000  1.6000000e+001  1.0000000e+000 -1.5616085e-002  4.4000000e+001
  3.5250016e+000  3.0000000e+000  1.6000000e+001  1.0000000e+000  2.6145292e-001  4.5000000e+001
  3.9029217e+000  3.0000000e+000  1.6000000e+001  1.0000000e+000  3.8821470e-001  4.6000000e+001
  2.5526992e-001  3.0000000e+000  1.6000000e+001  1.0000000e+000  6.7455068e-002  4.8000000e+001
  6.4480567e-001  3.0000000e+000  1.6000000e+001  1.0000000e+000  1.5721959e-001  4.9000000e+001
 -1.3263822e+000  3.0000000e+000  1.6000000e+001  1.0000000e+000  4.0898801e-002  5.0000000e+001
 -4.9571787e+000  3.0000000e+000  1.6000000e+001  2.0000000e+000 -2.2395476e-002  2.0000000e+000
  7.8822259e+000  3.0000000e+000  1.6000000e+001  2.0000000e+000  4.6583511e-002  1.1000000e+001
  3.5754626e+001  3.0000000e+000  1.6000000e+001  2.0000000e+000  2.1417062e-001  1.4000000e+001
  8.8547281e+000  3.0000000e+000  1.6000000e+001  2.0000000e+000  1.3591433e-001  1.8000000e+001
  4.2257860e+000  3.0000000e+000  1.6000000e+001  2.0000000e+000  1.2077572e-001  1.9000000e+001
  3.0502800e+001  3.0000000e+000  1.6000000e+001  2.0000000e+000 -9.3455879e-003  2.0000000e+001
  4.1458028e+000  3.0000000e+000  1.6000000e+001  2.0000000e+000  1.2663882e-001  2.1000000e+001
  4.1624035e+000  3.0000000e+000  1.6000000e+001  2.0000000e+000  1.0700334e-001  2.3000000e+001
  7.4916106e+001  3.0000000e+000  1.6000000e+001  2.0000000e+000  9.8502163e-002  2.8000000e+001
  1.4436149e+001  3.0000000e+000  1.6000000e+001  2.0000000e+000  2.5728487e-001  2.9000000e+001
  9.9921074e+000  3.0000000e+000  1.6000000e+001  2.0000000e+000  1.0419093e-001  3.2000000e+001
  1.9991516e+001  3.0000000e+000  1.6000000e+001  2.0000000e+000  1.4301689e-001  3.3000000e+001
  1.3124764e+001  3.0000000e+000  1.6000000e+001  2.0000000e+000  3.1080000e-001  3.5000000e+001
  0.0000000e+000  3.0000000e+000  1.6000000e+001  2.0000000e+000  1.9801446e-001  3.7000000e+001
