  6.3176887e+000 -2.9308994e-003  1.0000000e+000  0.0000000e+000  1.0000000e+000  3.1509051e-001  5.0000000e+000
  2.4335461e+001 -7.1960068e-002  1.0000000e+000  0.0000000e+000  1.0000000e+000  5.8092185e-002  6.0000000e+000
 -4.0503511e+001  1.5123514e-001  1.0000000e+000  0.0000000e+000  1.0000000e+000  6.3916497e-002  7.0000000e+000
  1.6397175e+001 -6.9314599e-003  1.0000000e+000  0.0000000e+000  1.0000000e+000  3.3637374e-004  8.0000000e+000
  2.7674421e+000 -9.6245456e-003  1.0000000e+000  0.0000000e+000  1.0000000e+000  2.5531471e-001  1.1000000e+001
 -6.4243879e+000  6.0064706e-002  1.0000000e+000  0.0000000e+000  1.0000000e+000  2.3997174e-001  1.2000000e+001
 -6.9362057e+000  5.5590996e-002  1.0000000e+000  0.0000000e+000  1.0000000e+000  1.3417460e-001  1.3000000e+001
  5.8990077e-001 -2.3240092e-002  1.0000000e+000  0.0000000e+000  1.0000000e+000  1.3842489e-001  1.4000000e+001
 -9.2971250e+000  7.0633698e-003  1.0000000e+000  0.0000000e+000  1.0000000e+000  1.9095037e-001  1.9000000e+001
 -3.4983095e+000 -1.9051531e-002  1.0000000e+000  0.0000000e+000  1.0000000e+000  1.1163743e-002  2.0000000e+001
 -2.7780691e-002 -1.4774176e-002  1.0000000e+000  0.0000000e+000  1.0000000e+000  3.0085702e-001  2.1000000e+001
 -1.5023314e+000  1.7612696e-002  1.0000000e+000  0.0000000e+000  1.0000000e+000  8.5084171e-002  2.2000000e+001
 -6.2218144e-001 -1.2299543e-002  1.0000000e+000  0.0000000e+000  1.0000000e+000  2.1241979e-001  2.3000000e+001
  2.1672004e-001 -2.8343734e-002  1.0000000e+000  0.0000000e+000  1.0000000e+000  1.1721436e-002  2.4000000e+001
 -2.0346184e+000  9.9899421e-002  1.0000000e+000  0.0000000e+000  1.0000000e+000  2.8698430e-001  2.5000000e+001
 -7.9276193e+000  1.0176512e-001  1.0000000e+000  0.0000000e+000  1.0000000e+000  1.5480157e-001  2.6000000e+001
  1.9178690e+001 -3.9534333e-002  1.0000000e+000  0.0000000e+000  1.0000000e+000  2.0256830e-001  2.7000000e+001
  2.2931254e+001 -1.0326234e-001  1.0000000e+000  0.0000000e+000  1.0000000e+000 -5.6056738e-002  3.0000000e+001
 -3.9848464e+000 -5.2479817e-003  1.0000000e+000  0.0000000e+000  1.0000000e+000  6.3794143e-002  3.2000000e+001
 -1.0902691e+001  3.3545458e-002  1.0000000e+000  0.0000000e+000  1.0000000e+000  2.1148855e-001  3.3000000e+001
  7.9938720e+000 -3.8697767e-002  1.0000000e+000  0.0000000e+000  1.0000000e+000  2.2743314e-001  3.4000000e+001
 -4.6174992e+000  9.7951584e-002  1.0000000e+000  0.0000000e+000  1.0000000e+000  1.6217110e-001  3.5000000e+001
  5.2844982e+000 -1.1116348e-001  1.0000000e+000  0.0000000e+000  1.0000000e+000  8.5287753e-002  3.6000000e+001
  1.2597773e+000 -1.9593558e-002  1.0000000e+000  0.0000000e+000  1.0000000e+000 -4.5326835e-003  3.7000000e+001
  8.8793577e+000 -6.2844053e-002  1.0000000e+000  0.0000000e+000  1.0000000e+000  9.1389798e-003  3.8000000e+001
 -1.7056310e+000  1.9771896e-002  1.0000000e+000  0.0000000e+000  1.0000000e+000  2.7005440e-001  3.9000000e+001
  1.5301663e+000  2.3057224e-002  1.0000000e+000  0.0000000e+000  1.0000000e+000  4.9405111e-003  4.2000000e+001
 -1.3968036e+000 -5.7312722e-003  1.0000000e+000  0.0000000e+000  1.0000000e+000  2.1871405e-002  4.4000000e+001
 -6.0753820e-001  3.6637969e-002  1.0000000e+000  0.0000000e+000  1.0000000e+000  3.2671409e-002  4.5000000e+001
  5.5442377e+000  4.4418727e-003  1.0000000e+000  0.0000000e+000  1.0000000e+000  3.3551988e-001  4.6000000e+001
 -1.2749652e+001  5.0296471e-002  1.0000000e+000  0.0000000e+000  1.0000000e+000  6.5268509e-002  4.8000000e+001
  1.2571597e+001 -3.3598145e-002  1.0000000e+000  0.0000000e+000  2.0000000e+000  6.1051649e-002  2.0000000e+000
 -2.2966316e+000  1.0371827e-001  1.0000000e+000  0.0000000e+000  2.0000000e+000  1.1839959e-001  3.0000000e+000
 -1.0414128e+001  3.6567837e-002  1.0000000e+000  0.0000000e+000  2.0000000e+000  3.1509051e-001  5.0000000e+000
 -1.5824371e+001  3.3918064e-002  1.0000000e+000  0.0000000e+000  2.0000000e+000  5.8092185e-002  6.0000000e+000
  1.7259553e+001 -1.0932418e-001  1.0000000e+000  0.0000000e+000  2.0000000e+000  6.3916497e-002  7.0000000e+000
 -1.1726490e+000 -3.7742124e-002  1.0000000e+000  0.0000000e+000  2.0000000e+000  3.3637374e-004  8.0000000e+000
 -3.3668867e+001  9.4620338e-002  1.0000000e+000  0.0000000e+000  2.0000000e+000  6.1821112e-002  1.0000000e+001
 -1.2973610e+000 -1.7314490e-003  1.0000000e+000  0.0000000e+000  2.0000000e+000  2.5531471e-001  1.1000000e+001
 -2.4589454e+000  2.2630874e-002  1.0000000e+000  0.0000000e+000  2.0000000e+000  2.3997174e-001  1.2000000e+001
 -2.9890248e+000  3.8126870e-003  1.0000000e+000  0.0000000e+000  2.0000000e+000  1.3417460e-001  1.3000000e+001
 -2.0476940e+001  1.3756682e-001  1.0000000e+000  0.0000000e+000  2.0000000e+000  1.3842489e-001  1.4000000e+001
  9.5374516e+000 -1.0300658e-001  1.0000000e+000  0.0000000e+000  2.0000000e+000  1.2633505e-001  1.6000000e+001
  1.6550067e+001 -3.9565555e-002  1.0000000e+000  0.0000000e+000  2.0000000e+000  2.0956823e-001  1.8000000e+001
  1.9272106e+000  4.1097316e-002  1.0000000e+000  0.0000000e+000  2.0000000e+000  1.9095037e-001  1.9000000e+001
  1.4017970e+001 -2.4623390e-002  1.0000000e+000  0.0000000e+000  2.0000000e+000  1.1163743e-002  2.0000000e+001
  3.2312907e+000 -1.0810264e-002  1.0000000e+000  0.0000000e+000  2.0000000e+000  3.0085702e-001  2.1000000e+001
  2.3570874e+000 -2.0089829e-003  1.0000000e+000  0.0000000e+000  2.0000000e+000  8.5084171e-002  2.2000000e+001
  2.2205751e+000 -3.1066043e-002  1.0000000e+000  0.0000000e+000  2.0000000e+000  2.1241979e-001  2.3000000e+001
 -2.4169351e+000  2.4786762e-002  1.0000000e+000  0.0000000e+000  2.0000000e+000  1.1721436e-002  2.4000000e+001
 -1.8218386e+001  6.2456963e-002  1.0000000e+000  0.0000000e+000  2.0000000e+000  2.8698430e-001  2.5000000e+001
  6.7743691e-001  7.6331741e-002  1.0000000e+000  0.0000000e+000  2.0000000e+000  1.5480157e-001  2.6000000e+001
 -1.3779208e+001  5.2444874e-003  1.0000000e+000  0.0000000e+000  2.0000000e+000  2.0256830e-001  2.7000000e+001
  9.5482549e+000 -4.8304539e-002  1.0000000e+000  0.0000000e+000  2.0000000e+000  2.3080126e-001  2.8000000e+001
 -1.2473751e+001  3.6558198e-002  1.0000000e+000  0.0000000e+000  2.0000000e+000 -1.5317338e-002  2.9000000e+001
  8.1056455e-001 -2.6368966e-003  1.0000000e+000  0.0000000e+000  2.0000000e+000 -5.6056738e-002  3.0000000e+001
  3.7017842e+000 -2.7274446e-002  1.0000000e+000  0.0000000e+000  2.0000000e+000  6.3794143e-002  3.2000000e+001
  9.9157018e-001  3.3937324e-002  1.0000000e+000  0.0000000e+000  2.0000000e+000  2.1148855e-001  3.3000000e+001
  1.2560784e+000  4.6246292e-003  1.0000000e+000  0.0000000e+000  2.0000000e+000  2.2743314e-001  3.4000000e+001
  3.0774095e-001 -8.7200222e-003  1.0000000e+000  0.0000000e+000  2.0000000e+000  1.6217110e-001  3.5000000e+001
 -1.7204398e+001  8.4675360e-003  1.0000000e+000  0.0000000e+000  2.0000000e+000  8.5287753e-002  3.6000000e+001
  7.9415048e+000 -4.7786523e-002  1.0000000e+000  0.0000000e+000  2.0000000e+000 -4.5326835e-003  3.7000000e+001
  2.4965049e+000 -2.5297910e-002  1.0000000e+000  0.0000000e+000  2.0000000e+000  9.1389798e-003  3.8000000e+001
 -3.8146759e-001  1.5602166e-002  1.0000000e+000  0.0000000e+000  2.0000000e+000  2.7005440e-001  3.9000000e+001
 -2.9073158e+000 -3.8999895e-004  1.0000000e+000  0.0000000e+000  2.0000000e+000 -2.1393060e-001  4.1000000e+001
  5.5796629e+000 -1.5649225e-002  1.0000000e+000  0.0000000e+000  2.0000000e+000  4.9405111e-003  4.2000000e+001
 -2.9890458e+000  5.4153643e-004  1.0000000e+000  0.0000000e+000  2.0000000e+000  2.1871405e-002  4.4000000e+001
  1.4453833e+001 -4.9278026e-002  1.0000000e+000  0.0000000e+000  2.0000000e+000  3.2671409e-002  4.5000000e+001
  4.6588688e+000 -5.9267655e-002  1.0000000e+000  0.0000000e+000  2.0000000e+000  3.3551988e-001  4.6000000e+001
  1.3450750e+001  3.9786289e-002  1.0000000e+000  0.0000000e+000  2.0000000e+000  6.5268509e-002  4.8000000e+001
 -4.0194829e+000 -1.4318929e-002  1.0000000e+000  0.0000000e+000  2.0000000e+000 -2.4550482e-002  4.9000000e+001
  7.8793468e+000  9.3597667e-003  1.0000000e+000  0.0000000e+000  2.0000000e+000  7.8629512e-002  5.0000000e+001
  1.8681895e+001 -9.8952160e-002  3.0000000e+000  0.0000000e+000  1.0000000e+000 -2.2395476e-002  2.0000000e+000
 -1.6522127e+001  1.0114899e-001  3.0000000e+000  0.0000000e+000  1.0000000e+000  7.3785601e-002  3.0000000e+000
 -3.7855129e+000  1.4387623e-002  3.0000000e+000  0.0000000e+000  1.0000000e+000  1.5952029e-001  5.0000000e+000
  6.7138030e+000 -1.8225755e-002  3.0000000e+000  0.0000000e+000  1.0000000e+000 -9.9621161e-002  6.0000000e+000
  9.6609207e+000  1.3885152e-002  3.0000000e+000  0.0000000e+000  1.0000000e+000  9.7829970e-002  7.0000000e+000
  8.8252454e+000  1.3813306e-002  3.0000000e+000  0.0000000e+000  1.0000000e+000 -7.6981189e-002  8.0000000e+000
 -2.6022232e+000  2.8589839e-002  3.0000000e+000  0.0000000e+000  1.0000000e+000 -8.0070551e-002  1.0000000e+001
  7.5176919e+000  2.3109413e-002  3.0000000e+000  0.0000000e+000  1.0000000e+000  4.6583511e-002  1.1000000e+001
  3.0760571e+000 -1.8435949e-002  3.0000000e+000  0.0000000e+000  1.0000000e+000  3.3702252e-001  1.2000000e+001
  7.7764908e+000 -2.2003402e-002  3.0000000e+000  0.0000000e+000  1.0000000e+000 -4.1246571e-002  1.3000000e+001
 -1.0849331e+001  8.3500683e-003  3.0000000e+000  0.0000000e+000  1.0000000e+000  2.1417062e-001  1.4000000e+001
  1.2564493e+001  9.5827568e-003  3.0000000e+000  0.0000000e+000  1.0000000e+000  1.2799729e-001  1.6000000e+001
 -2.2764650e+000  2.6272467e-002  3.0000000e+000  0.0000000e+000  1.0000000e+000  1.3591433e-001  1.8000000e+001
  5.5247892e+000 -1.2202376e-002  3.0000000e+000  0.0000000e+000  1.0000000e+000  1.2077572e-001  1.9000000e+001
 -4.0367575e+000 -1.7054128e-002  3.0000000e+000  0.0000000e+000  1.0000000e+000 -9.3455879e-003  2.0000000e+001
  2.0344508e+001 -2.7025333e-002  3.0000000e+000  0.0000000e+000  1.0000000e+000  1.2663882e-001  2.1000000e+001
 -1.3905179e+000  8.5768193e-003  3.0000000e+000  0.0000000e+000  1.0000000e+000  2.5467370e-001  2.2000000e+001
 -7.0407322e+000  3.6363596e-002  3.0000000e+000  0.0000000e+000  1.0000000e+000  1.0700334e-001  2.3000000e+001
  9.6765239e+000 -5.6379706e-002  3.0000000e+000  0.0000000e+000  1.0000000e+000 -1.0128599e-001  2.4000000e+001
 -6.1858547e+000  6.1566357e-002  3.0000000e+000  0.0000000e+000  1.0000000e+000  1.1746292e-001  2.5000000e+001
 -1.3580657e+001  9.7969855e-003  3.0000000e+000  0.0000000e+000  1.0000000e+000  1.7751999e-001  2.6000000e+001
  6.4084025e-001  2.2495916e-002  3.0000000e+000  0.0000000e+000  1.0000000e+000  1.4811271e-001  2.7000000e+001
  1.8536790e+001 -5.6631159e-002  3.0000000e+000  0.0000000e+000  1.0000000e+000  9.8502163e-002  2.8000000e+001
  3.5982262e-001  3.7960013e-003  3.0000000e+000  0.0000000e+000  1.0000000e+000  2.5728487e-001  2.9000000e+001
  9.1095301e+000 -3.3367925e-002  3.0000000e+000  0.0000000e+000  1.0000000e+000  1.8591925e-001  3.0000000e+001
  4.0885967e+000  2.4763160e-003  3.0000000e+000  0.0000000e+000  1.0000000e+000  1.0419093e-001  3.2000000e+001
  1.2886378e+001  1.1437843e-002  3.0000000e+000  0.0000000e+000  1.0000000e+000  1.4301689e-001  3.3000000e+001
  1.5909179e+000 -2.3554163e-003  3.0000000e+000  0.0000000e+000  1.0000000e+000  3.0113477e-001  3.4000000e+001
 -1.1166010e+000  8.8113219e-003  3.0000000e+000  0.0000000e+000  1.0000000e+000  3.1080000e-001  3.5000000e+001
  9.8434818e+000 -4.1834102e-003  3.0000000e+000  0.0000000e+000  1.0000000e+000  1.4168478e-001  3.6000000e+001
  3.3369413e-001  8.8004299e-003  3.0000000e+000  0.0000000e+000  1.0000000e+000  1.9801446e-001  3.7000000e+001
  9.6210526e-001 -2.6753546e-003  3.0000000e+000  0.0000000e+000  1.0000000e+000  1.2283855e-001  3.8000000e+001
  7.8963352e+000 -3.6209447e-002  3.0000000e+000  0.0000000e+000  1.0000000e+000  1.6742616e-001  3.9000000e+001
 -1.4861866e-001 -3.4264311e-003  3.0000000e+000  0.0000000e+000  1.0000000e+000  1.7716536e-001  4.1000000e+001
 -1.8932121e+000  1.5971257e-002  3.0000000e+000  0.0000000e+000  1.0000000e+000  9.6888598e-002  4.2000000e+001
 -1.0460255e+001  1.1446256e-002  3.0000000e+000  0.0000000e+000  1.0000000e+000 -1.5616085e-002  4.4000000e+001
 -4.6772949e-001  1.2102774e-002  3.0000000e+000  0.0000000e+000  1.0000000e+000  2.6145292e-001  4.5000000e+001
 -1.5218092e+000  1.2271773e-002  3.0000000e+000  0.0000000e+000  1.0000000e+000  3.8821470e-001  4.6000000e+001
 -1.7645290e+001  9.0049756e-002  3.0000000e+000  0.0000000e+000  1.0000000e+000  6.7455068e-002  4.8000000e+001
 -4.2009555e-001 -1.5729203e-002  3.0000000e+000  0.0000000e+000  1.0000000e+000  1.5721959e-001  4.9000000e+001
  3.0892393e+000  4.8011342e-002  3.0000000e+000  0.0000000e+000  1.0000000e+000  4.0898801e-002  5.0000000e+001
  7.8416123e+000 -3.1838995e-002  3.0000000e+000  0.0000000e+000  2.0000000e+000 -2.2395476e-002  2.0000000e+000
  3.9639608e+000  5.1315200e-002  3.0000000e+000  0.0000000e+000  2.0000000e+000  7.3785601e-002  3.0000000e+000
  7.0848255e+000 -2.8194648e-002  3.0000000e+000  0.0000000e+000  2.0000000e+000  1.5952029e-001  5.0000000e+000
 -9.6548941e+000  6.7384338e-002  3.0000000e+000  0.0000000e+000  2.0000000e+000 -9.9621161e-002  6.0000000e+000
  4.4836573e+000  3.0557783e-002  3.0000000e+000  0.0000000e+000  2.0000000e+000  9.7829970e-002  7.0000000e+000
  1.3831658e+000  1.8364314e-002  3.0000000e+000  0.0000000e+000  2.0000000e+000 -7.6981189e-002  8.0000000e+000
 -1.5233413e+001  5.6160681e-002  3.0000000e+000  0.0000000e+000  2.0000000e+000 -8.0070551e-002  1.0000000e+001
  1.2693023e+000  1.3985540e-002  3.0000000e+000  0.0000000e+000  2.0000000e+000  4.6583511e-002  1.1000000e+001
  5.9934117e+000  2.5982489e-002  3.0000000e+000  0.0000000e+000  2.0000000e+000  3.3702252e-001  1.2000000e+001
  3.8770337e+000  4.4570012e-002  3.0000000e+000  0.0000000e+000  2.0000000e+000 -4.1246571e-002  1.3000000e+001
 -2.9763842e+001  1.7484188e-001  3.0000000e+000  0.0000000e+000  2.0000000e+000  2.1417062e-001  1.4000000e+001
  2.1080207e+001 -7.8307911e-002  3.0000000e+000  0.0000000e+000  2.0000000e+000  1.2799729e-001  1.6000000e+001
  2.9156514e+000 -1.0198234e-002  3.0000000e+000  0.0000000e+000  2.0000000e+000  1.3591433e-001  1.8000000e+001
 -2.0684288e+000  5.3645410e-002  3.0000000e+000  0.0000000e+000  2.0000000e+000  1.2077572e-001  1.9000000e+001
  6.5720409e+000  2.9410265e-003  3.0000000e+000  0.0000000e+000  2.0000000e+000 -9.3455879e-003  2.0000000e+001
  6.4580741e+000  2.5587175e-002  3.0000000e+000  0.0000000e+000  2.0000000e+000  1.2663882e-001  2.1000000e+001
  9.5120804e+000 -4.1857887e-002  3.0000000e+000  0.0000000e+000  2.0000000e+000  2.5467370e-001  2.2000000e+001
 -2.1590017e+000 -2.6090076e-004  3.0000000e+000  0.0000000e+000  2.0000000e+000  1.0700334e-001  2.3000000e+001
  6.9780963e+000  1.3100248e-002  3.0000000e+000  0.0000000e+000  2.0000000e+000 -1.0128599e-001  2.4000000e+001
 -2.0167813e+001  4.8643714e-002  3.0000000e+000  0.0000000e+000  2.0000000e+000  1.1746292e-001  2.5000000e+001
 -1.2299419e+001  8.7058166e-002  3.0000000e+000  0.0000000e+000  2.0000000e+000  1.7751999e-001  2.6000000e+001
 -5.2317291e+000 -1.2743433e-002  3.0000000e+000  0.0000000e+000  2.0000000e+000  1.4811271e-001  2.7000000e+001
 -7.0816783e+000  5.2027475e-003  3.0000000e+000  0.0000000e+000  2.0000000e+000  9.8502163e-002  2.8000000e+001
 -1.2540867e+001  5.7324216e-002  3.0000000e+000  0.0000000e+000  2.0000000e+000  2.5728487e-001  2.9000000e+001
  9.1885850e+000 -7.3754791e-002  3.0000000e+000  0.0000000e+000  2.0000000e+000  1.8591925e-001  3.0000000e+001
  1.7996895e+001 -3.7418528e-002  3.0000000e+000  0.0000000e+000  2.0000000e+000  1.0419093e-001  3.2000000e+001
  1.8772933e+001 -6.4980869e-003  3.0000000e+000  0.0000000e+000  2.0000000e+000  1.4301689e-001  3.3000000e+001
  7.0420842e+000 -2.3277442e-002  3.0000000e+000  0.0000000e+000  2.0000000e+000  3.0113477e-001  3.4000000e+001
 -3.8787193e+000  2.0994015e-002  3.0000000e+000  0.0000000e+000  2.0000000e+000  3.1080000e-001  3.5000000e+001
 -2.6565346e+001  6.5667585e-002  3.0000000e+000  0.0000000e+000  2.0000000e+000  1.4168478e-001  3.6000000e+001
  3.1955222e+000 -2.6697149e-002  3.0000000e+000  0.0000000e+000  2.0000000e+000  1.9801446e-001  3.7000000e+001
 -3.5438106e+000 -1.3247893e-002  3.0000000e+000  0.0000000e+000  2.0000000e+000  1.2283855e-001  3.8000000e+001
  9.0974329e+000 -2.7559268e-002  3.0000000e+000  0.0000000e+000  2.0000000e+000  1.6742616e-001  3.9000000e+001
 -3.8598672e+000  4.3980076e-002  3.0000000e+000  0.0000000e+000  2.0000000e+000  1.7716536e-001  4.1000000e+001
 -1.7915194e-001 -9.1465739e-003  3.0000000e+000  0.0000000e+000  2.0000000e+000  9.6888598e-002  4.2000000e+001
 -8.7652297e-001 -2.2144240e-002  3.0000000e+000  0.0000000e+000  2.0000000e+000 -1.5616085e-002  4.4000000e+001
  1.8773692e+001 -3.5112711e-002  3.0000000e+000  0.0000000e+000  2.0000000e+000  2.6145292e-001  4.5000000e+001
 -1.1791257e+001  1.3883472e-002  3.0000000e+000  0.0000000e+000  2.0000000e+000  3.8821470e-001  4.6000000e+001
  3.2108345e+000 -4.2016820e-003  3.0000000e+000  0.0000000e+000  2.0000000e+000  6.7455068e-002  4.8000000e+001
 -2.5136016e+000  7.5728349e-002  3.0000000e+000  0.0000000e+000  2.0000000e+000  1.5721959e-001  4.9000000e+001
 -7.3177745e-001 -3.2050830e-003  3.0000000e+000  0.0000000e+000  2.0000000e+000  4.0898801e-002  5.0000000e+001
 -7.1154003e+000  1.3460919e-002  1.0000000e+000  2.0000000e+000  1.0000000e+000  6.1051649e-002  2.0000000e+000
  2.9310388e+000 -5.5838161e-002  1.0000000e+000  2.0000000e+000  1.0000000e+000  1.1839959e-001  3.0000000e+000
  1.2039798e+001 -4.9018266e-002  1.0000000e+000  2.0000000e+000  1.0000000e+000  3.1509051e-001  5.0000000e+000
  1.8878950e+001 -5.3082379e-002  1.0000000e+000  2.0000000e+000  1.0000000e+000  5.8092185e-002  6.0000000e+000
 -4.7767995e+000 -2.7378127e-003  1.0000000e+000  2.0000000e+000  1.0000000e+000  6.3916497e-002  7.0000000e+000
  6.9780623e+000 -6.8674013e-002  1.0000000e+000  2.0000000e+000  1.0000000e+000  3.3637374e-004  8.0000000e+000
  7.7132367e+000 -1.8749207e-002  1.0000000e+000  2.0000000e+000  1.0000000e+000  6.1821112e-002  1.0000000e+001
  8.1335978e+000 -1.9841935e-002  1.0000000e+000  2.0000000e+000  1.0000000e+000  2.5531471e-001  1.1000000e+001
 -5.9029403e+000  9.2023597e-002  1.0000000e+000  2.0000000e+000  1.0000000e+000  2.3997174e-001  1.2000000e+001
 -1.8911675e+001  9.0464203e-002  1.0000000e+000  2.0000000e+000  1.0000000e+000  1.3417460e-001  1.3000000e+001
 -1.3135632e+001  3.0656031e-002  1.0000000e+000  2.0000000e+000  1.0000000e+000  1.3842489e-001  1.4000000e+001
 -1.2888464e+001 -4.9104596e-003  1.0000000e+000  2.0000000e+000  1.0000000e+000  1.2633505e-001  1.6000000e+001
  6.0659840e-001 -4.0664761e-002  1.0000000e+000  2.0000000e+000  1.0000000e+000  2.0956823e-001  1.8000000e+001
  8.9123434e+000 -3.1972110e-002  1.0000000e+000  2.0000000e+000  1.0000000e+000  1.9095037e-001  1.9000000e+001
 -6.9827994e+000  4.1732276e-002  1.0000000e+000  2.0000000e+000  1.0000000e+000  1.1163743e-002  2.0000000e+001
  5.1354921e+000 -4.1873990e-002  1.0000000e+000  2.0000000e+000  1.0000000e+000  3.0085702e-001  2.1000000e+001
  3.8510246e+000 -1.7386952e-002  1.0000000e+000  2.0000000e+000  1.0000000e+000  8.5084171e-002  2.2000000e+001
 -1.6375449e+000 -5.2555233e-003  1.0000000e+000  2.0000000e+000  1.0000000e+000  2.1241979e-001  2.3000000e+001
 -2.1128867e+000  3.3451870e-003  1.0000000e+000  2.0000000e+000  1.0000000e+000  1.1721436e-002  2.4000000e+001
 -1.8375036e+000  5.4000028e-002  1.0000000e+000  2.0000000e+000  1.0000000e+000  2.8698430e-001  2.5000000e+001
 -3.5071908e+000  2.1596260e-002  1.0000000e+000  2.0000000e+000  1.0000000e+000  1.5480157e-001  2.6000000e+001
  1.9486471e-001 -4.0750223e-002  1.0000000e+000  2.0000000e+000  1.0000000e+000  2.0256830e-001  2.7000000e+001
  4.3140240e+001 -9.2373446e-002  1.0000000e+000  2.0000000e+000  1.0000000e+000  2.3080126e-001  2.8000000e+001
 -1.7098462e+000 -2.0265591e-002  1.0000000e+000  2.0000000e+000  1.0000000e+000 -1.5317338e-002  2.9000000e+001
 -5.8108331e+000  8.8483005e-002  1.0000000e+000  2.0000000e+000  1.0000000e+000 -5.6056738e-002  3.0000000e+001
  4.7563251e+000 -1.8230554e-002  1.0000000e+000  2.0000000e+000  1.0000000e+000  6.3794143e-002  3.2000000e+001
  1.1534546e-001 -8.0430763e-002  1.0000000e+000  2.0000000e+000  1.0000000e+000  2.1148855e-001  3.3000000e+001
  1.2537595e+001 -2.8397246e-002  1.0000000e+000  2.0000000e+000  1.0000000e+000  2.2743314e-001  3.4000000e+001
 -9.6565633e+000  7.8612035e-002  1.0000000e+000  2.0000000e+000  1.0000000e+000  1.6217110e-001  3.5000000e+001
 -1.6904974e+001 -2.2163563e-002  1.0000000e+000  2.0000000e+000  1.0000000e+000  8.5287753e-002  3.6000000e+001
 -4.0381161e+000  3.7078014e-002  1.0000000e+000  2.0000000e+000  1.0000000e+000 -4.5326835e-003  3.7000000e+001
  1.7632262e+000 -3.3256210e-002  1.0000000e+000  2.0000000e+000  1.0000000e+000  9.1389798e-003  3.8000000e+001
  5.3180061e+000 -4.2558597e-003  1.0000000e+000  2.0000000e+000  1.0000000e+000  2.7005440e-001  3.9000000e+001
 -1.4784631e+001  2.1275656e-002  1.0000000e+000  2.0000000e+000  1.0000000e+000 -2.1393060e-001  4.1000000e+001
 -6.0073857e+000  2.9163815e-002  1.0000000e+000  2.0000000e+000  1.0000000e+000  4.9405111e-003  4.2000000e+001
 -2.9153375e+000  1.3600881e-002  1.0000000e+000  2.0000000e+000  1.0000000e+000  2.1871405e-002  4.4000000e+001
 -4.8318374e+000  2.2303326e-004  1.0000000e+000  2.0000000e+000  1.0000000e+000  3.2671409e-002  4.5000000e+001
  1.1837282e+001 -3.6952427e-002  1.0000000e+000  2.0000000e+000  1.0000000e+000  3.3551988e-001  4.6000000e+001
  1.7954831e+001 -9.3501934e-002  1.0000000e+000  2.0000000e+000  1.0000000e+000  6.5268509e-002  4.8000000e+001
 -7.1383934e+000  1.7089326e-002  1.0000000e+000  2.0000000e+000  1.0000000e+000  7.8629512e-002  5.0000000e+001
 -1.1202075e+001  6.1750092e-002  1.0000000e+000  2.0000000e+000  2.0000000e+000  6.1051649e-002  2.0000000e+000
  2.0548831e+001 -5.3216109e-002  1.0000000e+000  2.0000000e+000  2.0000000e+000  1.1839959e-001  3.0000000e+000
  2.9656623e+001 -5.2291155e-002  1.0000000e+000  2.0000000e+000  2.0000000e+000  3.1509051e-001  5.0000000e+000
  1.5118925e+001 -4.7300861e-003  1.0000000e+000  2.0000000e+000  2.0000000e+000  5.8092185e-002  6.0000000e+000
  1.8237528e+000 -6.9343697e-002  1.0000000e+000  2.0000000e+000  2.0000000e+000  6.3916497e-002  7.0000000e+000
 -7.9747778e-001  5.2226568e-002  1.0000000e+000  2.0000000e+000  2.0000000e+000  3.3637374e-004  8.0000000e+000
  2.5622526e+001  4.7419853e-002  1.0000000e+000  2.0000000e+000  2.0000000e+000  6.1821112e-002  1.0000000e+001
  3.1576745e+000 -1.8588953e-002  1.0000000e+000  2.0000000e+000  2.0000000e+000  2.5531471e-001  1.1000000e+001
 -8.5136317e+000  2.2777601e-002  1.0000000e+000  2.0000000e+000  2.0000000e+000  2.3997174e-001  1.2000000e+001
 -1.4723559e+001 -4.4132176e-002  1.0000000e+000  2.0000000e+000  2.0000000e+000  1.3417460e-001  1.3000000e+001
  1.7290637e+001 -2.3219436e-002  1.0000000e+000  2.0000000e+000  2.0000000e+000  1.3842489e-001  1.4000000e+001
 -7.3139626e+000 -3.4297953e-002  1.0000000e+000  2.0000000e+000  2.0000000e+000  1.2633505e-001  1.6000000e+001
  4.0219872e-001 -1.3187496e-003  1.0000000e+000  2.0000000e+000  2.0000000e+000  2.0956823e-001  1.8000000e+001
 -9.2454084e+000 -4.6719806e-002  1.0000000e+000  2.0000000e+000  2.0000000e+000  1.9095037e-001  1.9000000e+001
 -2.8981117e+001 -3.9344542e-002  1.0000000e+000  2.0000000e+000  2.0000000e+000  1.1163743e-002  2.0000000e+001
  1.8566810e+001 -6.6177179e-002  1.0000000e+000  2.0000000e+000  2.0000000e+000  3.0085702e-001  2.1000000e+001
  3.9577210e+000 -1.0108909e-002  1.0000000e+000  2.0000000e+000  2.0000000e+000  8.5084171e-002  2.2000000e+001
  2.5741280e+000 -2.0929204e-002  1.0000000e+000  2.0000000e+000  2.0000000e+000  2.1241979e-001  2.3000000e+001
 -2.5593513e+000  2.5273060e-002  1.0000000e+000  2.0000000e+000  2.0000000e+000  1.1721436e-002  2.4000000e+001
 -1.3243175e+001  3.7197629e-002  1.0000000e+000  2.0000000e+000  2.0000000e+000  1.5480157e-001  2.6000000e+001
  1.0176356e+001  3.8203240e-002  1.0000000e+000  2.0000000e+000  2.0000000e+000  2.0256830e-001  2.7000000e+001
 -1.5576163e+001  1.7833153e-001  1.0000000e+000  2.0000000e+000  2.0000000e+000  2.3080126e-001  2.8000000e+001
  2.1860417e+001 -8.1419777e-002  1.0000000e+000  2.0000000e+000  2.0000000e+000 -1.5317338e-002  2.9000000e+001
 -1.5904310e+001  6.9598899e-002  1.0000000e+000  2.0000000e+000  2.0000000e+000 -5.6056738e-002  3.0000000e+001
  8.6797772e+000 -6.1157587e-002  1.0000000e+000  2.0000000e+000  2.0000000e+000  6.3794143e-002  3.2000000e+001
 -3.6107402e+001  6.6107193e-002  1.0000000e+000  2.0000000e+000  2.0000000e+000  2.1148855e-001  3.3000000e+001
  2.4363249e+000  2.8246390e-002  1.0000000e+000  2.0000000e+000  2.0000000e+000  2.2743314e-001  3.4000000e+001
 -3.0898816e+000  7.0613533e-002  1.0000000e+000  2.0000000e+000  2.0000000e+000  1.6217110e-001  3.5000000e+001
  1.2935882e+001 -6.1672707e-002  1.0000000e+000  2.0000000e+000  2.0000000e+000 -4.5326835e-003  3.7000000e+001
 -9.2324731e+000  8.5490235e-002  1.0000000e+000  2.0000000e+000  2.0000000e+000  9.1389798e-003  3.8000000e+001
 -6.2053728e+000  5.1888144e-003  1.0000000e+000  2.0000000e+000  2.0000000e+000  2.7005440e-001  3.9000000e+001
 -9.4213076e+000 -7.2775281e-003  1.0000000e+000  2.0000000e+000  2.0000000e+000 -2.1393060e-001  4.1000000e+001
 -1.4860725e+000  1.8634305e-002  1.0000000e+000  2.0000000e+000  2.0000000e+000  4.9405111e-003  4.2000000e+001
 -1.4542351e+000  2.7555334e-002  1.0000000e+000  2.0000000e+000  2.0000000e+000  2.1871405e-002  4.4000000e+001
  1.5954965e+001 -5.0537873e-002  1.0000000e+000  2.0000000e+000  2.0000000e+000  3.2671409e-002  4.5000000e+001
  1.3069030e+000 -6.4150670e-003  1.0000000e+000  2.0000000e+000  2.0000000e+000  3.3551988e-001  4.6000000e+001
  9.7823544e+000  7.1302243e-003  1.0000000e+000  2.0000000e+000  2.0000000e+000  6.5268509e-002  4.8000000e+001
  1.3041754e+001 -4.2261544e-002  1.0000000e+000  2.0000000e+000  2.0000000e+000 -2.4550482e-002  4.9000000e+001
 -4.0927342e+001  6.5317578e-002  1.0000000e+000  2.0000000e+000  2.0000000e+000  7.8629512e-002  5.0000000e+001
  2.1339168e-001 -1.0566610e-002  3.0000000e+000  2.0000000e+000  1.0000000e+000 -2.2395476e-002  2.0000000e+000
 -1.3643931e+000 -1.2759244e-002  3.0000000e+000  2.0000000e+000  1.0000000e+000  7.3785601e-002  3.0000000e+000
  9.4502575e+000 -3.2398335e-002  3.0000000e+000  2.0000000e+000  1.0000000e+000  1.5952029e-001  5.0000000e+000
 -1.6899452e+001  3.1773940e-002  3.0000000e+000  2.0000000e+000  1.0000000e+000 -9.9621161e-002  6.0000000e+000
  2.5943440e+000 -2.2058655e-002  3.0000000e+000  2.0000000e+000  1.0000000e+000  9.7829970e-002  7.0000000e+000
  1.2261714e+000  4.5173822e-002  3.0000000e+000  2.0000000e+000  1.0000000e+000 -7.6981189e-002  8.0000000e+000
  7.2337722e+000 -1.7625491e-002  3.0000000e+000  2.0000000e+000  1.0000000e+000 -8.0070551e-002  1.0000000e+001
  1.8517090e+000 -3.7803847e-003  3.0000000e+000  2.0000000e+000  1.0000000e+000  4.6583511e-002  1.1000000e+001
  3.6960616e+000  6.7651066e-003  3.0000000e+000  2.0000000e+000  1.0000000e+000  3.3702252e-001  1.2000000e+001
  2.4284690e+001 -3.0421536e-002  3.0000000e+000  2.0000000e+000  1.0000000e+000 -4.1246571e-002  1.3000000e+001
  3.2496440e+000 -5.4164434e-002  3.0000000e+000  2.0000000e+000  1.0000000e+000  2.1417062e-001  1.4000000e+001
  1.1552765e+001 -4.7981676e-002  3.0000000e+000  2.0000000e+000  1.0000000e+000  1.2799729e-001  1.6000000e+001
  3.6667313e+000 -6.6170216e-003  3.0000000e+000  2.0000000e+000  1.0000000e+000  1.3591433e-001  1.8000000e+001
  3.3584969e+000 -1.5636950e-002  3.0000000e+000  2.0000000e+000  1.0000000e+000  1.2077572e-001  1.9000000e+001
 -3.5624314e+000  2.0873278e-002  3.0000000e+000  2.0000000e+000  1.0000000e+000 -9.3455879e-003  2.0000000e+001
  6.3748562e+000 -1.1499208e-002  3.0000000e+000  2.0000000e+000  1.0000000e+000  1.2663882e-001  2.1000000e+001
 -8.8522971e-001  3.9361668e-003  3.0000000e+000  2.0000000e+000  1.0000000e+000  2.5467370e-001  2.2000000e+001
  1.3470064e+000  2.1774745e-003  3.0000000e+000  2.0000000e+000  1.0000000e+000  1.0700334e-001  2.3000000e+001
  1.2460615e+000 -7.5718637e-003  3.0000000e+000  2.0000000e+000  1.0000000e+000 -1.0128599e-001  2.4000000e+001
  2.5250144e+000 -5.2853061e-003  3.0000000e+000  2.0000000e+000  1.0000000e+000  1.1746292e-001  2.5000000e+001
 -5.4892218e+000  3.7391743e-002  3.0000000e+000  2.0000000e+000  1.0000000e+000  1.7751999e-001  2.6000000e+001
 -1.3980963e-001 -2.5955619e-002  3.0000000e+000  2.0000000e+000  1.0000000e+000  1.4811271e-001  2.7000000e+001
 -6.9278880e-001 -1.8939644e-002  3.0000000e+000  2.0000000e+000  1.0000000e+000  9.8502163e-002  2.8000000e+001
  2.8904835e-001 -1.2834850e-002  3.0000000e+000  2.0000000e+000  1.0000000e+000  2.5728487e-001  2.9000000e+001
  4.8039815e+000  9.7323933e-003  3.0000000e+000  2.0000000e+000  1.0000000e+000  1.8591925e-001  3.0000000e+001
 -2.0026943e+000  2.2321709e-002  3.0000000e+000  2.0000000e+000  1.0000000e+000  1.0419093e-001  3.2000000e+001
  1.4400260e+001 -9.3667722e-003  3.0000000e+000  2.0000000e+000  1.0000000e+000  1.4301689e-001  3.3000000e+001
 -4.5422043e+000 -2.9293289e-003  3.0000000e+000  2.0000000e+000  1.0000000e+000  3.0113477e-001  3.4000000e+001
 -3.4707502e+000  1.6719324e-002  3.0000000e+000  2.0000000e+000  1.0000000e+000  3.1080000e-001  3.5000000e+001
  1.5562911e+001 -1.8957908e-002  3.0000000e+000  2.0000000e+000  1.0000000e+000  1.4168478e-001  3.6000000e+001
 -4.3260143e+000  5.3708935e-002  3.0000000e+000  2.0000000e+000  1.0000000e+000  1.9801446e-001  3.7000000e+001
  7.4362933e+000 -4.1621234e-002  3.0000000e+000  2.0000000e+000  1.0000000e+000  1.2283855e-001  3.8000000e+001
 -5.0166187e+000  2.3278966e-002  3.0000000e+000  2.0000000e+000  1.0000000e+000  1.6742616e-001  3.9000000e+001
  7.2214129e+000  2.3801341e-003  3.0000000e+000  2.0000000e+000  1.0000000e+000  1.7716536e-001  4.1000000e+001
  2.7304397e+000 -1.6139311e-003  3.0000000e+000  2.0000000e+000  1.0000000e+000  9.6888598e-002  4.2000000e+001
  2.7817781e+000  4.8143681e-003  3.0000000e+000  2.0000000e+000  1.0000000e+000 -1.5616085e-002  4.4000000e+001
  1.2893101e-001 -1.5622870e-002  3.0000000e+000  2.0000000e+000  1.0000000e+000  2.6145292e-001  4.5000000e+001
  7.7388345e+000  5.2978377e-004  3.0000000e+000  2.0000000e+000  1.0000000e+000  3.8821470e-001  4.6000000e+001
  5.4666072e+000 -6.1501261e-002  3.0000000e+000  2.0000000e+000  1.0000000e+000  6.7455068e-002  4.8000000e+001
 -4.1451028e+000 -1.3649180e-003  3.0000000e+000  2.0000000e+000  1.0000000e+000  1.5721959e-001  4.9000000e+001
  5.4417914e+000 -1.7078549e-002  3.0000000e+000  2.0000000e+000  1.0000000e+000  4.0898801e-002  5.0000000e+001
  2.4190174e+000  3.0764901e-002  3.0000000e+000  2.0000000e+000  2.0000000e+000 -2.2395476e-002  2.0000000e+000
  1.1484354e+001  7.0091317e-002  3.0000000e+000  2.0000000e+000  2.0000000e+000  7.3785601e-002  3.0000000e+000
  7.9313508e+000 -6.2784176e-002  3.0000000e+000  2.0000000e+000  2.0000000e+000  1.5952029e-001  5.0000000e+000
  1.7399058e+001 -1.2772950e-001  3.0000000e+000  2.0000000e+000  2.0000000e+000 -9.9621161e-002  6.0000000e+000
  4.1535615e+001 -4.6917864e-002  3.0000000e+000  2.0000000e+000  2.0000000e+000  9.7829970e-002  7.0000000e+000
 -1.0360242e+001  8.2681562e-002  3.0000000e+000  2.0000000e+000  2.0000000e+000 -7.6981189e-002  8.0000000e+000
  3.1822132e+001 -6.8402868e-002  3.0000000e+000  2.0000000e+000  2.0000000e+000 -8.0070551e-002  1.0000000e+001
  2.6835850e+000  5.4954377e-003  3.0000000e+000  2.0000000e+000  2.0000000e+000  4.6583511e-002  1.1000000e+001
  2.7402121e+000 -2.1660042e-002  3.0000000e+000  2.0000000e+000  2.0000000e+000  3.3702252e-001  1.2000000e+001
 -4.8483491e+001  1.4254812e-001  3.0000000e+000  2.0000000e+000  2.0000000e+000 -4.1246571e-002  1.3000000e+001
  1.3883013e+001 -4.0429903e-002  3.0000000e+000  2.0000000e+000  2.0000000e+000  2.1417062e-001  1.4000000e+001
 -5.0337074e+001 -8.8345612e-002  3.0000000e+000  2.0000000e+000  2.0000000e+000  1.2799729e-001  1.6000000e+001
 -2.7098404e+000  2.7079311e-002  3.0000000e+000  2.0000000e+000  2.0000000e+000  1.3591433e-001  1.8000000e+001
  5.3484478e+001 -2.5363350e-001  3.0000000e+000  2.0000000e+000  2.0000000e+000  1.2077572e-001  1.9000000e+001
 -2.3361837e+001 -7.9224490e-002  3.0000000e+000  2.0000000e+000  2.0000000e+000 -9.3455879e-003  2.0000000e+001
  7.5694165e+000  5.0050839e-003  3.0000000e+000  2.0000000e+000  2.0000000e+000  1.2663882e-001  2.1000000e+001
  2.2691918e+000 -1.6763764e-003  3.0000000e+000  2.0000000e+000  2.0000000e+000  2.5467370e-001  2.2000000e+001
  6.5320635e+000 -3.0631046e-002  3.0000000e+000  2.0000000e+000  2.0000000e+000  1.0700334e-001  2.3000000e+001
  6.4507928e+000 -3.3287093e-002  3.0000000e+000  2.0000000e+000  2.0000000e+000 -1.0128599e-001  2.4000000e+001
 -1.3994836e+001  7.5790798e-002  3.0000000e+000  2.0000000e+000  2.0000000e+000  1.1746292e-001  2.5000000e+001
 -3.8923164e+000  3.8799093e-002  3.0000000e+000  2.0000000e+000  2.0000000e+000  1.7751999e-001  2.6000000e+001
  1.5467744e+001 -1.5883163e-002  3.0000000e+000  2.0000000e+000  2.0000000e+000  1.4811271e-001  2.7000000e+001
 -2.4415373e+001  1.2939726e-001  3.0000000e+000  2.0000000e+000  2.0000000e+000  9.8502163e-002  2.8000000e+001
  4.3377617e+000 -4.5933347e-002  3.0000000e+000  2.0000000e+000  2.0000000e+000  2.5728487e-001  2.9000000e+001
 -1.8041316e+001  1.1139919e-001  3.0000000e+000  2.0000000e+000  2.0000000e+000  1.8591925e-001  3.0000000e+001
 -5.8612250e-001 -1.9977493e-002  3.0000000e+000  2.0000000e+000  2.0000000e+000  1.0419093e-001  3.2000000e+001
 -1.4612868e+001  8.7708690e-002  3.0000000e+000  2.0000000e+000  2.0000000e+000  1.4301689e-001  3.3000000e+001
 -2.2867536e+000  1.4208585e-002  3.0000000e+000  2.0000000e+000  2.0000000e+000  3.0113477e-001  3.4000000e+001
  6.9636288e+000 -4.6583336e-002  3.0000000e+000  2.0000000e+000  2.0000000e+000  3.1080000e-001  3.5000000e+001
  8.4239206e+000  5.2454724e-003  3.0000000e+000  2.0000000e+000  2.0000000e+000  1.4168478e-001  3.6000000e+001
  5.2490885e+000 -1.1500541e-002  3.0000000e+000  2.0000000e+000  2.0000000e+000  1.9801446e-001  3.7000000e+001
  5.1088360e+000  1.3709917e-002  3.0000000e+000  2.0000000e+000  2.0000000e+000  1.2283855e-001  3.8000000e+001
  3.8294232e+000 -3.1684354e-002  3.0000000e+000  2.0000000e+000  2.0000000e+000  1.6742616e-001  3.9000000e+001
  3.3320016e+000 -4.1147500e-002  3.0000000e+000  2.0000000e+000  2.0000000e+000  1.7716536e-001  4.1000000e+001
  1.1783413e+000 -1.9108809e-003  3.0000000e+000  2.0000000e+000  2.0000000e+000  9.6888598e-002  4.2000000e+001
  8.5003504e+000 -1.3878667e-002  3.0000000e+000  2.0000000e+000  2.0000000e+000 -1.5616085e-002  4.4000000e+001
  2.3518806e-002 -5.5337743e-003  3.0000000e+000  2.0000000e+000  2.0000000e+000  2.6145292e-001  4.5000000e+001
  5.1127380e+000 -2.1153043e-002  3.0000000e+000  2.0000000e+000  2.0000000e+000  3.8821470e-001  4.6000000e+001
 -6.2087451e-001  4.2788238e-002  3.0000000e+000  2.0000000e+000  2.0000000e+000  6.7455068e-002  4.8000000e+001
  4.6828179e+000 -2.7898833e-002  3.0000000e+000  2.0000000e+000  2.0000000e+000  1.5721959e-001  4.9000000e+001
 -1.7888301e+001  3.1132313e-002  1.0000000e+000  4.0000000e+000  1.0000000e+000  6.1051649e-002  2.0000000e+000
 -2.7562894e+000 -1.8253486e-002  1.0000000e+000  4.0000000e+000  1.0000000e+000  1.1839959e-001  3.0000000e+000
 -6.1386058e+000  1.8138598e-003  1.0000000e+000  4.0000000e+000  1.0000000e+000  3.1509051e-001  5.0000000e+000
 -1.2233374e+000 -1.7991915e-004  1.0000000e+000  4.0000000e+000  1.0000000e+000  5.8092185e-002  6.0000000e+000
 -5.3250940e-001  3.1069306e-002  1.0000000e+000  4.0000000e+000  1.0000000e+000  6.3916497e-002  7.0000000e+000
 -5.0729067e+000 -1.6758239e-002  1.0000000e+000  4.0000000e+000  1.0000000e+000  3.3637374e-004  8.0000000e+000
 -6.6407939e+000  1.1655148e-001  1.0000000e+000  4.0000000e+000  1.0000000e+000  6.1821112e-002  1.0000000e+001
  7.3452180e+000 -2.6740810e-002  1.0000000e+000  4.0000000e+000  1.0000000e+000  2.5531471e-001  1.1000000e+001
 -1.1400308e+001  1.5849339e-003  1.0000000e+000  4.0000000e+000  1.0000000e+000  2.3997174e-001  1.2000000e+001
  1.7992358e+001 -6.1959911e-002  1.0000000e+000  4.0000000e+000  1.0000000e+000  1.3417460e-001  1.3000000e+001
  7.8893248e+000  5.7055746e-003  1.0000000e+000  4.0000000e+000  1.0000000e+000  1.3842489e-001  1.4000000e+001
 -6.2468314e+000 -1.1401236e-002  1.0000000e+000  4.0000000e+000  1.0000000e+000  1.2633505e-001  1.6000000e+001
 -7.0430581e+000 -5.3339233e-004  1.0000000e+000  4.0000000e+000  1.0000000e+000  2.0956823e-001  1.8000000e+001
  8.9798778e+000 -5.1049491e-002  1.0000000e+000  4.0000000e+000  1.0000000e+000  1.9095037e-001  1.9000000e+001
 -2.6741423e+000 -4.3110883e-002  1.0000000e+000  4.0000000e+000  1.0000000e+000  1.1163743e-002  2.0000000e+001
 -2.7623957e+000 -1.8949891e-002  1.0000000e+000  4.0000000e+000  1.0000000e+000  3.0085702e-001  2.1000000e+001
 -4.4145807e+000  2.1645730e-002  1.0000000e+000  4.0000000e+000  1.0000000e+000  8.5084171e-002  2.2000000e+001
 -3.4367427e+000  1.7517480e-002  1.0000000e+000  4.0000000e+000  1.0000000e+000  2.1241979e-001  2.3000000e+001
 -4.6274291e+000 -3.8650576e-003  1.0000000e+000  4.0000000e+000  1.0000000e+000  1.1721436e-002  2.4000000e+001
  4.5468758e+001 -8.6394934e-002  1.0000000e+000  4.0000000e+000  1.0000000e+000  2.8698430e-001  2.5000000e+001
 -3.0507207e+001  7.1730522e-002  1.0000000e+000  4.0000000e+000  1.0000000e+000  1.5480157e-001  2.6000000e+001
  4.5770448e-001  4.8222317e-002  1.0000000e+000  4.0000000e+000  1.0000000e+000  2.0256830e-001  2.7000000e+001
  2.9153555e+001 -1.3687846e-001  1.0000000e+000  4.0000000e+000  1.0000000e+000  2.3080126e-001  2.8000000e+001
  5.4151380e+000 -4.2072457e-003  1.0000000e+000  4.0000000e+000  1.0000000e+000 -1.5317338e-002  2.9000000e+001
 -3.5966784e+000 -2.6122147e-002  1.0000000e+000  4.0000000e+000  1.0000000e+000 -5.6056738e-002  3.0000000e+001
 -4.6743402e+000  1.6735673e-002  1.0000000e+000  4.0000000e+000  1.0000000e+000  6.3794143e-002  3.2000000e+001
  3.8305656e+000 -2.6251476e-002  1.0000000e+000  4.0000000e+000  1.0000000e+000  2.1148855e-001  3.3000000e+001
 -1.3210427e+000  2.6893974e-002  1.0000000e+000  4.0000000e+000  1.0000000e+000  2.2743314e-001  3.4000000e+001
  5.5654771e+000 -6.8194441e-003  1.0000000e+000  4.0000000e+000  1.0000000e+000  1.6217110e-001  3.5000000e+001
 -1.8707616e+001  5.5223910e-002  1.0000000e+000  4.0000000e+000  1.0000000e+000  8.5287753e-002  3.6000000e+001
 -1.2613287e+001  7.4092298e-002  1.0000000e+000  4.0000000e+000  1.0000000e+000 -4.5326835e-003  3.7000000e+001
  1.0548638e+001  1.3423073e-002  1.0000000e+000  4.0000000e+000  1.0000000e+000  9.1389798e-003  3.8000000e+001
  2.9137745e+001 -1.0498860e-001  1.0000000e+000  4.0000000e+000  1.0000000e+000  2.7005440e-001  3.9000000e+001
  1.7716391e+001 -3.9816421e-002  1.0000000e+000  4.0000000e+000  1.0000000e+000 -2.1393060e-001  4.1000000e+001
 -1.4774160e+001  5.9623839e-002  1.0000000e+000  4.0000000e+000  1.0000000e+000  4.9405111e-003  4.2000000e+001
  6.7176249e+000 -2.7574146e-002  1.0000000e+000  4.0000000e+000  1.0000000e+000  2.1871405e-002  4.4000000e+001
 -6.5977874e+000  5.3732608e-002  1.0000000e+000  4.0000000e+000  1.0000000e+000  3.2671409e-002  4.5000000e+001
 -7.1473258e+000  1.7976329e-002  1.0000000e+000  4.0000000e+000  1.0000000e+000  3.3551988e-001  4.6000000e+001
 -9.8294502e+000  6.1990881e-002  1.0000000e+000  4.0000000e+000  1.0000000e+000 -2.4550482e-002  4.9000000e+001
 -8.2008254e+000  4.0834666e-002  1.0000000e+000  4.0000000e+000  1.0000000e+000  7.8629512e-002  5.0000000e+001
 -2.0355877e+000  2.9478300e-002  1.0000000e+000  4.0000000e+000  2.0000000e+000  6.1051649e-002  2.0000000e+000
 -2.6957120e+001 -8.9901670e-002  1.0000000e+000  4.0000000e+000  2.0000000e+000  5.8092185e-002  6.0000000e+000
  8.2826195e+000  4.4449156e-002  1.0000000e+000  4.0000000e+000  2.0000000e+000  6.3916497e-002  7.0000000e+000
  9.6196046e+000  2.1561803e-002  1.0000000e+000  4.0000000e+000  2.0000000e+000  3.3637374e-004  8.0000000e+000
 -1.7209010e+001  2.0516005e-002  1.0000000e+000  4.0000000e+000  2.0000000e+000  6.1821112e-002  1.0000000e+001
  2.7665172e+000 -7.5912260e-003  1.0000000e+000  4.0000000e+000  2.0000000e+000  2.5531471e-001  1.1000000e+001
 -2.6533098e+001  1.2067946e-001  1.0000000e+000  4.0000000e+000  2.0000000e+000  2.3997174e-001  1.2000000e+001
 -5.6467043e-001  1.6530067e-001  1.0000000e+000  4.0000000e+000  2.0000000e+000  1.3417460e-001  1.3000000e+001
 -7.5513739e+001  2.9355085e-001  1.0000000e+000  4.0000000e+000  2.0000000e+000  1.3842489e-001  1.4000000e+001
  9.6107794e+000 -1.5351001e-001  1.0000000e+000  4.0000000e+000  2.0000000e+000  1.2633505e-001  1.6000000e+001
 -1.2016697e+000  3.2017535e-002  1.0000000e+000  4.0000000e+000  2.0000000e+000  2.0956823e-001  1.8000000e+001
  1.0558412e+001 -4.9598492e-002  1.0000000e+000  4.0000000e+000  2.0000000e+000  1.9095037e-001  1.9000000e+001
 -9.7404733e+000  4.5657831e-003  1.0000000e+000  4.0000000e+000  2.0000000e+000  1.1163743e-002  2.0000000e+001
 -1.4028584e+000  9.1888932e-003  1.0000000e+000  4.0000000e+000  2.0000000e+000  8.5084171e-002  2.2000000e+001
 -7.3240544e+000  2.1795075e-002  1.0000000e+000  4.0000000e+000  2.0000000e+000  2.1241979e-001  2.3000000e+001
  6.4191658e+000 -1.3311216e-001  1.0000000e+000  4.0000000e+000  2.0000000e+000  1.1721436e-002  2.4000000e+001
 -1.0717405e+001  4.2002018e-002  1.0000000e+000  4.0000000e+000  2.0000000e+000  1.5480157e-001  2.6000000e+001
  7.0785787e+000 -5.8829046e-002  1.0000000e+000  4.0000000e+000  2.0000000e+000  2.0256830e-001  2.7000000e+001
  5.0463183e+001 -1.7971501e-001  1.0000000e+000  4.0000000e+000  2.0000000e+000  2.3080126e-001  2.8000000e+001
 -7.6020969e+000 -2.1619385e-003  1.0000000e+000  4.0000000e+000  2.0000000e+000 -1.5317338e-002  2.9000000e+001
 -7.3528610e+000  6.5244279e-002  1.0000000e+000  4.0000000e+000  2.0000000e+000 -5.6056738e-002  3.0000000e+001
 -1.8993744e+000  9.4537732e-003  1.0000000e+000  4.0000000e+000  2.0000000e+000  6.3794143e-002  3.2000000e+001
  1.3354378e+001 -4.3465458e-002  1.0000000e+000  4.0000000e+000  2.0000000e+000  2.1148855e-001  3.3000000e+001
  2.9843656e+000 -2.5892353e-002  1.0000000e+000  4.0000000e+000  2.0000000e+000  2.2743314e-001  3.4000000e+001
 -1.7577249e+001  2.6859093e-002  1.0000000e+000  4.0000000e+000  2.0000000e+000  1.6217110e-001  3.5000000e+001
  3.4119956e+000 -4.0506192e-002  1.0000000e+000  4.0000000e+000  2.0000000e+000  8.5287753e-002  3.6000000e+001
  2.1745265e+000  6.4817925e-003  1.0000000e+000  4.0000000e+000  2.0000000e+000 -4.5326835e-003  3.7000000e+001
  3.5066603e+000 -4.0272696e-002  1.0000000e+000  4.0000000e+000  2.0000000e+000  9.1389798e-003  3.8000000e+001
  4.6162315e+000 -1.2730837e-002  1.0000000e+000  4.0000000e+000  2.0000000e+000  2.7005440e-001  3.9000000e+001
 -1.8197251e+001 -1.0252843e-002  1.0000000e+000  4.0000000e+000  2.0000000e+000 -2.1393060e-001  4.1000000e+001
 -3.1873947e+000  1.2114779e-002  1.0000000e+000  4.0000000e+000  2.0000000e+000  4.9405111e-003  4.2000000e+001
 -6.9408184e+000 -5.5210730e-002  1.0000000e+000  4.0000000e+000  2.0000000e+000  2.1871405e-002  4.4000000e+001
  1.7947546e+001  1.8689247e-002  1.0000000e+000  4.0000000e+000  2.0000000e+000  3.2671409e-002  4.5000000e+001
  1.0203766e+001 -2.6668681e-002  1.0000000e+000  4.0000000e+000  2.0000000e+000  3.3551988e-001  4.6000000e+001
  3.0779437e+000  1.0613734e-001  1.0000000e+000  4.0000000e+000  2.0000000e+000  6.5268509e-002  4.8000000e+001
 -1.4954263e+000  3.6650708e-002  1.0000000e+000  4.0000000e+000  2.0000000e+000 -2.4550482e-002  4.9000000e+001
 -7.6353167e+000  2.5531572e-002  3.0000000e+000  4.0000000e+000  1.0000000e+000 -2.2395476e-002  2.0000000e+000
  6.7962511e+000 -6.9239850e-002  3.0000000e+000  4.0000000e+000  1.0000000e+000  7.3785601e-002  3.0000000e+000
  3.0517070e+000  7.1581304e-003  3.0000000e+000  4.0000000e+000  1.0000000e+000  1.5952029e-001  5.0000000e+000
  1.1891421e+001 -1.3802457e-002  3.0000000e+000  4.0000000e+000  1.0000000e+000 -9.9621161e-002  6.0000000e+000
 -6.1795774e+000  1.7927498e-002  3.0000000e+000  4.0000000e+000  1.0000000e+000  9.7829970e-002  7.0000000e+000
 -1.5245281e+001  5.2230101e-002  3.0000000e+000  4.0000000e+000  1.0000000e+000 -7.6981189e-002  8.0000000e+000
 -9.5962119e+000  4.2573641e-002  3.0000000e+000  4.0000000e+000  1.0000000e+000 -8.0070551e-002  1.0000000e+001
  1.4040517e+000 -9.6698270e-003  3.0000000e+000  4.0000000e+000  1.0000000e+000  4.6583511e-002  1.1000000e+001
 -2.6823463e+000  3.0696601e-003  3.0000000e+000  4.0000000e+000  1.0000000e+000  3.3702252e-001  1.2000000e+001
  2.9020420e+001 -1.5226762e-002  3.0000000e+000  4.0000000e+000  1.0000000e+000 -4.1246571e-002  1.3000000e+001
 -1.3918115e+000  7.3168745e-002  3.0000000e+000  4.0000000e+000  1.0000000e+000  2.1417062e-001  1.4000000e+001
 -2.7251813e+001  4.6369769e-002  3.0000000e+000  4.0000000e+000  1.0000000e+000  1.2799729e-001  1.6000000e+001
 -2.2600196e+000  3.3733121e-002  3.0000000e+000  4.0000000e+000  1.0000000e+000  1.3591433e-001  1.8000000e+001
 -1.4782644e+000  8.0115429e-003  3.0000000e+000  4.0000000e+000  1.0000000e+000  1.2077572e-001  1.9000000e+001
  2.4056945e+000 -4.4464147e-002  3.0000000e+000  4.0000000e+000  1.0000000e+000 -9.3455879e-003  2.0000000e+001
  5.6762945e+000 -3.1153734e-002  3.0000000e+000  4.0000000e+000  1.0000000e+000  1.2663882e-001  2.1000000e+001
 -3.6394165e+000  1.2977442e-002  3.0000000e+000  4.0000000e+000  1.0000000e+000  2.5467370e-001  2.2000000e+001
  1.3440119e+000  1.6773776e-002  3.0000000e+000  4.0000000e+000  1.0000000e+000  1.0700334e-001  2.3000000e+001
 -2.1433319e+000  1.2982331e-002  3.0000000e+000  4.0000000e+000  1.0000000e+000 -1.0128599e-001  2.4000000e+001
  2.8241928e+001 -8.7343982e-002  3.0000000e+000  4.0000000e+000  1.0000000e+000  1.1746292e-001  2.5000000e+001
 -1.0153302e+001  1.6327421e-002  3.0000000e+000  4.0000000e+000  1.0000000e+000  1.7751999e-001  2.6000000e+001
  3.8735113e+000  2.4733609e-003  3.0000000e+000  4.0000000e+000  1.0000000e+000  1.4811271e-001  2.7000000e+001
  1.7418269e+001 -3.6006073e-002  3.0000000e+000  4.0000000e+000  1.0000000e+000  9.8502163e-002  2.8000000e+001
  7.5852848e+000  1.0972175e-002  3.0000000e+000  4.0000000e+000  1.0000000e+000  2.5728487e-001  2.9000000e+001
 -4.5595205e+000 -4.6278477e-003  3.0000000e+000  4.0000000e+000  1.0000000e+000  1.8591925e-001  3.0000000e+001
  1.4169782e+000  2.2237986e-003  3.0000000e+000  4.0000000e+000  1.0000000e+000  1.0419093e-001  3.2000000e+001
  2.3145308e+000  1.2087054e-002  3.0000000e+000  4.0000000e+000  1.0000000e+000  1.4301689e-001  3.3000000e+001
 -6.1522030e-001 -1.1729698e-002  3.0000000e+000  4.0000000e+000  1.0000000e+000  3.0113477e-001  3.4000000e+001
 -1.9718175e+000  4.5208746e-002  3.0000000e+000  4.0000000e+000  1.0000000e+000  3.1080000e-001  3.5000000e+001
 -9.3529993e+000 -1.3128769e-002  3.0000000e+000  4.0000000e+000  1.0000000e+000  1.4168478e-001  3.6000000e+001
 -5.4495571e+000  2.3719530e-002  3.0000000e+000  4.0000000e+000  1.0000000e+000  1.9801446e-001  3.7000000e+001
  8.7143835e+000 -3.4067177e-002  3.0000000e+000  4.0000000e+000  1.0000000e+000  1.2283855e-001  3.8000000e+001
  3.2597979e+000 -1.8933196e-002  3.0000000e+000  4.0000000e+000  1.0000000e+000  1.6742616e-001  3.9000000e+001
  7.3658871e+000 -2.4907512e-002  3.0000000e+000  4.0000000e+000  1.0000000e+000  1.7716536e-001  4.1000000e+001
 -1.5807379e+000  1.2442499e-002  3.0000000e+000  4.0000000e+000  1.0000000e+000  9.6888598e-002  4.2000000e+001
  2.9656752e+000 -1.3667803e-002  3.0000000e+000  4.0000000e+000  1.0000000e+000 -1.5616085e-002  4.4000000e+001
 -3.0146174e+000  3.8448712e-002  3.0000000e+000  4.0000000e+000  1.0000000e+000  2.6145292e-001  4.5000000e+001
 -1.2031908e+001  1.3690657e-002  3.0000000e+000  4.0000000e+000  1.0000000e+000  3.8821470e-001  4.6000000e+001
  7.3812055e+000 -1.8975832e-002  3.0000000e+000  4.0000000e+000  1.0000000e+000  6.7455068e-002  4.8000000e+001
 -6.4112920e+000  4.3312771e-002  3.0000000e+000  4.0000000e+000  1.0000000e+000  1.5721959e-001  4.9000000e+001
  4.3256612e-001  1.8916141e-003  3.0000000e+000  4.0000000e+000  1.0000000e+000  4.0898801e-002  5.0000000e+001
  9.5075978e-001 -4.5087961e-003  3.0000000e+000  4.0000000e+000  2.0000000e+000 -2.2395476e-002  2.0000000e+000
 -1.6225737e+001  2.6887581e-002  3.0000000e+000  4.0000000e+000  2.0000000e+000  7.3785601e-002  3.0000000e+000
  3.1586359e+000 -9.6341803e-003  3.0000000e+000  4.0000000e+000  2.0000000e+000  1.5952029e-001  5.0000000e+000
  1.4630770e+001 -2.3642955e-001  3.0000000e+000  4.0000000e+000  2.0000000e+000 -9.9621161e-002  6.0000000e+000
  5.0926505e+001 -7.9026847e-002  3.0000000e+000  4.0000000e+000  2.0000000e+000  9.7829970e-002  7.0000000e+000
  1.7184871e+001  3.6664026e-002  3.0000000e+000  4.0000000e+000  2.0000000e+000 -7.6981189e-002  8.0000000e+000
 -3.8267743e+001  2.1976244e-002  3.0000000e+000  4.0000000e+000  2.0000000e+000 -8.0070551e-002  1.0000000e+001
 -5.6126949e+000  6.5199383e-002  3.0000000e+000  4.0000000e+000  2.0000000e+000  4.6583511e-002  1.1000000e+001
 -2.1452907e+000  5.1672066e-002  3.0000000e+000  4.0000000e+000  2.0000000e+000  3.3702252e-001  1.2000000e+001
 -4.5846868e+001  7.1757814e-002  3.0000000e+000  4.0000000e+000  2.0000000e+000 -4.1246571e-002  1.3000000e+001
 -6.6624788e+001  2.0705614e-001  3.0000000e+000  4.0000000e+000  2.0000000e+000  2.1417062e-001  1.4000000e+001
 -2.6322558e+001 -8.0861983e-002  3.0000000e+000  4.0000000e+000  2.0000000e+000  1.2799729e-001  1.6000000e+001
 -3.6716606e+000  5.5968170e-002  3.0000000e+000  4.0000000e+000  2.0000000e+000  1.3591433e-001  1.8000000e+001
  1.1618714e+001 -5.9191579e-002  3.0000000e+000  4.0000000e+000  2.0000000e+000  1.2077572e-001  1.9000000e+001
  1.1096401e+001 -3.8960854e-002  3.0000000e+000  4.0000000e+000  2.0000000e+000 -9.3455879e-003  2.0000000e+001
  2.4814577e+000  4.1554174e-002  3.0000000e+000  4.0000000e+000  2.0000000e+000  1.2663882e-001  2.1000000e+001
 -3.7570850e+000  4.3991206e-003  3.0000000e+000  4.0000000e+000  2.0000000e+000  2.5467370e-001  2.2000000e+001
 -8.0093871e+000  1.5359673e-002  3.0000000e+000  4.0000000e+000  2.0000000e+000  1.0700334e-001  2.3000000e+001
  1.0346999e+001 -1.0661433e-001  3.0000000e+000  4.0000000e+000  2.0000000e+000 -1.0128599e-001  2.4000000e+001
 -4.4954680e+000 -8.4234579e-002  3.0000000e+000  4.0000000e+000  2.0000000e+000  1.1746292e-001  2.5000000e+001
  4.1978796e+000 -6.2624612e-002  3.0000000e+000  4.0000000e+000  2.0000000e+000  1.7751999e-001  2.6000000e+001
 -7.6936997e+000  3.0645475e-002  3.0000000e+000  4.0000000e+000  2.0000000e+000  1.4811271e-001  2.7000000e+001
  1.4679152e+001 -1.2203244e-001  3.0000000e+000  4.0000000e+000  2.0000000e+000  9.8502163e-002  2.8000000e+001
  2.7590184e+001 -1.2596168e-001  3.0000000e+000  4.0000000e+000  2.0000000e+000  2.5728487e-001  2.9000000e+001
  2.5268963e+001 -3.9367987e-002  3.0000000e+000  4.0000000e+000  2.0000000e+000  1.8591925e-001  3.0000000e+001
  1.9857873e+000  1.1644388e-002  3.0000000e+000  4.0000000e+000  2.0000000e+000  1.0419093e-001  3.2000000e+001
  4.4977050e+000  1.8666475e-002  3.0000000e+000  4.0000000e+000  2.0000000e+000  1.4301689e-001  3.3000000e+001
 -1.2976903e+000  7.5370242e-003  3.0000000e+000  4.0000000e+000  2.0000000e+000  3.0113477e-001  3.4000000e+001
 -5.4526628e+000 -5.6301619e-003  3.0000000e+000  4.0000000e+000  2.0000000e+000  3.1080000e-001  3.5000000e+001
 -4.2628497e+000 -9.4562985e-003  3.0000000e+000  4.0000000e+000  2.0000000e+000  1.4168478e-001  3.6000000e+001
 -2.5873968e+000  4.4877165e-003  3.0000000e+000  4.0000000e+000  2.0000000e+000  1.9801446e-001  3.7000000e+001
  1.7536882e+001 -7.6890281e-002  3.0000000e+000  4.0000000e+000  2.0000000e+000  1.2283855e-001  3.8000000e+001
 -1.7079543e+001  6.6533006e-002  3.0000000e+000  4.0000000e+000  2.0000000e+000  1.6742616e-001  3.9000000e+001
 -1.4860219e+001  5.5997816e-002  3.0000000e+000  4.0000000e+000  2.0000000e+000  1.7716536e-001  4.1000000e+001
  6.2419774e-001  5.9101412e-003  3.0000000e+000  4.0000000e+000  2.0000000e+000  9.6888598e-002  4.2000000e+001
  1.8373628e+001 -1.0373745e-001  3.0000000e+000  4.0000000e+000  2.0000000e+000 -1.5616085e-002  4.4000000e+001
  1.1690139e+001  9.4163158e-004  3.0000000e+000  4.0000000e+000  2.0000000e+000  2.6145292e-001  4.5000000e+001
 -7.2681122e+000  2.0871761e-003  3.0000000e+000  4.0000000e+000  2.0000000e+000  3.8821470e-001  4.6000000e+001
  3.4154405e+001 -9.2896438e-002  3.0000000e+000  4.0000000e+000  2.0000000e+000  6.7455068e-002  4.8000000e+001
  2.5875590e+001 -8.0333614e-002  3.0000000e+000  4.0000000e+000  2.0000000e+000  1.5721959e-001  4.9000000e+001
  4.3643562e+001 -9.2888024e-003  3.0000000e+000  4.0000000e+000  2.0000000e+000  4.0898801e-002  5.0000000e+001
  2.4343804e+000 -1.5852556e-003  1.0000000e+000  8.0000000e+000  1.0000000e+000  6.1051649e-002  2.0000000e+000
 -5.4928597e-001 -7.0367270e-002  1.0000000e+000  8.0000000e+000  1.0000000e+000  1.1839959e-001  3.0000000e+000
  7.2148632e-001 -1.4508460e-003  1.0000000e+000  8.0000000e+000  1.0000000e+000  3.1509051e-001  5.0000000e+000
 -1.0584504e+001  5.8505369e-002  1.0000000e+000  8.0000000e+000  1.0000000e+000  5.8092185e-002  6.0000000e+000
  4.5832368e+000 -6.3903918e-002  1.0000000e+000  8.0000000e+000  1.0000000e+000  6.3916497e-002  7.0000000e+000
  2.0245891e+000 -3.1000669e-002  1.0000000e+000  8.0000000e+000  1.0000000e+000  3.3637374e-004  8.0000000e+000
  1.7940461e+000  3.1690490e-002  1.0000000e+000  8.0000000e+000  1.0000000e+000  6.1821112e-002  1.0000000e+001
 -3.8297419e+000  9.5259820e-004  1.0000000e+000  8.0000000e+000  1.0000000e+000  2.5531471e-001  1.1000000e+001
  2.0377938e+000 -6.1126252e-003  1.0000000e+000  8.0000000e+000  1.0000000e+000  2.3997174e-001  1.2000000e+001
  2.2709118e+001 -6.3354098e-002  1.0000000e+000  8.0000000e+000  1.0000000e+000  1.3417460e-001  1.3000000e+001
  1.1624379e+001 -3.1881335e-002  1.0000000e+000  8.0000000e+000  1.0000000e+000  1.3842489e-001  1.4000000e+001
 -2.7846502e+001 -1.3256936e-002  1.0000000e+000  8.0000000e+000  1.0000000e+000  1.2633505e-001  1.6000000e+001
  3.6629610e+000 -2.4988247e-002  1.0000000e+000  8.0000000e+000  1.0000000e+000  2.0956823e-001  1.8000000e+001
 -4.6860436e+000 -4.0284786e-004  1.0000000e+000  8.0000000e+000  1.0000000e+000  1.9095037e-001  1.9000000e+001
 -6.3618091e+000 -7.7253674e-003  1.0000000e+000  8.0000000e+000  1.0000000e+000  1.1163743e-002  2.0000000e+001
  8.0939472e+000 -7.3618834e-003  1.0000000e+000  8.0000000e+000  1.0000000e+000  3.0085702e-001  2.1000000e+001
 -3.6692208e+000  1.4748390e-002  1.0000000e+000  8.0000000e+000  1.0000000e+000  8.5084171e-002  2.2000000e+001
  3.2647130e+000 -1.8673514e-002  1.0000000e+000  8.0000000e+000  1.0000000e+000  2.1241979e-001  2.3000000e+001
  7.0897410e-001  8.8164128e-003  1.0000000e+000  8.0000000e+000  1.0000000e+000  1.1721436e-002  2.4000000e+001
 -3.8454453e+000  3.9088422e-002  1.0000000e+000  8.0000000e+000  1.0000000e+000  2.8698430e-001  2.5000000e+001
  1.8048289e+000 -8.5630692e-003  1.0000000e+000  8.0000000e+000  1.0000000e+000  1.5480157e-001  2.6000000e+001
 -5.9188688e+000 -8.1267329e-003  1.0000000e+000  8.0000000e+000  1.0000000e+000  2.0256830e-001  2.7000000e+001
 -8.9430567e+000 -1.1212690e-002  1.0000000e+000  8.0000000e+000  1.0000000e+000  2.3080126e-001  2.8000000e+001
 -5.1510436e+000  1.4853651e-002  1.0000000e+000  8.0000000e+000  1.0000000e+000 -1.5317338e-002  2.9000000e+001
 -1.1109671e+000  1.6761878e-002  1.0000000e+000  8.0000000e+000  1.0000000e+000 -5.6056738e-002  3.0000000e+001
  2.1619592e+000 -9.4980795e-004  1.0000000e+000  8.0000000e+000  1.0000000e+000  6.3794143e-002  3.2000000e+001
 -1.2759178e+000 -5.7101402e-003  1.0000000e+000  8.0000000e+000  1.0000000e+000  2.1148855e-001  3.3000000e+001
 -6.5689522e+000  5.3545419e-002  1.0000000e+000  8.0000000e+000  1.0000000e+000  2.2743314e-001  3.4000000e+001
 -2.6985113e+000 -7.1675959e-003  1.0000000e+000  8.0000000e+000  1.0000000e+000  1.6217110e-001  3.5000000e+001
 -1.3115358e+001  2.9866921e-002  1.0000000e+000  8.0000000e+000  1.0000000e+000  8.5287753e-002  3.6000000e+001
  1.1091458e+000 -4.7003407e-002  1.0000000e+000  8.0000000e+000  1.0000000e+000 -4.5326835e-003  3.7000000e+001
 -1.5274450e+001  3.9276030e-002  1.0000000e+000  8.0000000e+000  1.0000000e+000  9.1389798e-003  3.8000000e+001
 -4.5277444e+000  4.4136082e-003  1.0000000e+000  8.0000000e+000  1.0000000e+000  2.7005440e-001  3.9000000e+001
  3.4744008e+000 -1.3170069e-002  1.0000000e+000  8.0000000e+000  1.0000000e+000 -2.1393060e-001  4.1000000e+001
  2.5784693e+000 -1.5799808e-002  1.0000000e+000  8.0000000e+000  1.0000000e+000  4.9405111e-003  4.2000000e+001
  6.7979537e+000 -1.5844367e-002  1.0000000e+000  8.0000000e+000  1.0000000e+000  2.1871405e-002  4.4000000e+001
  2.5690640e+000  5.7448207e-003  1.0000000e+000  8.0000000e+000  1.0000000e+000  3.2671409e-002  4.5000000e+001
  8.0549988e+000 -3.6831353e-002  1.0000000e+000  8.0000000e+000  1.0000000e+000  3.3551988e-001  4.6000000e+001
  3.5306068e+000  1.9426834e-002  1.0000000e+000  8.0000000e+000  1.0000000e+000  6.5268509e-002  4.8000000e+001
  7.6194647e-002 -2.0881494e-002  1.0000000e+000  8.0000000e+000  1.0000000e+000 -2.4550482e-002  4.9000000e+001
 -5.5655599e+000  1.7913775e-002  1.0000000e+000  8.0000000e+000  1.0000000e+000  7.8629512e-002  5.0000000e+001
  2.1692475e+000 -8.4221883e-003  1.0000000e+000  8.0000000e+000  2.0000000e+000  6.1051649e-002  2.0000000e+000
  2.4141899e+001 -5.1063746e-002  1.0000000e+000  8.0000000e+000  2.0000000e+000  1.1839959e-001  3.0000000e+000
 -1.1746670e+001  2.1091432e-002  1.0000000e+000  8.0000000e+000  2.0000000e+000  5.8092185e-002  6.0000000e+000
  8.2760467e+001  1.5555424e-001  1.0000000e+000  8.0000000e+000  2.0000000e+000  1.3417460e-001  1.3000000e+001
  6.6522603e+000  2.0201788e-002  1.0000000e+000  8.0000000e+000  2.0000000e+000  1.3842489e-001  1.4000000e+001
 -5.9131143e+001 -1.6918439e-001  1.0000000e+000  8.0000000e+000  2.0000000e+000  1.2633505e-001  1.6000000e+001
 -5.1781240e+000  1.2144214e-002  1.0000000e+000  8.0000000e+000  2.0000000e+000  2.0956823e-001  1.8000000e+001
  6.6197875e+000 -4.3245075e-002  1.0000000e+000  8.0000000e+000  2.0000000e+000  1.9095037e-001  1.9000000e+001
  2.1870865e+001 -1.5501003e-001  1.0000000e+000  8.0000000e+000  2.0000000e+000  1.1163743e-002  2.0000000e+001
  7.0981386e+000 -1.8942350e-002  1.0000000e+000  8.0000000e+000  2.0000000e+000  8.5084171e-002  2.2000000e+001
  1.5608480e+001 -9.2764941e-003  1.0000000e+000  8.0000000e+000  2.0000000e+000  1.1721436e-002  2.4000000e+001
  1.3209399e+001 -1.5902877e-002  1.0000000e+000  8.0000000e+000  2.0000000e+000  2.0256830e-001  2.7000000e+001
  1.7752879e+001 -2.0935166e-003  1.0000000e+000  8.0000000e+000  2.0000000e+000 -1.5317338e-002  2.9000000e+001
  2.1313056e+001 -1.0816284e-002  1.0000000e+000  8.0000000e+000  2.0000000e+000 -5.6056738e-002  3.0000000e+001
 -3.9999965e-001  3.7094710e-002  1.0000000e+000  8.0000000e+000  2.0000000e+000  6.3794143e-002  3.2000000e+001
 -3.0737584e+001 -8.7038866e-004  1.0000000e+000  8.0000000e+000  2.0000000e+000  2.1148855e-001  3.3000000e+001
  2.0879302e+000  1.6711432e-003  1.0000000e+000  8.0000000e+000  2.0000000e+000  2.2743314e-001  3.4000000e+001
  2.4926616e+001 -3.3945242e-002  1.0000000e+000  8.0000000e+000  2.0000000e+000  8.5287753e-002  3.6000000e+001
 -5.6065041e+000  1.9039723e-004  1.0000000e+000  8.0000000e+000  2.0000000e+000 -4.5326835e-003  3.7000000e+001
  2.6418109e+001 -6.3433813e-002  1.0000000e+000  8.0000000e+000  2.0000000e+000  9.1389798e-003  3.8000000e+001
 -8.7496404e+000  5.0022573e-002  1.0000000e+000  8.0000000e+000  2.0000000e+000  4.9405111e-003  4.2000000e+001
 -6.0263293e+000  1.3361941e-002  1.0000000e+000  8.0000000e+000  2.0000000e+000 -2.4550482e-002  4.9000000e+001
  4.3728340e+000  1.3558392e-003  3.0000000e+000  8.0000000e+000  1.0000000e+000 -2.2395476e-002  2.0000000e+000
  7.2121285e+000 -3.6785208e-002  3.0000000e+000  8.0000000e+000  1.0000000e+000  7.3785601e-002  3.0000000e+000
  1.3269368e+000  7.0962045e-003  3.0000000e+000  8.0000000e+000  1.0000000e+000  1.5952029e-001  5.0000000e+000
  7.4395451e+000 -2.4260641e-003  3.0000000e+000  8.0000000e+000  1.0000000e+000 -9.9621161e-002  6.0000000e+000
  8.3170631e+000 -5.1804142e-002  3.0000000e+000  8.0000000e+000  1.0000000e+000  9.7829970e-002  7.0000000e+000
 -1.8031704e+000  3.5928408e-002  3.0000000e+000  8.0000000e+000  1.0000000e+000 -7.6981189e-002  8.0000000e+000
  1.2528565e+000 -2.4101791e-002  3.0000000e+000  8.0000000e+000  1.0000000e+000 -8.0070551e-002  1.0000000e+001
 -3.4856696e+000 -1.4458032e-003  3.0000000e+000  8.0000000e+000  1.0000000e+000  4.6583511e-002  1.1000000e+001
 -2.4169148e+000  2.6418914e-002  3.0000000e+000  8.0000000e+000  1.0000000e+000  3.3702252e-001  1.2000000e+001
 -5.7922942e+000  5.8872487e-002  3.0000000e+000  8.0000000e+000  1.0000000e+000 -4.1246571e-002  1.3000000e+001
 -3.7843252e+000 -2.0942679e-002  3.0000000e+000  8.0000000e+000  1.0000000e+000  2.1417062e-001  1.4000000e+001
  1.4206950e+000 -1.8387884e-002  3.0000000e+000  8.0000000e+000  1.0000000e+000  1.2799729e-001  1.6000000e+001
 -4.9227422e-001 -3.2609390e-003  3.0000000e+000  8.0000000e+000  1.0000000e+000  1.3591433e-001  1.8000000e+001
 -1.1136346e+000 -2.7231326e-003  3.0000000e+000  8.0000000e+000  1.0000000e+000  1.2077572e-001  1.9000000e+001
 -2.6920169e+000  4.0311296e-002  3.0000000e+000  8.0000000e+000  1.0000000e+000 -9.3455879e-003  2.0000000e+001
 -4.6549520e-001 -3.1994053e-004  3.0000000e+000  8.0000000e+000  1.0000000e+000  1.2663882e-001  2.1000000e+001
  3.5159479e+000 -1.5072196e-002  3.0000000e+000  8.0000000e+000  1.0000000e+000  2.5467370e-001  2.2000000e+001
  5.0792425e+000 -1.7411180e-002  3.0000000e+000  8.0000000e+000  1.0000000e+000  1.0700334e-001  2.3000000e+001
  6.3498427e-001  6.0928999e-003  3.0000000e+000  8.0000000e+000  1.0000000e+000 -1.0128599e-001  2.4000000e+001
  2.6986360e+000  4.8923070e-003  3.0000000e+000  8.0000000e+000  1.0000000e+000  1.1746292e-001  2.5000000e+001
 -4.4675152e+000  4.5708813e-002  3.0000000e+000  8.0000000e+000  1.0000000e+000  1.7751999e-001  2.6000000e+001
  4.7741110e-001 -9.5783653e-003  3.0000000e+000  8.0000000e+000  1.0000000e+000  1.4811271e-001  2.7000000e+001
  1.3387840e+000 -1.3445920e-002  3.0000000e+000  8.0000000e+000  1.0000000e+000  9.8502163e-002  2.8000000e+001
  2.4771207e+000  3.9447571e-003  3.0000000e+000  8.0000000e+000  1.0000000e+000  2.5728487e-001  2.9000000e+001
  6.1159343e+000 -1.8145954e-002  3.0000000e+000  8.0000000e+000  1.0000000e+000  1.8591925e-001  3.0000000e+001
 -7.7221470e+000  3.5921722e-002  3.0000000e+000  8.0000000e+000  1.0000000e+000  1.0419093e-001  3.2000000e+001
 -1.5778363e+000  9.7626883e-003  3.0000000e+000  8.0000000e+000  1.0000000e+000  1.4301689e-001  3.3000000e+001
 -5.8629105e+000  7.9308917e-003  3.0000000e+000  8.0000000e+000  1.0000000e+000  3.0113477e-001  3.4000000e+001
 -2.2140988e+000  1.6891386e-002  3.0000000e+000  8.0000000e+000  1.0000000e+000  3.1080000e-001  3.5000000e+001
 -5.1748721e+000  8.6251944e-003  3.0000000e+000  8.0000000e+000  1.0000000e+000  1.4168478e-001  3.6000000e+001
  4.7199755e+000 -2.2173982e-002  3.0000000e+000  8.0000000e+000  1.0000000e+000  1.9801446e-001  3.7000000e+001
 -8.4368503e+000  3.2856105e-002  3.0000000e+000  8.0000000e+000  1.0000000e+000  1.2283855e-001  3.8000000e+001
 -1.4897772e+000 -2.4336355e-003  3.0000000e+000  8.0000000e+000  1.0000000e+000  1.6742616e-001  3.9000000e+001
 -3.1302166e+000 -4.7470348e-003  3.0000000e+000  8.0000000e+000  1.0000000e+000  1.7716536e-001  4.1000000e+001
  3.7184519e-001  1.4179970e-002  3.0000000e+000  8.0000000e+000  1.0000000e+000  9.6888598e-002  4.2000000e+001
 -2.2471122e+000  4.4168480e-003  3.0000000e+000  8.0000000e+000  1.0000000e+000 -1.5616085e-002  4.4000000e+001
  1.3660652e+000  1.1994990e-002  3.0000000e+000  8.0000000e+000  1.0000000e+000  2.6145292e-001  4.5000000e+001
 -3.1942584e+000 -8.0676056e-003  3.0000000e+000  8.0000000e+000  1.0000000e+000  3.8821470e-001  4.6000000e+001
 -6.1256364e+000  3.2568138e-002  3.0000000e+000  8.0000000e+000  1.0000000e+000  6.7455068e-002  4.8000000e+001
 -6.4593864e+000  2.9486151e-002  3.0000000e+000  8.0000000e+000  1.0000000e+000  1.5721959e-001  4.9000000e+001
 -1.7066744e+000  4.6511919e-003  3.0000000e+000  8.0000000e+000  1.0000000e+000  4.0898801e-002  5.0000000e+001
  3.3036625e+001 -4.3339485e-002  3.0000000e+000  8.0000000e+000  2.0000000e+000 -2.2395476e-002  2.0000000e+000
  3.7533520e+001 -1.0478092e-001  3.0000000e+000  8.0000000e+000  2.0000000e+000  1.5952029e-001  5.0000000e+000
 -1.2329473e+001  6.2455886e-002  3.0000000e+000  8.0000000e+000  2.0000000e+000 -9.9621161e-002  6.0000000e+000
  4.7981125e+001  9.1040217e-002  3.0000000e+000  8.0000000e+000  2.0000000e+000  9.7829970e-002  7.0000000e+000
  1.3035593e+001  1.1877653e-002  3.0000000e+000  8.0000000e+000  2.0000000e+000 -7.6981189e-002  8.0000000e+000
 -1.2085282e+001  1.2166160e-001  3.0000000e+000  8.0000000e+000  2.0000000e+000  4.6583511e-002  1.1000000e+001
  3.1054505e+000 -7.1834080e-003  3.0000000e+000  8.0000000e+000  2.0000000e+000  3.3702252e-001  1.2000000e+001
  7.8172219e+001  2.0322605e-001  3.0000000e+000  8.0000000e+000  2.0000000e+000 -4.1246571e-002  1.3000000e+001
  2.7886500e+001  1.0086234e-001  3.0000000e+000  8.0000000e+000  2.0000000e+000  2.1417062e-001  1.4000000e+001
 -5.9147469e+000 -2.5887966e-001  3.0000000e+000  8.0000000e+000  2.0000000e+000  1.2799729e-001  1.6000000e+001
  1.1076087e+000 -2.5062054e-002  3.0000000e+000  8.0000000e+000  2.0000000e+000  1.3591433e-001  1.8000000e+001
  5.3767655e+000 -6.0246923e-002  3.0000000e+000  8.0000000e+000  2.0000000e+000  1.2077572e-001  1.9000000e+001
  1.3373234e+001  4.3928210e-002  3.0000000e+000  8.0000000e+000  2.0000000e+000 -9.3455879e-003  2.0000000e+001
  1.9981933e+001 -5.0453902e-002  3.0000000e+000  8.0000000e+000  2.0000000e+000  1.2663882e-001  2.1000000e+001
 -1.5228623e+000  4.1940187e-003  3.0000000e+000  8.0000000e+000  2.0000000e+000  2.5467370e-001  2.2000000e+001
  1.0150701e+001  1.4415197e-002  3.0000000e+000  8.0000000e+000  2.0000000e+000  1.0700334e-001  2.3000000e+001
  3.0394370e+001 -1.2517738e-001  3.0000000e+000  8.0000000e+000  2.0000000e+000  1.1746292e-001  2.5000000e+001
  4.2736812e+001  4.7891808e-002  3.0000000e+000  8.0000000e+000  2.0000000e+000  1.7751999e-001  2.6000000e+001
  1.1275971e+001  1.7887743e-002  3.0000000e+000  8.0000000e+000  2.0000000e+000  1.4811271e-001  2.7000000e+001
  1.5219234e+001  2.7694597e-001  3.0000000e+000  8.0000000e+000  2.0000000e+000  9.8502163e-002  2.8000000e+001
  2.7551279e+001  2.3433622e-002  3.0000000e+000  8.0000000e+000  2.0000000e+000  2.5728487e-001  2.9000000e+001
  8.2716943e+000 -4.3149286e-002  3.0000000e+000  8.0000000e+000  2.0000000e+000  1.8591925e-001  3.0000000e+001
  9.4037469e+000 -1.9555339e-002  3.0000000e+000  8.0000000e+000  2.0000000e+000  1.0419093e-001  3.2000000e+001
 -5.8281016e+000 -9.3846044e-002  3.0000000e+000  8.0000000e+000  2.0000000e+000  1.4301689e-001  3.3000000e+001
 -2.7670662e+000 -6.2356189e-003  3.0000000e+000  8.0000000e+000  2.0000000e+000  3.0113477e-001  3.4000000e+001
  1.7307605e+001  3.7684403e-002  3.0000000e+000  8.0000000e+000  2.0000000e+000  3.1080000e-001  3.5000000e+001
 -7.8232322e+000  7.1802038e-002  3.0000000e+000  8.0000000e+000  2.0000000e+000  1.4168478e-001  3.6000000e+001
 -3.6439287e+000  5.6752296e-002  3.0000000e+000  8.0000000e+000  2.0000000e+000  1.9801446e-001  3.7000000e+001
  2.3827733e+001 -5.6330198e-002  3.0000000e+000  8.0000000e+000  2.0000000e+000  1.2283855e-001  3.8000000e+001
 -1.1505358e+001  3.3080515e-002  3.0000000e+000  8.0000000e+000  2.0000000e+000  1.6742616e-001  3.9000000e+001
 -3.7505014e+000  2.3566853e-004  3.0000000e+000  8.0000000e+000  2.0000000e+000 -1.5616085e-002  4.4000000e+001
  1.6507593e+001 -1.1557493e-003  3.0000000e+000  8.0000000e+000  2.0000000e+000  2.6145292e-001  4.5000000e+001
 -2.1584118e+000  9.4357857e-003  3.0000000e+000  8.0000000e+000  2.0000000e+000  3.8821470e-001  4.6000000e+001
  2.5432320e+001 -3.4897579e-003  3.0000000e+000  8.0000000e+000  2.0000000e+000  6.7455068e-002  4.8000000e+001
 -1.9806131e+001  1.0455548e-001  3.0000000e+000  8.0000000e+000  2.0000000e+000  1.5721959e-001  4.9000000e+001
  4.9892341e+000  3.7048281e-002  3.0000000e+000  8.0000000e+000  2.0000000e+000  4.0898801e-002  5.0000000e+001
 -2.5157504e-001 -4.0561670e-002  1.0000000e+000  1.6000000e+001  1.0000000e+000  6.1051649e-002  2.0000000e+000
  1.3277126e+001 -1.0578857e-001  1.0000000e+000  1.6000000e+001  1.0000000e+000  1.1839959e-001  3.0000000e+000
  8.8369464e+000 -1.5098176e-002  1.0000000e+000  1.6000000e+001  1.0000000e+000  3.1509051e-001  5.0000000e+000
  1.2128484e+000 -1.1028446e-002  1.0000000e+000  1.6000000e+001  1.0000000e+000  5.8092185e-002  6.0000000e+000
 -2.2316898e+000  8.8597615e-003  1.0000000e+000  1.6000000e+001  1.0000000e+000  6.3916497e-002  7.0000000e+000
 -2.3549889e+001  6.3446580e-002  1.0000000e+000  1.6000000e+001  1.0000000e+000  3.3637374e-004  8.0000000e+000
  1.5284638e+000  3.0236014e-004  1.0000000e+000  1.6000000e+001  1.0000000e+000  6.1821112e-002  1.0000000e+001
  3.2897724e-001 -6.4318432e-003  1.0000000e+000  1.6000000e+001  1.0000000e+000  2.5531471e-001  1.1000000e+001
 -4.3620615e+000 -1.2586474e-003  1.0000000e+000  1.6000000e+001  1.0000000e+000  2.3997174e-001  1.2000000e+001
  1.3951339e+001  4.7047247e-002  1.0000000e+000  1.6000000e+001  1.0000000e+000  1.3417460e-001  1.3000000e+001
 -7.1712038e-001  3.5243758e-002  1.0000000e+000  1.6000000e+001  1.0000000e+000  1.3842489e-001  1.4000000e+001
  5.4822533e+000 -3.3887856e-002  1.0000000e+000  1.6000000e+001  1.0000000e+000  1.2633505e-001  1.6000000e+001
 -2.1164322e+000 -1.5539273e-003  1.0000000e+000  1.6000000e+001  1.0000000e+000  2.0956823e-001  1.8000000e+001
 -1.8865293e+000  3.5718956e-003  1.0000000e+000  1.6000000e+001  1.0000000e+000  1.9095037e-001  1.9000000e+001
  1.3135977e-001 -2.7241146e-002  1.0000000e+000  1.6000000e+001  1.0000000e+000  1.1163743e-002  2.0000000e+001
 -1.0504231e+001  3.7190967e-002  1.0000000e+000  1.6000000e+001  1.0000000e+000  3.0085702e-001  2.1000000e+001
  3.3351019e+000 -1.0413367e-002  1.0000000e+000  1.6000000e+001  1.0000000e+000  8.5084171e-002  2.2000000e+001
  3.2329667e+000  5.1783638e-004  1.0000000e+000  1.6000000e+001  1.0000000e+000  2.1241979e-001  2.3000000e+001
 -1.0039896e+000 -1.1814059e-002  1.0000000e+000  1.6000000e+001  1.0000000e+000  1.1721436e-002  2.4000000e+001
 -1.2822928e+001  3.2086688e-002  1.0000000e+000  1.6000000e+001  1.0000000e+000  2.8698430e-001  2.5000000e+001
 -1.7739473e+001  7.8934656e-002  1.0000000e+000  1.6000000e+001  1.0000000e+000  1.5480157e-001  2.6000000e+001
 -2.1521787e+000 -3.9329571e-003  1.0000000e+000  1.6000000e+001  1.0000000e+000  2.0256830e-001  2.7000000e+001
 -8.1196529e+000  1.7143049e-002  1.0000000e+000  1.6000000e+001  1.0000000e+000  2.3080126e-001  2.8000000e+001
 -3.2461861e-001 -2.7158390e-002  1.0000000e+000  1.6000000e+001  1.0000000e+000 -1.5317338e-002  2.9000000e+001
  1.1055026e+001 -1.1629642e-002  1.0000000e+000  1.6000000e+001  1.0000000e+000 -5.6056738e-002  3.0000000e+001
 -3.7887879e+000 -1.4560575e-002  1.0000000e+000  1.6000000e+001  1.0000000e+000  6.3794143e-002  3.2000000e+001
  9.0558131e+000  1.9979130e-002  1.0000000e+000  1.6000000e+001  1.0000000e+000  2.1148855e-001  3.3000000e+001
 -5.9579040e+000  1.6886122e-002  1.0000000e+000  1.6000000e+001  1.0000000e+000  2.2743314e-001  3.4000000e+001
 -1.3135345e+001  4.0147266e-002  1.0000000e+000  1.6000000e+001  1.0000000e+000  1.6217110e-001  3.5000000e+001
 -4.9870470e+000  3.0921349e-002  1.0000000e+000  1.6000000e+001  1.0000000e+000  8.5287753e-002  3.6000000e+001
  4.7176703e+000 -4.2916771e-002  1.0000000e+000  1.6000000e+001  1.0000000e+000 -4.5326835e-003  3.7000000e+001
  5.0464714e+000 -2.6542789e-002  1.0000000e+000  1.6000000e+001  1.0000000e+000  9.1389798e-003  3.8000000e+001
  6.0649554e+000 -1.1576653e-002  1.0000000e+000  1.6000000e+001  1.0000000e+000  2.7005440e-001  3.9000000e+001
 -3.0956615e+000 -3.0891456e-002  1.0000000e+000  1.6000000e+001  1.0000000e+000 -2.1393060e-001  4.1000000e+001
  4.2273111e+000 -3.6860518e-002  1.0000000e+000  1.6000000e+001  1.0000000e+000  4.9405111e-003  4.2000000e+001
  8.5441881e+000 -3.8007516e-002  1.0000000e+000  1.6000000e+001  1.0000000e+000  2.1871405e-002  4.4000000e+001
  3.2977565e+000 -1.3514549e-002  1.0000000e+000  1.6000000e+001  1.0000000e+000  3.2671409e-002  4.5000000e+001
  5.6944638e-001  8.8167019e-003  1.0000000e+000  1.6000000e+001  1.0000000e+000  3.3551988e-001  4.6000000e+001
 -8.2217116e+000  3.8095544e-002  1.0000000e+000  1.6000000e+001  1.0000000e+000  6.5268509e-002  4.8000000e+001
  2.8561578e-001  1.8195244e-002  1.0000000e+000  1.6000000e+001  1.0000000e+000 -2.4550482e-002  4.9000000e+001
  2.9996913e+000  5.8931968e-003  1.0000000e+000  1.6000000e+001  1.0000000e+000  7.8629512e-002  5.0000000e+001
  5.7774823e+000 -4.8718832e-002  1.0000000e+000  1.6000000e+001  2.0000000e+000  6.1051649e-002  2.0000000e+000
 -1.3992127e+001  1.3266129e-001  1.0000000e+000  1.6000000e+001  2.0000000e+000  6.3794143e-002  3.2000000e+001
  2.1144896e+000 -6.4439137e-003  1.0000000e+000  1.6000000e+001  2.0000000e+000 -4.5326835e-003  3.7000000e+001
  2.2076606e+001 -8.2457959e-002  1.0000000e+000  1.6000000e+001  2.0000000e+000 -2.4550482e-002  4.9000000e+001
 -1.4130003e+000 -1.7285272e-002  3.0000000e+000  1.6000000e+001  1.0000000e+000 -2.2395476e-002  2.0000000e+000
  1.8493250e+001 -5.5656844e-002  3.0000000e+000  1.6000000e+001  1.0000000e+000  7.3785601e-002  3.0000000e+000
  1.7664137e+000  1.6022349e-002  3.0000000e+000  1.6000000e+001  1.0000000e+000  1.5952029e-001  5.0000000e+000
 -7.9605049e-001  1.4267609e-002  3.0000000e+000  1.6000000e+001  1.0000000e+000 -9.9621161e-002  6.0000000e+000
 -2.7074865e+000  1.5649365e-002  3.0000000e+000  1.6000000e+001  1.0000000e+000  9.7829970e-002  7.0000000e+000
 -4.3288265e+000 -9.2457689e-003  3.0000000e+000  1.6000000e+001  1.0000000e+000 -7.6981189e-002  8.0000000e+000
  3.2067010e+000 -4.9829272e-003  3.0000000e+000  1.6000000e+001  1.0000000e+000 -8.0070551e-002  1.0000000e+001
 -1.6600697e+000  2.7891011e-003  3.0000000e+000  1.6000000e+001  1.0000000e+000  4.6583511e-002  1.1000000e+001
 -4.3557473e+000  4.4360033e-004  3.0000000e+000  1.6000000e+001  1.0000000e+000  3.3702252e-001  1.2000000e+001
  1.2499192e+001  2.0171340e-002  3.0000000e+000  1.6000000e+001  1.0000000e+000 -4.1246571e-002  1.3000000e+001
  8.7449488e+000  2.4662957e-002  3.0000000e+000  1.6000000e+001  1.0000000e+000  2.1417062e-001  1.4000000e+001
 -1.4046808e+001  4.2883856e-002  3.0000000e+000  1.6000000e+001  1.0000000e+000  1.2799729e-001  1.6000000e+001
 -1.7612221e+000  1.4063599e-002  3.0000000e+000  1.6000000e+001  1.0000000e+000  1.3591433e-001  1.8000000e+001
  3.6835112e+000  2.5407089e-003  3.0000000e+000  1.6000000e+001  1.0000000e+000  1.2077572e-001  1.9000000e+001
  3.5088792e+000 -3.6182414e-002  3.0000000e+000  1.6000000e+001  1.0000000e+000 -9.3455879e-003  2.0000000e+001
 -8.3533744e+000  5.1085848e-002  3.0000000e+000  1.6000000e+001  1.0000000e+000  1.2663882e-001  2.1000000e+001
  7.9400045e-001 -2.5959548e-004  3.0000000e+000  1.6000000e+001  1.0000000e+000  2.5467370e-001  2.2000000e+001
  2.3103343e+000  1.7911749e-003  3.0000000e+000  1.6000000e+001  1.0000000e+000  1.0700334e-001  2.3000000e+001
 -2.9597327e+000  8.6000000e-003  3.0000000e+000  1.6000000e+001  1.0000000e+000 -1.0128599e-001  2.4000000e+001
 -8.7830272e+000  3.1934662e-002  3.0000000e+000  1.6000000e+001  1.0000000e+000  1.1746292e-001  2.5000000e+001
  5.8013731e+000 -1.8486301e-002  3.0000000e+000  1.6000000e+001  1.0000000e+000  1.7751999e-001  2.6000000e+001
  1.2766883e+000 -6.6103700e-003  3.0000000e+000  1.6000000e+001  1.0000000e+000  1.4811271e-001  2.7000000e+001
 -1.5761588e+000  2.2559196e-002  3.0000000e+000  1.6000000e+001  1.0000000e+000  9.8502163e-002  2.8000000e+001
  4.8658619e-001 -2.2990388e-003  3.0000000e+000  1.6000000e+001  1.0000000e+000  2.5728487e-001  2.9000000e+001
  9.2914584e+000 -1.0988628e-002  3.0000000e+000  1.6000000e+001  1.0000000e+000  1.8591925e-001  3.0000000e+001
 -1.2329668e+001  2.5135948e-002  3.0000000e+000  1.6000000e+001  1.0000000e+000  1.0419093e-001  3.2000000e+001
  1.2694950e+001  1.9007772e-002  3.0000000e+000  1.6000000e+001  1.0000000e+000  1.4301689e-001  3.3000000e+001
 -4.1345507e+000  2.0964189e-004  3.0000000e+000  1.6000000e+001  1.0000000e+000  3.0113477e-001  3.4000000e+001
 -1.6232444e+000  7.2274765e-003  3.0000000e+000  1.6000000e+001  1.0000000e+000  3.1080000e-001  3.5000000e+001
 -4.2723033e+000  1.5058220e-002  3.0000000e+000  1.6000000e+001  1.0000000e+000  1.4168478e-001  3.6000000e+001
 -5.9145993e+000  7.2773698e-002  3.0000000e+000  1.6000000e+001  1.0000000e+000  1.9801446e-001  3.7000000e+001
  6.7584588e+000 -4.3600953e-002  3.0000000e+000  1.6000000e+001  1.0000000e+000  1.2283855e-001  3.8000000e+001
  1.1147609e+000  5.2312657e-003  3.0000000e+000  1.6000000e+001  1.0000000e+000  1.6742616e-001  3.9000000e+001
  7.6699672e-001 -3.2787293e-002  3.0000000e+000  1.6000000e+001  1.0000000e+000  1.7716536e-001  4.1000000e+001
  1.2191725e+000 -1.2110472e-002  3.0000000e+000  1.6000000e+001  1.0000000e+000  9.6888598e-002  4.2000000e+001
  5.7148166e+000 -3.6800642e-002  3.0000000e+000  1.6000000e+001  1.0000000e+000 -1.5616085e-002  4.4000000e+001
  3.9858673e+000 -1.8757853e-002  3.0000000e+000  1.6000000e+001  1.0000000e+000  2.6145292e-001  4.5000000e+001
 -8.7967257e+000  2.8047449e-002  3.0000000e+000  1.6000000e+001  1.0000000e+000  3.8821470e-001  4.6000000e+001
  1.3691090e+000  1.7896879e-002  3.0000000e+000  1.6000000e+001  1.0000000e+000  6.7455068e-002  4.8000000e+001
  2.7114216e+000  1.4413885e-002  3.0000000e+000  1.6000000e+001  1.0000000e+000  1.5721959e-001  4.9000000e+001
 -7.6768683e+000  1.9095750e-002  3.0000000e+000  1.6000000e+001  1.0000000e+000  4.0898801e-002  5.0000000e+001
  3.7539552e+000  4.8061430e-002  3.0000000e+000  1.6000000e+001  2.0000000e+000 -2.2395476e-002  2.0000000e+000
 -3.4966152e+000  6.1615275e-002  3.0000000e+000  1.6000000e+001  2.0000000e+000  4.6583511e-002  1.1000000e+001
  5.2051486e+001  6.1693300e-002  3.0000000e+000  1.6000000e+001  2.0000000e+000  2.1417062e-001  1.4000000e+001
 -2.8189785e+000  2.4045351e-002  3.0000000e+000  1.6000000e+001  2.0000000e+000  1.3591433e-001  1.8000000e+001
 -2.1433666e+001  9.8236881e-002  3.0000000e+000  1.6000000e+001  2.0000000e+000  1.2077572e-001  1.9000000e+001
  3.0911187e+001 -1.1005086e-002  3.0000000e+000  1.6000000e+001  2.0000000e+000 -9.3455879e-003  2.0000000e+001
  2.3287704e+001 -2.5808521e-003  3.0000000e+000  1.6000000e+001  2.0000000e+000  1.2663882e-001  2.1000000e+001
  1.2671153e+001  5.0744145e-002  3.0000000e+000  1.6000000e+001  2.0000000e+000  1.0700334e-001  2.3000000e+001
  1.2852583e+002 -2.6592224e-002  3.0000000e+000  1.6000000e+001  2.0000000e+000  9.8502163e-002  2.8000000e+001
  3.3666742e+001 -3.7053962e-002  3.0000000e+000  1.6000000e+001  2.0000000e+000  2.5728487e-001  2.9000000e+001
  8.8124097e+000  2.3417946e-002  3.0000000e+000  1.6000000e+001  2.0000000e+000  1.0419093e-001  3.2000000e+001
  4.5269342e+001 -1.0274113e-001  3.0000000e+000  1.6000000e+001  2.0000000e+000  1.4301689e-001  3.3000000e+001
  2.0761473e+001 -8.1528352e-002  3.0000000e+000  1.6000000e+001  2.0000000e+000  3.1080000e-001  3.5000000e+001
  1.3158165e-002 -1.0011580e-004  3.0000000e+000  1.6000000e+001  2.0000000e+000  1.9801446e-001  3.7000000e+001
