  4.2499898e+000  1.3709268e-002  1.0000000e+000  0.0000000e+000  1.0000000e+000  3.1509051e-001  5.0000000e+000
  2.4192008e+001 -6.4921023e-002  1.0000000e+000  0.0000000e+000  1.0000000e+000  5.8092185e-002  6.0000000e+000
 -4.0427633e+001  1.4934283e-001  1.0000000e+000  0.0000000e+000  1.0000000e+000  6.3916497e-002  7.0000000e+000
  1.2085946e+001  3.0911414e-002  1.0000000e+000  0.0000000e+000  1.0000000e+000  3.3637374e-004  8.0000000e+000
 -7.9925685e+000  8.4709268e-002  1.0000000e+000  0.0000000e+000  1.0000000e+000  2.5531471e-001  1.1000000e+001
 -3.6492490e+000  3.7254135e-002  1.0000000e+000  0.0000000e+000  1.0000000e+000  2.3997174e-001  1.2000000e+001
 -1.6407989e+001  1.4210193e-001  1.0000000e+000  0.0000000e+000  1.0000000e+000  1.3417460e-001  1.3000000e+001
  5.4699935e+000 -6.5072539e-002  1.0000000e+000  0.0000000e+000  1.0000000e+000  1.3842489e-001  1.4000000e+001
 -8.1775310e+000 -5.2842087e-003  1.0000000e+000  0.0000000e+000  1.0000000e+000  1.9095037e-001  1.9000000e+001
  3.0020372e+000 -7.3663295e-002  1.0000000e+000  0.0000000e+000  1.0000000e+000  1.1163743e-002  2.0000000e+001
 -4.5056893e+000  2.0739186e-002  1.0000000e+000  0.0000000e+000  1.0000000e+000  3.0085702e-001  2.1000000e+001
 -4.5604147e+000  4.3876394e-002  1.0000000e+000  0.0000000e+000  1.0000000e+000  8.5084171e-002  2.2000000e+001
  2.5472465e+000 -3.8564283e-002  1.0000000e+000  0.0000000e+000  1.0000000e+000  2.1241979e-001  2.3000000e+001
 -6.9584621e-001 -2.0925242e-002  1.0000000e+000  0.0000000e+000  1.0000000e+000  1.1721436e-002  2.4000000e+001
 -5.8685361e+000  1.3414271e-001  1.0000000e+000  0.0000000e+000  1.0000000e+000  2.8698430e-001  2.5000000e+001
 -3.8924266e+000  6.4479596e-002  1.0000000e+000  0.0000000e+000  1.0000000e+000  1.5480157e-001  2.6000000e+001
  9.7314922e+000  4.2180209e-002  1.0000000e+000  0.0000000e+000  1.0000000e+000  2.0256830e-001  2.7000000e+001
  1.5425272e+001 -3.8384900e-002  1.0000000e+000  0.0000000e+000  1.0000000e+000 -5.6056738e-002  3.0000000e+001
 -6.2907086e+000  1.3476896e-002  1.0000000e+000  0.0000000e+000  1.0000000e+000  6.3794143e-002  3.2000000e+001
 -1.2375222e+001  4.6532849e-002  1.0000000e+000  0.0000000e+000  1.0000000e+000  2.1148855e-001  3.3000000e+001
  9.7000417e+000 -5.2730491e-002  1.0000000e+000  0.0000000e+000  1.0000000e+000  2.2743314e-001  3.4000000e+001
 -1.1700324e+001  1.5747725e-001  1.0000000e+000  0.0000000e+000  1.0000000e+000  1.6217110e-001  3.5000000e+001
  3.5218727e-001 -6.9669082e-002  1.0000000e+000  0.0000000e+000  1.0000000e+000  8.5287753e-002  3.6000000e+001
  8.5218751e-001 -1.6179851e-002  1.0000000e+000  0.0000000e+000  1.0000000e+000 -4.5326835e-003  3.7000000e+001
  8.6857265e+000 -6.2213149e-002  1.0000000e+000  0.0000000e+000  1.0000000e+000  9.1389798e-003  3.8000000e+001
 -1.7414881e+000  2.1962193e-002  1.0000000e+000  0.0000000e+000  1.0000000e+000  2.7005440e-001  3.9000000e+001
 -1.3385076e-001  3.7492361e-002  1.0000000e+000  0.0000000e+000  1.0000000e+000  4.9405111e-003  4.2000000e+001
 -3.8101288e+000  1.5637207e-002  1.0000000e+000  0.0000000e+000  1.0000000e+000  2.1871405e-002  4.4000000e+001
  1.4228811e+000  1.8673024e-002  1.0000000e+000  0.0000000e+000  1.0000000e+000  3.2671409e-002  4.5000000e+001
  2.0147147e+000  3.5995319e-002  1.0000000e+000  0.0000000e+000  1.0000000e+000  3.3551988e-001  4.6000000e+001
 -1.2843845e+001  4.9524381e-002  1.0000000e+000  0.0000000e+000  1.0000000e+000  6.5268509e-002  4.8000000e+001
  9.6282064e+000 -9.0489201e-003  1.0000000e+000  0.0000000e+000  2.0000000e+000  6.1051649e-002  2.0000000e+000
 -1.1628058e+001  1.8545929e-001  1.0000000e+000  0.0000000e+000  2.0000000e+000  1.1839959e-001  3.0000000e+000
 -3.9569824e+000 -1.8792716e-002  1.0000000e+000  0.0000000e+000  2.0000000e+000  3.1509051e-001  5.0000000e+000
 -1.9020721e+001  5.9698950e-002  1.0000000e+000  0.0000000e+000  2.0000000e+000  5.8092185e-002  6.0000000e+000
  1.7471296e+001 -1.1325183e-001  1.0000000e+000  0.0000000e+000  2.0000000e+000  6.3916497e-002  7.0000000e+000
  2.7889298e-001 -4.8473208e-002  1.0000000e+000  0.0000000e+000  2.0000000e+000  3.3637374e-004  8.0000000e+000
 -2.9115736e+001  5.5529546e-002  1.0000000e+000  0.0000000e+000  2.0000000e+000  6.1821112e-002  1.0000000e+001
  5.3112702e+000 -5.7854115e-002  1.0000000e+000  0.0000000e+000  2.0000000e+000  2.5531471e-001  1.1000000e+001
 -2.5601573e+000  2.5079420e-002  1.0000000e+000  0.0000000e+000  2.0000000e+000  2.3997174e-001  1.2000000e+001
 -1.1518054e+000 -9.4425567e-003  1.0000000e+000  0.0000000e+000  2.0000000e+000  1.3417460e-001  1.3000000e+001
 -1.3517111e+001  8.0526551e-002  1.0000000e+000  0.0000000e+000  2.0000000e+000  1.3842489e-001  1.4000000e+001
  2.0037370e+001 -1.9399189e-001  1.0000000e+000  0.0000000e+000  2.0000000e+000  1.2633505e-001  1.6000000e+001
  1.3184759e+001 -6.8900941e-003  1.0000000e+000  0.0000000e+000  2.0000000e+000  2.0956823e-001  1.8000000e+001
  4.0805063e+000  2.3926195e-002  1.0000000e+000  0.0000000e+000  2.0000000e+000  1.9095037e-001  1.9000000e+001
  1.7236887e+001 -5.1179973e-002  1.0000000e+000  0.0000000e+000  2.0000000e+000  1.1163743e-002  2.0000000e+001
  6.8938670e+000 -4.2525642e-002  1.0000000e+000  0.0000000e+000  2.0000000e+000  3.0085702e-001  2.1000000e+001
  2.0661072e+000  7.1554543e-004  1.0000000e+000  0.0000000e+000  2.0000000e+000  8.5084171e-002  2.2000000e+001
  1.9989067e+000 -2.7810095e-002  1.0000000e+000  0.0000000e+000  2.0000000e+000  2.1241979e-001  2.3000000e+001
 -3.3698458e+000  3.3056182e-002  1.0000000e+000  0.0000000e+000  2.0000000e+000  1.1721436e-002  2.4000000e+001
 -1.8053456e+001  6.0612580e-002  1.0000000e+000  0.0000000e+000  2.0000000e+000  2.8698430e-001  2.5000000e+001
  4.0074400e+000  4.5174719e-002  1.0000000e+000  0.0000000e+000  2.0000000e+000  1.5480157e-001  2.6000000e+001
 -7.9994277e+000 -4.4324969e-002  1.0000000e+000  0.0000000e+000  2.0000000e+000  2.0256830e-001  2.7000000e+001
  3.7469984e+001 -2.9088689e-001  1.0000000e+000  0.0000000e+000  2.0000000e+000  2.3080126e-001  2.8000000e+001
 -1.3367045e+001  4.5445687e-002  1.0000000e+000  0.0000000e+000  2.0000000e+000 -1.5317338e-002  2.9000000e+001
  2.8138019e+000 -1.9389328e-002  1.0000000e+000  0.0000000e+000  2.0000000e+000 -5.6056738e-002  3.0000000e+001
  3.2813248e+000 -2.1845045e-002  1.0000000e+000  0.0000000e+000  2.0000000e+000  6.3794143e-002  3.2000000e+001
 -2.3653945e+000  6.5795132e-002  1.0000000e+000  0.0000000e+000  2.0000000e+000  2.1148855e-001  3.3000000e+001
 -2.7510938e+000  3.8865320e-002  1.0000000e+000  0.0000000e+000  2.0000000e+000  2.2743314e-001  3.4000000e+001
 -7.2083035e+000  5.6125390e-002  1.0000000e+000  0.0000000e+000  2.0000000e+000  1.6217110e-001  3.5000000e+001
 -1.6096391e+001  8.1320836e-004  1.0000000e+000  0.0000000e+000  2.0000000e+000  8.5287753e-002  3.6000000e+001
  5.0634995e+000 -2.3442543e-002  1.0000000e+000  0.0000000e+000  2.0000000e+000 -4.5326835e-003  3.7000000e+001
  5.4367465e+000 -5.1533234e-002  1.0000000e+000  0.0000000e+000  2.0000000e+000  9.1389798e-003  3.8000000e+001
  1.1568028e+000  1.8250717e-003  1.0000000e+000  0.0000000e+000  2.0000000e+000  2.7005440e-001  3.9000000e+001
 -2.4208398e+000 -4.9054819e-003  1.0000000e+000  0.0000000e+000  2.0000000e+000 -2.1393060e-001  4.1000000e+001
  2.3058996e+000  1.1133914e-002  1.0000000e+000  0.0000000e+000  2.0000000e+000  4.9405111e-003  4.2000000e+001
 -1.3719787e+000 -1.3115641e-002  1.0000000e+000  0.0000000e+000  2.0000000e+000  2.1871405e-002  4.4000000e+001
  8.3196803e+000  4.5384099e-003  1.0000000e+000  0.0000000e+000  2.0000000e+000  3.2671409e-002  4.5000000e+001
  8.9755216e+000 -9.7611924e-002  1.0000000e+000  0.0000000e+000  2.0000000e+000  3.3551988e-001  4.6000000e+001
  1.3372565e+001  3.8900902e-002  1.0000000e+000  0.0000000e+000  2.0000000e+000  6.5268509e-002  4.8000000e+001
 -5.4194289e-001 -4.6868010e-002  1.0000000e+000  0.0000000e+000  2.0000000e+000 -2.4550482e-002  4.9000000e+001
  3.8769575e+000  4.3852202e-002  1.0000000e+000  0.0000000e+000  2.0000000e+000  7.8629512e-002  5.0000000e+001
  1.5373230e+001 -6.9677148e-002  3.0000000e+000  0.0000000e+000  1.0000000e+000 -2.2395476e-002  2.0000000e+000
 -1.5123017e+001  8.9377491e-002  3.0000000e+000  0.0000000e+000  1.0000000e+000  7.3785601e-002  3.0000000e+000
 -2.1929186e+000  2.1811680e-003  3.0000000e+000  0.0000000e+000  1.0000000e+000  1.5952029e-001  5.0000000e+000
  6.7374096e+000 -1.7256240e-002  3.0000000e+000  0.0000000e+000  1.0000000e+000 -9.9621161e-002  6.0000000e+000
  7.9185252e+000  2.9547119e-002  3.0000000e+000  0.0000000e+000  1.0000000e+000  9.7829970e-002  7.0000000e+000
  4.5739271e+000  5.0038455e-002  3.0000000e+000  0.0000000e+000  1.0000000e+000 -7.6981189e-002  8.0000000e+000
  2.3860273e+000 -1.3428942e-002  3.0000000e+000  0.0000000e+000  1.0000000e+000 -8.0070551e-002  1.0000000e+001
 -5.9401752e+000  1.3759837e-001  3.0000000e+000  0.0000000e+000  1.0000000e+000  4.6583511e-002  1.1000000e+001
  5.5527829e+000 -3.9065811e-002  3.0000000e+000  0.0000000e+000  1.0000000e+000  3.3702252e-001  1.2000000e+001
  1.1257824e+001 -4.9454637e-002  3.0000000e+000  0.0000000e+000  1.0000000e+000 -4.1246571e-002  1.3000000e+001
 -9.6642182e+000 -1.3022050e-003  3.0000000e+000  0.0000000e+000  1.0000000e+000  2.1417062e-001  1.4000000e+001
  1.5230926e+001 -1.9743342e-002  3.0000000e+000  0.0000000e+000  1.0000000e+000  1.2799729e-001  1.6000000e+001
 -1.4147733e+000  1.8870942e-002  3.0000000e+000  0.0000000e+000  1.0000000e+000  1.3591433e-001  1.8000000e+001
  6.5577154e+000 -1.9794887e-002  3.0000000e+000  0.0000000e+000  1.0000000e+000  1.2077572e-001  1.9000000e+001
  1.8290338e+000 -6.7061166e-002  3.0000000e+000  0.0000000e+000  1.0000000e+000 -9.3455879e-003  2.0000000e+001
  1.3052402e+001  3.2961581e-002  3.0000000e+000  0.0000000e+000  1.0000000e+000  1.2663882e-001  2.1000000e+001
 -1.7941986e+000  1.1723241e-002  3.0000000e+000  0.0000000e+000  1.0000000e+000  2.5467370e-001  2.2000000e+001
 -4.2624736e+000  1.2114819e-002  3.0000000e+000  0.0000000e+000  1.0000000e+000  1.0700334e-001  2.3000000e+001
  1.1189371e+001 -6.9592207e-002  3.0000000e+000  0.0000000e+000  1.0000000e+000 -1.0128599e-001  2.4000000e+001
 -1.0860428e+001  1.0021957e-001  3.0000000e+000  0.0000000e+000  1.0000000e+000  1.1746292e-001  2.5000000e+001
 -5.1316025e+000 -6.2835393e-002  3.0000000e+000  0.0000000e+000  1.0000000e+000  1.7751999e-001  2.6000000e+001
 -3.6820261e+000  5.8736860e-002  3.0000000e+000  0.0000000e+000  1.0000000e+000  1.4811271e-001  2.7000000e+001
  1.5066583e+001 -2.8557666e-002  3.0000000e+000  0.0000000e+000  1.0000000e+000  9.8502163e-002  2.8000000e+001
 -1.4354817e+000  1.8877427e-002  3.0000000e+000  0.0000000e+000  1.0000000e+000  2.5728487e-001  2.9000000e+001
  5.0384886e+000  1.9937147e-003  3.0000000e+000  0.0000000e+000  1.0000000e+000  1.8591925e-001  3.0000000e+001
  3.1378030e+000  1.1558944e-002  3.0000000e+000  0.0000000e+000  1.0000000e+000  1.0419093e-001  3.2000000e+001
  1.2275158e+001  1.8214879e-002  3.0000000e+000  0.0000000e+000  1.0000000e+000  1.4301689e-001  3.3000000e+001
  2.8603619e+000 -1.3749986e-002  3.0000000e+000  0.0000000e+000  1.0000000e+000  3.0113477e-001  3.4000000e+001
 -7.3559240e+000  6.2355984e-002  3.0000000e+000  0.0000000e+000  1.0000000e+000  3.1080000e-001  3.5000000e+001
  1.0207357e+001 -7.5791871e-003  3.0000000e+000  0.0000000e+000  1.0000000e+000  1.4168478e-001  3.6000000e+001
  3.4815544e+000 -1.7918418e-002  3.0000000e+000  0.0000000e+000  1.0000000e+000  1.9801446e-001  3.7000000e+001
 -9.3739446e-001  1.1810048e-002  3.0000000e+000  0.0000000e+000  1.0000000e+000  1.2283855e-001  3.8000000e+001
  9.7496974e+000 -5.0360667e-002  3.0000000e+000  0.0000000e+000  1.0000000e+000  1.6742616e-001  3.9000000e+001
  4.3436798e+000 -4.1912718e-002  3.0000000e+000  0.0000000e+000  1.0000000e+000  1.7716536e-001  4.1000000e+001
 -2.0080618e+000  1.6690330e-002  3.0000000e+000  0.0000000e+000  1.0000000e+000  9.6888598e-002  4.2000000e+001
 -8.4959519e+000 -4.8019682e-003  3.0000000e+000  0.0000000e+000  1.0000000e+000 -1.5616085e-002  4.4000000e+001
  1.1225644e+000 -2.8983321e-004  3.0000000e+000  0.0000000e+000  1.0000000e+000  2.6145292e-001  4.5000000e+001
 -3.4970517e+000  2.9111287e-002  3.0000000e+000  0.0000000e+000  1.0000000e+000  3.8821470e-001  4.6000000e+001
 -2.4721284e+001  1.4714911e-001  3.0000000e+000  0.0000000e+000  1.0000000e+000  6.7455068e-002  4.8000000e+001
  6.9330552e+000 -7.8292782e-002  3.0000000e+000  0.0000000e+000  1.0000000e+000  1.5721959e-001  4.9000000e+001
 -1.4652482e+000  8.8165842e-002  3.0000000e+000  0.0000000e+000  1.0000000e+000  4.0898801e-002  5.0000000e+001
  8.4806128e+000 -3.9402389e-002  3.0000000e+000  0.0000000e+000  2.0000000e+000 -2.2395476e-002  2.0000000e+000
 -3.9655487e+000  1.2054636e-001  3.0000000e+000  0.0000000e+000  2.0000000e+000  7.3785601e-002  3.0000000e+000
  5.6402112e+000 -1.4991156e-002  3.0000000e+000  0.0000000e+000  2.0000000e+000  1.5952029e-001  5.0000000e+000
 -1.1163992e+001  8.2105226e-002  3.0000000e+000  0.0000000e+000  2.0000000e+000 -9.9621161e-002  6.0000000e+000
 -1.2042909e+000  8.0384334e-002  3.0000000e+000  0.0000000e+000  2.0000000e+000  9.7829970e-002  7.0000000e+000
  3.9459870e+000 -5.0564194e-003  3.0000000e+000  0.0000000e+000  2.0000000e+000 -7.6981189e-002  8.0000000e+000
 -8.7136984e+000  1.4105278e-003  3.0000000e+000  0.0000000e+000  2.0000000e+000 -8.0070551e-002  1.0000000e+001
 -2.4511397e-001  2.7793711e-002  3.0000000e+000  0.0000000e+000  2.0000000e+000  4.6583511e-002  1.1000000e+001
  1.0202671e+001 -7.6280274e-003  3.0000000e+000  0.0000000e+000  2.0000000e+000  3.3702252e-001  1.2000000e+001
  6.2194821e+000  2.4195196e-002  3.0000000e+000  0.0000000e+000  2.0000000e+000 -4.1246571e-002  1.3000000e+001
 -2.5593594e+001  1.4270562e-001  3.0000000e+000  0.0000000e+000  2.0000000e+000  2.1417062e-001  1.4000000e+001
  2.1720251e+001 -8.2925799e-002  3.0000000e+000  0.0000000e+000  2.0000000e+000  1.2799729e-001  1.6000000e+001
  5.6656411e+000 -3.2192355e-002  3.0000000e+000  0.0000000e+000  2.0000000e+000  1.3591433e-001  1.8000000e+001
  2.6232134e-001  3.3867937e-002  3.0000000e+000  0.0000000e+000  2.0000000e+000  1.2077572e-001  1.9000000e+001
  7.1202123e+000 -9.1860296e-004  3.0000000e+000  0.0000000e+000  2.0000000e+000 -9.3455879e-003  2.0000000e+001
  2.4311044e+000  5.9198497e-002  3.0000000e+000  0.0000000e+000  2.0000000e+000  1.2663882e-001  2.1000000e+001
  1.0053826e+001 -4.5836645e-002  3.0000000e+000  0.0000000e+000  2.0000000e+000  2.5467370e-001  2.2000000e+001
 -5.0346022e-001 -1.4790257e-002  3.0000000e+000  0.0000000e+000  2.0000000e+000  1.0700334e-001  2.3000000e+001
  2.0065039e+000  5.6205325e-002  3.0000000e+000  0.0000000e+000  2.0000000e+000 -1.0128599e-001  2.4000000e+001
 -2.5288625e+001  8.8505900e-002  3.0000000e+000  0.0000000e+000  2.0000000e+000  1.1746292e-001  2.5000000e+001
 -8.2988193e+000  4.6715147e-002  3.0000000e+000  0.0000000e+000  2.0000000e+000  1.7751999e-001  2.6000000e+001
 -5.5738651e+000 -1.2039897e-002  3.0000000e+000  0.0000000e+000  2.0000000e+000  1.4811271e-001  2.7000000e+001
 -6.2012345e+000 -5.9027191e-003  3.0000000e+000  0.0000000e+000  2.0000000e+000  9.8502163e-002  2.8000000e+001
 -1.6258585e+001  8.8341872e-002  3.0000000e+000  0.0000000e+000  2.0000000e+000  2.5728487e-001  2.9000000e+001
  1.1630999e+001 -9.3837314e-002  3.0000000e+000  0.0000000e+000  2.0000000e+000  1.8591925e-001  3.0000000e+001
  1.2190583e+001  1.2501690e-002  3.0000000e+000  0.0000000e+000  2.0000000e+000  1.0419093e-001  3.2000000e+001
  1.5545775e+001  2.2196952e-002  3.0000000e+000  0.0000000e+000  2.0000000e+000  1.4301689e-001  3.3000000e+001
  5.2812388e+000 -8.0455249e-003  3.0000000e+000  0.0000000e+000  2.0000000e+000  3.0113477e-001  3.4000000e+001
 -7.8334643e+000  5.4572924e-002  3.0000000e+000  0.0000000e+000  2.0000000e+000  3.1080000e-001  3.5000000e+001
 -2.2544201e+001  3.0394306e-002  3.0000000e+000  0.0000000e+000  2.0000000e+000  1.4168478e-001  3.6000000e+001
 -2.0075675e+000  1.6250740e-002  3.0000000e+000  0.0000000e+000  2.0000000e+000  1.9801446e-001  3.7000000e+001
  1.6942186e+000 -5.8458421e-002  3.0000000e+000  0.0000000e+000  2.0000000e+000  1.2283855e-001  3.8000000e+001
  9.6317526e+000 -3.1610139e-002  3.0000000e+000  0.0000000e+000  2.0000000e+000  1.6742616e-001  3.9000000e+001
 -1.2636643e+000  2.0684802e-002  3.0000000e+000  0.0000000e+000  2.0000000e+000  1.7716536e-001  4.1000000e+001
  2.7348925e+000 -3.7120770e-002  3.0000000e+000  0.0000000e+000  2.0000000e+000  9.6888598e-002  4.2000000e+001
  2.0234815e+000 -4.6520554e-002  3.0000000e+000  0.0000000e+000  2.0000000e+000 -1.5616085e-002  4.4000000e+001
  1.5499024e+001 -7.3532672e-003  3.0000000e+000  0.0000000e+000  2.0000000e+000  2.6145292e-001  4.5000000e+001
 -8.8187579e+000 -1.2871168e-002  3.0000000e+000  0.0000000e+000  2.0000000e+000  3.8821470e-001  4.6000000e+001
  1.4166182e+000  1.2388134e-002  3.0000000e+000  0.0000000e+000  2.0000000e+000  6.7455068e-002  4.8000000e+001
 -1.0921676e+000  6.0215010e-002  3.0000000e+000  0.0000000e+000  2.0000000e+000  1.5721959e-001  4.9000000e+001
 -1.8795152e-001 -7.8718301e-003  3.0000000e+000  0.0000000e+000  2.0000000e+000  4.0898801e-002  5.0000000e+001
 -8.9834705e+000  2.7159856e-002  1.0000000e+000  2.0000000e+000  1.0000000e+000  6.1051649e-002  2.0000000e+000
  3.8621787e+000 -6.6616758e-002  1.0000000e+000  2.0000000e+000  1.0000000e+000  1.1839959e-001  3.0000000e+000
  8.3830629e+000 -2.0476447e-002  1.0000000e+000  2.0000000e+000  1.0000000e+000  3.1509051e-001  5.0000000e+000
  1.3926212e+001 -9.1533568e-003  1.0000000e+000  2.0000000e+000  1.0000000e+000  5.8092185e-002  6.0000000e+000
 -1.0844424e+000 -3.5723366e-002  1.0000000e+000  2.0000000e+000  1.0000000e+000  6.3916497e-002  7.0000000e+000
  7.6134201e+000 -7.1892051e-002  1.0000000e+000  2.0000000e+000  1.0000000e+000  3.3637374e-004  8.0000000e+000
  1.0093558e+001 -4.1742752e-002  1.0000000e+000  2.0000000e+000  1.0000000e+000  6.1821112e-002  1.0000000e+001
  7.1170429e+000 -1.1253233e-002  1.0000000e+000  2.0000000e+000  1.0000000e+000  2.5531471e-001  1.1000000e+001
 -3.8633884e+000  7.2724696e-002  1.0000000e+000  2.0000000e+000  1.0000000e+000  2.3997174e-001  1.2000000e+001
 -1.5331955e+001  5.8675594e-002  1.0000000e+000  2.0000000e+000  1.0000000e+000  1.3417460e-001  1.3000000e+001
 -1.0383752e+001  7.6737155e-003  1.0000000e+000  2.0000000e+000  1.0000000e+000  1.3842489e-001  1.4000000e+001
 -1.6157201e+001  2.1150998e-002  1.0000000e+000  2.0000000e+000  1.0000000e+000  1.2633505e-001  1.6000000e+001
 -8.5389894e-001 -2.7489843e-002  1.0000000e+000  2.0000000e+000  1.0000000e+000  2.0956823e-001  1.8000000e+001
  6.4809064e+000 -9.8305572e-003  1.0000000e+000  2.0000000e+000  1.0000000e+000  1.9095037e-001  1.9000000e+001
 -2.5470482e+000  6.2646108e-003  1.0000000e+000  2.0000000e+000  1.0000000e+000  1.1163743e-002  2.0000000e+001
  5.7289949e+000 -4.7995810e-002  1.0000000e+000  2.0000000e+000  1.0000000e+000  3.0085702e-001  2.1000000e+001
  2.0509880e+000 -1.6438891e-003  1.0000000e+000  2.0000000e+000  1.0000000e+000  8.5084171e-002  2.2000000e+001
  1.4376340e+000 -3.2309709e-002  1.0000000e+000  2.0000000e+000  1.0000000e+000  2.1241979e-001  2.3000000e+001
  1.6165536e+000 -2.8955012e-002  1.0000000e+000  2.0000000e+000  1.0000000e+000  1.1721436e-002  2.4000000e+001
 -1.2050583e+001  1.4006462e-001  1.0000000e+000  2.0000000e+000  1.0000000e+000  2.8698430e-001  2.5000000e+001
 -9.9967449e+000  7.5264825e-002  1.0000000e+000  2.0000000e+000  1.0000000e+000  1.5480157e-001  2.6000000e+001
  1.9356624e+000 -5.6160602e-002  1.0000000e+000  2.0000000e+000  1.0000000e+000  2.0256830e-001  2.7000000e+001
  4.9100695e+001 -1.4090200e-001  1.0000000e+000  2.0000000e+000  1.0000000e+000  2.3080126e-001  2.8000000e+001
 -4.8216976e+000  7.4246945e-003  1.0000000e+000  2.0000000e+000  1.0000000e+000 -1.5317338e-002  2.9000000e+001
 -6.1446397e+000  8.9846352e-002  1.0000000e+000  2.0000000e+000  1.0000000e+000 -5.6056738e-002  3.0000000e+001
  7.4938211e+000 -3.9777467e-002  1.0000000e+000  2.0000000e+000  1.0000000e+000  6.3794143e-002  3.2000000e+001
  5.8107489e-001 -8.4875621e-002  1.0000000e+000  2.0000000e+000  1.0000000e+000  2.1148855e-001  3.3000000e+001
  1.9702036e+001 -8.8664656e-002  1.0000000e+000  2.0000000e+000  1.0000000e+000  2.2743314e-001  3.4000000e+001
 -5.0070349e+000  3.9654987e-002  1.0000000e+000  2.0000000e+000  1.0000000e+000  1.6217110e-001  3.5000000e+001
 -1.2509825e+001 -5.9695404e-002  1.0000000e+000  2.0000000e+000  1.0000000e+000  8.5287753e-002  3.6000000e+001
  1.6329164e-001  1.6915189e-003  1.0000000e+000  2.0000000e+000  1.0000000e+000 -4.5326835e-003  3.7000000e+001
  7.9440556e-001 -2.5994639e-002  1.0000000e+000  2.0000000e+000  1.0000000e+000  9.1389798e-003  3.8000000e+001
  3.9514108e+000  5.5629212e-003  1.0000000e+000  2.0000000e+000  1.0000000e+000  2.7005440e-001  3.9000000e+001
 -1.3460050e+001  7.1087444e-003  1.0000000e+000  2.0000000e+000  1.0000000e+000 -2.1393060e-001  4.1000000e+001
 -7.1365066e+000  3.9291753e-002  1.0000000e+000  2.0000000e+000  1.0000000e+000  4.9405111e-003  4.2000000e+001
 -5.1251700e+000  3.3775096e-002  1.0000000e+000  2.0000000e+000  1.0000000e+000  2.1871405e-002  4.4000000e+001
 -1.8810314e+000 -2.5491003e-002  1.0000000e+000  2.0000000e+000  1.0000000e+000  3.2671409e-002  4.5000000e+001
  1.1216469e+001 -3.1195203e-002  1.0000000e+000  2.0000000e+000  1.0000000e+000  3.3551988e-001  4.6000000e+001
  2.7633901e+001 -1.7414957e-001  1.0000000e+000  2.0000000e+000  1.0000000e+000  6.5268509e-002  4.8000000e+001
 -4.8052567e+000 -4.7956916e-003  1.0000000e+000  2.0000000e+000  1.0000000e+000  7.8629512e-002  5.0000000e+001
 -9.6378873e+000  4.9599349e-002  1.0000000e+000  2.0000000e+000  2.0000000e+000  6.1051649e-002  2.0000000e+000
  2.1914101e+001 -6.3943965e-002  1.0000000e+000  2.0000000e+000  2.0000000e+000  1.1839959e-001  3.0000000e+000
  2.2526722e+001  3.6686029e-003  1.0000000e+000  2.0000000e+000  2.0000000e+000  3.1509051e-001  5.0000000e+000
  5.6706553e+000  7.7192771e-002  1.0000000e+000  2.0000000e+000  2.0000000e+000  5.8092185e-002  6.0000000e+000
 -1.2793558e+000 -4.0771517e-002  1.0000000e+000  2.0000000e+000  2.0000000e+000  6.3916497e-002  7.0000000e+000
 -3.5588025e+000  7.7773151e-002  1.0000000e+000  2.0000000e+000  2.0000000e+000  3.3637374e-004  8.0000000e+000
  1.7733851e+001  1.1633685e-001  1.0000000e+000  2.0000000e+000  2.0000000e+000  6.1821112e-002  1.0000000e+001
  2.2249021e+000 -9.6020006e-003  1.0000000e+000  2.0000000e+000  2.0000000e+000  2.5531471e-001  1.1000000e+001
 -1.0518368e+001  4.0070508e-002  1.0000000e+000  2.0000000e+000  2.0000000e+000  2.3997174e-001  1.2000000e+001
 -7.5716034e+000 -1.0389689e-001  1.0000000e+000  2.0000000e+000  2.0000000e+000  1.3417460e-001  1.3000000e+001
  2.2669710e+001 -6.8916666e-002  1.0000000e+000  2.0000000e+000  2.0000000e+000  1.3842489e-001  1.4000000e+001
 -1.2667907e+001  1.1677246e-002  1.0000000e+000  2.0000000e+000  2.0000000e+000  1.2633505e-001  1.6000000e+001
 -7.7433416e+000  6.8252532e-002  1.0000000e+000  2.0000000e+000  2.0000000e+000  2.0956823e-001  1.8000000e+001
 -5.0762709e+000 -8.1996998e-002  1.0000000e+000  2.0000000e+000  2.0000000e+000  1.9095037e-001  1.9000000e+001
 -1.7947667e+001 -1.2910348e-001  1.0000000e+000  2.0000000e+000  2.0000000e+000  1.1163743e-002  2.0000000e+001
  1.6650184e+001 -4.9543189e-002  1.0000000e+000  2.0000000e+000  2.0000000e+000  3.0085702e-001  2.1000000e+001
  4.3395453e+000 -1.3851044e-002  1.0000000e+000  2.0000000e+000  2.0000000e+000  8.5084171e-002  2.2000000e+001
  2.0469607e+000 -1.6600903e-002  1.0000000e+000  2.0000000e+000  2.0000000e+000  2.1241979e-001  2.3000000e+001
 -2.3552891e+000  2.4571956e-002  1.0000000e+000  2.0000000e+000  2.0000000e+000  1.1721436e-002  2.4000000e+001
 -1.3093829e+001  3.5023544e-002  1.0000000e+000  2.0000000e+000  2.0000000e+000  1.5480157e-001  2.6000000e+001
  7.1537330e+000  6.7666284e-002  1.0000000e+000  2.0000000e+000  2.0000000e+000  2.0256830e-001  2.7000000e+001
 -3.0596012e+001  3.0242181e-001  1.0000000e+000  2.0000000e+000  2.0000000e+000  2.3080126e-001  2.8000000e+001
  2.2260150e+001 -8.2449843e-002  1.0000000e+000  2.0000000e+000  2.0000000e+000 -1.5317338e-002  2.9000000e+001
 -2.5474544e+001  1.4772605e-001  1.0000000e+000  2.0000000e+000  2.0000000e+000 -5.6056738e-002  3.0000000e+001
  9.9501590e+000 -7.1026248e-002  1.0000000e+000  2.0000000e+000  2.0000000e+000  6.3794143e-002  3.2000000e+001
 -3.4104817e+001  5.0547326e-002  1.0000000e+000  2.0000000e+000  2.0000000e+000  2.1148855e-001  3.3000000e+001
 -6.6156080e-001  5.5272742e-002  1.0000000e+000  2.0000000e+000  2.0000000e+000  2.2743314e-001  3.4000000e+001
 -5.7305099e+000  9.1280498e-002  1.0000000e+000  2.0000000e+000  2.0000000e+000  1.6217110e-001  3.5000000e+001
  1.1165389e+001 -4.7668530e-002  1.0000000e+000  2.0000000e+000  2.0000000e+000 -4.5326835e-003  3.7000000e+001
 -1.0551313e+001  9.4699981e-002  1.0000000e+000  2.0000000e+000  2.0000000e+000  9.1389798e-003  3.8000000e+001
 -5.2242236e+000 -2.9332281e-003  1.0000000e+000  2.0000000e+000  2.0000000e+000  2.7005440e-001  3.9000000e+001
 -4.8686739e+000 -4.7552780e-002  1.0000000e+000  2.0000000e+000  2.0000000e+000 -2.1393060e-001  4.1000000e+001
 -2.9325359e+000  3.1947705e-002  1.0000000e+000  2.0000000e+000  2.0000000e+000  4.9405111e-003  4.2000000e+001
  2.9410804e+000 -1.0533931e-002  1.0000000e+000  2.0000000e+000  2.0000000e+000  2.1871405e-002  4.4000000e+001
  1.4217207e+001 -3.5463161e-002  1.0000000e+000  2.0000000e+000  2.0000000e+000  3.2671409e-002  4.5000000e+001
  3.7736215e+000 -2.7077564e-002  1.0000000e+000  2.0000000e+000  2.0000000e+000  3.3551988e-001  4.6000000e+001
  5.0857957e+000  4.7320665e-002  1.0000000e+000  2.0000000e+000  2.0000000e+000  6.5268509e-002  4.8000000e+001
  1.0610079e+001 -2.2922156e-002  1.0000000e+000  2.0000000e+000  2.0000000e+000 -2.4550482e-002  4.9000000e+001
 -3.9629574e+001  5.3833425e-002  1.0000000e+000  2.0000000e+000  2.0000000e+000  7.8629512e-002  5.0000000e+001
  5.4974105e-001 -1.4040008e-002  3.0000000e+000  2.0000000e+000  1.0000000e+000 -2.2395476e-002  2.0000000e+000
  1.7242861e+000 -3.7625910e-002  3.0000000e+000  2.0000000e+000  1.0000000e+000  7.3785601e-002  3.0000000e+000
  7.1760317e+000 -1.4238517e-002  3.0000000e+000  2.0000000e+000  1.0000000e+000  1.5952029e-001  5.0000000e+000
 -1.2756796e+001 -2.3938926e-003  3.0000000e+000  2.0000000e+000  1.0000000e+000 -9.9621161e-002  6.0000000e+000
 -3.9675071e-001  3.3873092e-003  3.0000000e+000  2.0000000e+000  1.0000000e+000  9.7829970e-002  7.0000000e+000
  4.4821229e-001  5.0929935e-002  3.0000000e+000  2.0000000e+000  1.0000000e+000 -7.6981189e-002  8.0000000e+000
  1.0719521e+001 -4.7296314e-002  3.0000000e+000  2.0000000e+000  1.0000000e+000 -8.0070551e-002  1.0000000e+001
 -1.4599233e+000  2.4008034e-002  3.0000000e+000  2.0000000e+000  1.0000000e+000  4.6583511e-002  1.1000000e+001
  8.8154383e+000 -3.6159116e-002  3.0000000e+000  2.0000000e+000  1.0000000e+000  3.3702252e-001  1.2000000e+001
  2.3004198e+001 -1.9513879e-002  3.0000000e+000  2.0000000e+000  1.0000000e+000 -4.1246571e-002  1.3000000e+001
  6.7009030e-001 -3.0557774e-002  3.0000000e+000  2.0000000e+000  1.0000000e+000  2.1417062e-001  1.4000000e+001
  1.0514072e+001 -3.6522551e-002  3.0000000e+000  2.0000000e+000  1.0000000e+000  1.2799729e-001  1.6000000e+001
  1.1794643e+000  1.5659168e-002  3.0000000e+000  2.0000000e+000  1.0000000e+000  1.3591433e-001  1.8000000e+001
  1.1191471e+000  3.6560718e-003  3.0000000e+000  2.0000000e+000  1.0000000e+000  1.2077572e-001  1.9000000e+001
 -3.6872887e+000  2.1360872e-002  3.0000000e+000  2.0000000e+000  1.0000000e+000 -9.3455879e-003  2.0000000e+001
  1.2270761e+000  3.3900794e-002  3.0000000e+000  2.0000000e+000  1.0000000e+000  1.2663882e-001  2.1000000e+001
 -2.3583332e+000  1.7292325e-002  3.0000000e+000  2.0000000e+000  1.0000000e+000  2.5467370e-001  2.2000000e+001
  5.5526434e+000 -3.4174141e-002  3.0000000e+000  2.0000000e+000  1.0000000e+000  1.0700334e-001  2.3000000e+001
  2.8149999e+000 -2.0025081e-002  3.0000000e+000  2.0000000e+000  1.0000000e+000 -1.0128599e-001  2.4000000e+001
  4.6686980e+000 -2.5842672e-002  3.0000000e+000  2.0000000e+000  1.0000000e+000  1.1746292e-001  2.5000000e+001
 -4.5437076e+000  2.7739121e-002  3.0000000e+000  2.0000000e+000  1.0000000e+000  1.7751999e-001  2.6000000e+001
  1.4974350e+000 -4.1029656e-002  3.0000000e+000  2.0000000e+000  1.0000000e+000  1.4811271e-001  2.7000000e+001
  9.2780704e-001 -3.4303441e-002  3.0000000e+000  2.0000000e+000  1.0000000e+000  9.8502163e-002  2.8000000e+001
  5.1468885e+000 -5.3956588e-002  3.0000000e+000  2.0000000e+000  1.0000000e+000  2.5728487e-001  2.9000000e+001
  7.6087232e+000 -1.4634139e-002  3.0000000e+000  2.0000000e+000  1.0000000e+000  1.8591925e-001  3.0000000e+001
 -3.1812852e+000  3.2996589e-002  3.0000000e+000  2.0000000e+000  1.0000000e+000  1.0419093e-001  3.2000000e+001
  1.4272766e+001 -7.3338647e-003  3.0000000e+000  2.0000000e+000  1.0000000e+000  1.4301689e-001  3.3000000e+001
 -6.4040453e-001 -3.6052300e-002  3.0000000e+000  2.0000000e+000  1.0000000e+000  3.0113477e-001  3.4000000e+001
 -6.8846184e-001 -7.6945005e-003  3.0000000e+000  2.0000000e+000  1.0000000e+000  3.1080000e-001  3.5000000e+001
  1.1276327e+001  1.8298695e-002  3.0000000e+000  2.0000000e+000  1.0000000e+000  1.4168478e-001  3.6000000e+001
 -3.9822302e+000  4.9886578e-002  3.0000000e+000  2.0000000e+000  1.0000000e+000  1.9801446e-001  3.7000000e+001
  6.0551700e+000 -2.9784368e-002  3.0000000e+000  2.0000000e+000  1.0000000e+000  1.2283855e-001  3.8000000e+001
 -3.3449909e+000  9.2145293e-003  3.0000000e+000  2.0000000e+000  1.0000000e+000  1.6742616e-001  3.9000000e+001
  1.7876440e+000  4.9337258e-002  3.0000000e+000  2.0000000e+000  1.0000000e+000  1.7716536e-001  4.1000000e+001
  3.1995741e+000 -5.2398036e-003  3.0000000e+000  2.0000000e+000  1.0000000e+000  9.6888598e-002  4.2000000e+001
  2.3402693e+000  8.8398682e-003  3.0000000e+000  2.0000000e+000  1.0000000e+000 -1.5616085e-002  4.4000000e+001
  3.9520435e-001 -1.7246207e-002  3.0000000e+000  2.0000000e+000  1.0000000e+000  2.6145292e-001  4.5000000e+001
  9.1280371e+000 -1.0087602e-002  3.0000000e+000  2.0000000e+000  1.0000000e+000  3.8821470e-001  4.6000000e+001
  9.2256364e+000 -9.1635829e-002  3.0000000e+000  2.0000000e+000  1.0000000e+000  6.7455068e-002  4.8000000e+001
 -1.1606996e+000 -2.6918574e-002  3.0000000e+000  2.0000000e+000  1.0000000e+000  1.5721959e-001  4.9000000e+001
  5.6242655e+000 -1.9386086e-002  3.0000000e+000  2.0000000e+000  1.0000000e+000  4.0898801e-002  5.0000000e+001
 -1.5810574e+000  6.6140987e-002  3.0000000e+000  2.0000000e+000  2.0000000e+000 -2.2395476e-002  2.0000000e+000
  4.1426229e+000  1.3392643e-001  3.0000000e+000  2.0000000e+000  2.0000000e+000  7.3785601e-002  3.0000000e+000
  6.3804143e+000 -5.4032957e-002  3.0000000e+000  2.0000000e+000  2.0000000e+000  1.5952029e-001  5.0000000e+000
  2.1442054e+001 -1.6079280e-001  3.0000000e+000  2.0000000e+000  2.0000000e+000 -9.9621161e-002  6.0000000e+000
  3.2640464e+001  2.9388926e-002  3.0000000e+000  2.0000000e+000  2.0000000e+000  9.7829970e-002  7.0000000e+000
 -8.7972670e+000  6.8636792e-002  3.0000000e+000  2.0000000e+000  2.0000000e+000 -7.6981189e-002  8.0000000e+000
  2.6668730e+001 -2.4200642e-002  3.0000000e+000  2.0000000e+000  2.0000000e+000 -8.0070551e-002  1.0000000e+001
 -1.2603098e+000  3.8508242e-002  3.0000000e+000  2.0000000e+000  2.0000000e+000  4.6583511e-002  1.1000000e+001
  9.5450963e+000 -7.9510691e-002  3.0000000e+000  2.0000000e+000  2.0000000e+000  3.3702252e-001  1.2000000e+001
 -4.6589581e+001  1.2736891e-001  3.0000000e+000  2.0000000e+000  2.0000000e+000 -4.1246571e-002  1.3000000e+001
  1.1833492e+001 -2.4460219e-002  3.0000000e+000  2.0000000e+000  2.0000000e+000  2.1417062e-001  1.4000000e+001
 -4.8168937e+001 -1.0936773e-001  3.0000000e+000  2.0000000e+000  2.0000000e+000  1.2799729e-001  1.6000000e+001
 -4.2182475e+000  3.9136419e-002  3.0000000e+000  2.0000000e+000  2.0000000e+000  1.3591433e-001  1.8000000e+001
  6.4795810e+001 -3.4801739e-001  3.0000000e+000  2.0000000e+000  2.0000000e+000  1.2077572e-001  1.9000000e+001
 -2.0731914e+001 -9.3980656e-002  3.0000000e+000  2.0000000e+000  2.0000000e+000 -9.3455879e-003  2.0000000e+001
  9.3923597e+000 -1.0586130e-002  3.0000000e+000  2.0000000e+000  2.0000000e+000  1.2663882e-001  2.1000000e+001
  1.3950220e+000  5.1813141e-003  3.0000000e+000  2.0000000e+000  2.0000000e+000  2.5467370e-001  2.2000000e+001
  6.7536289e+000 -3.1657531e-002  3.0000000e+000  2.0000000e+000  2.0000000e+000  1.0700334e-001  2.3000000e+001
  6.9964114e+000 -3.6747949e-002  3.0000000e+000  2.0000000e+000  2.0000000e+000 -1.0128599e-001  2.4000000e+001
 -1.3830200e+001  7.4169054e-002  3.0000000e+000  2.0000000e+000  2.0000000e+000  1.1746292e-001  2.5000000e+001
  4.9764277e+000 -4.3146174e-002  3.0000000e+000  2.0000000e+000  2.0000000e+000  1.7751999e-001  2.6000000e+001
  1.4804261e+001 -9.8795983e-003  3.0000000e+000  2.0000000e+000  2.0000000e+000  1.4811271e-001  2.7000000e+001
 -1.8961850e+001  8.0741100e-002  3.0000000e+000  2.0000000e+000  2.0000000e+000  9.8502163e-002  2.8000000e+001
  1.1681361e+001 -1.0684846e-001  3.0000000e+000  2.0000000e+000  2.0000000e+000  2.5728487e-001  2.9000000e+001
 -1.9962339e+001  1.2605596e-001  3.0000000e+000  2.0000000e+000  2.0000000e+000  1.8591925e-001  3.0000000e+001
  5.8081437e+000 -7.4546309e-002  3.0000000e+000  2.0000000e+000  2.0000000e+000  1.0419093e-001  3.2000000e+001
 -7.5136970e+000  2.7537173e-002  3.0000000e+000  2.0000000e+000  2.0000000e+000  1.4301689e-001  3.3000000e+001
 -4.9326128e+000  3.5909240e-002  3.0000000e+000  2.0000000e+000  2.0000000e+000  3.0113477e-001  3.4000000e+001
  3.1772607e+000 -1.5450592e-002  3.0000000e+000  2.0000000e+000  2.0000000e+000  3.1080000e-001  3.5000000e+001
  4.4163198e+000  3.6771391e-002  3.0000000e+000  2.0000000e+000  2.0000000e+000  1.4168478e-001  3.6000000e+001
  1.0008688e+000  2.2656667e-002  3.0000000e+000  2.0000000e+000  2.0000000e+000  1.9801446e-001  3.7000000e+001
  4.8121312e+000  1.4737161e-002  3.0000000e+000  2.0000000e+000  2.0000000e+000  1.2283855e-001  3.8000000e+001
  4.9208449e+000 -3.9655518e-002  3.0000000e+000  2.0000000e+000  2.0000000e+000  1.6742616e-001  3.9000000e+001
  4.7920681e+000 -5.3466830e-002  3.0000000e+000  2.0000000e+000  2.0000000e+000  1.7716536e-001  4.1000000e+001
  2.4826052e-001  7.4708437e-003  3.0000000e+000  2.0000000e+000  2.0000000e+000  9.6888598e-002  4.2000000e+001
  1.5621290e+001 -7.4826634e-002  3.0000000e+000  2.0000000e+000  2.0000000e+000 -1.5616085e-002  4.4000000e+001
  2.1598089e+000 -2.3156768e-002  3.0000000e+000  2.0000000e+000  2.0000000e+000  2.6145292e-001  4.5000000e+001
  1.0495689e+001 -6.6227935e-002  3.0000000e+000  2.0000000e+000  2.0000000e+000  3.8821470e-001  4.6000000e+001
 -3.2071629e+000  6.2455977e-002  3.0000000e+000  2.0000000e+000  2.0000000e+000  6.7455068e-002  4.8000000e+001
  2.3230935e+000 -7.6553455e-003  3.0000000e+000  2.0000000e+000  2.0000000e+000  1.5721959e-001  4.9000000e+001
 -1.2268296e+001 -1.9129880e-002  1.0000000e+000  4.0000000e+000  1.0000000e+000  6.1051649e-002  2.0000000e+000
  4.2505257e+000 -7.7483585e-002  1.0000000e+000  4.0000000e+000  1.0000000e+000  1.1839959e-001  3.0000000e+000
 -7.2226405e+000  1.1157627e-002  1.0000000e+000  4.0000000e+000  1.0000000e+000  3.1509051e-001  5.0000000e+000
  2.5552357e+000 -3.3991464e-002  1.0000000e+000  4.0000000e+000  1.0000000e+000  5.8092185e-002  6.0000000e+000
  4.8188711e-001  2.1420634e-002  1.0000000e+000  4.0000000e+000  1.0000000e+000  6.3916497e-002  7.0000000e+000
 -1.0069055e+001  2.8471772e-002  1.0000000e+000  4.0000000e+000  1.0000000e+000  3.3637374e-004  8.0000000e+000
  7.3482718e-001  4.9675842e-002  1.0000000e+000  4.0000000e+000  1.0000000e+000  6.1821112e-002  1.0000000e+001
  6.8583373e+000 -2.1702161e-002  1.0000000e+000  4.0000000e+000  1.0000000e+000  2.5531471e-001  1.1000000e+001
 -8.0100847e+000 -2.4236334e-002  1.0000000e+000  4.0000000e+000  1.0000000e+000  2.3997174e-001  1.2000000e+001
  2.1167413e+001 -9.0503803e-002  1.0000000e+000  4.0000000e+000  1.0000000e+000  1.3417460e-001  1.3000000e+001
  8.0328529e+000  5.2019764e-003  1.0000000e+000  4.0000000e+000  1.0000000e+000  1.3842489e-001  1.4000000e+001
 -6.1161816e+000 -1.1225081e-002  1.0000000e+000  4.0000000e+000  1.0000000e+000  1.2633505e-001  1.6000000e+001
 -6.5108042e+000 -4.6133658e-003  1.0000000e+000  4.0000000e+000  1.0000000e+000  2.0956823e-001  1.8000000e+001
  2.4865392e+000  3.7996575e-003  1.0000000e+000  4.0000000e+000  1.0000000e+000  1.9095037e-001  1.9000000e+001
 -5.4838661e+000 -1.7056985e-002  1.0000000e+000  4.0000000e+000  1.0000000e+000  1.1163743e-002  2.0000000e+001
 -2.5808308e-001 -4.1967985e-002  1.0000000e+000  4.0000000e+000  1.0000000e+000  3.0085702e-001  2.1000000e+001
 -6.0124569e+000  3.5917020e-002  1.0000000e+000  4.0000000e+000  1.0000000e+000  8.5084171e-002  2.2000000e+001
 -5.2693534e+000  3.4197863e-002  1.0000000e+000  4.0000000e+000  1.0000000e+000  2.1241979e-001  2.3000000e+001
 -3.7112811e+000 -1.2359821e-002  1.0000000e+000  4.0000000e+000  1.0000000e+000  1.1721436e-002  2.4000000e+001
  3.9314526e+001 -3.0892801e-002  1.0000000e+000  4.0000000e+000  1.0000000e+000  2.8698430e-001  2.5000000e+001
 -3.5356303e+001  1.1178267e-001  1.0000000e+000  4.0000000e+000  1.0000000e+000  1.5480157e-001  2.6000000e+001
 -1.8080418e+000  6.6507861e-002  1.0000000e+000  4.0000000e+000  1.0000000e+000  2.0256830e-001  2.7000000e+001
  2.6809467e+001 -1.1787846e-001  1.0000000e+000  4.0000000e+000  1.0000000e+000  2.3080126e-001  2.8000000e+001
  1.1308426e+001 -5.4459675e-002  1.0000000e+000  4.0000000e+000  1.0000000e+000 -1.5317338e-002  2.9000000e+001
 -4.8433451e+000 -1.4685299e-002  1.0000000e+000  4.0000000e+000  1.0000000e+000 -5.6056738e-002  3.0000000e+001
 -3.8166082e+000  1.1346373e-002  1.0000000e+000  4.0000000e+000  1.0000000e+000  6.3794143e-002  3.2000000e+001
  9.7247381e+000 -7.6948934e-002  1.0000000e+000  4.0000000e+000  1.0000000e+000  2.1148855e-001  3.3000000e+001
 -1.8583257e+000  3.1195310e-002  1.0000000e+000  4.0000000e+000  1.0000000e+000  2.2743314e-001  3.4000000e+001
  5.9217227e+000 -8.3826000e-003  1.0000000e+000  4.0000000e+000  1.0000000e+000  1.6217110e-001  3.5000000e+001
 -1.6680571e+001  3.7007177e-002  1.0000000e+000  4.0000000e+000  1.0000000e+000  8.5287753e-002  3.6000000e+001
 -5.3828184e+000  1.2913388e-002  1.0000000e+000  4.0000000e+000  1.0000000e+000 -4.5326835e-003  3.7000000e+001
  7.7984289e+000  3.7045407e-002  1.0000000e+000  4.0000000e+000  1.0000000e+000  9.1389798e-003  3.8000000e+001
  2.9141255e+001 -1.0324776e-001  1.0000000e+000  4.0000000e+000  1.0000000e+000  2.7005440e-001  3.9000000e+001
  2.0548248e+001 -6.5151716e-002  1.0000000e+000  4.0000000e+000  1.0000000e+000 -2.1393060e-001  4.1000000e+001
 -1.0965962e+001  2.5917781e-002  1.0000000e+000  4.0000000e+000  1.0000000e+000  4.9405111e-003  4.2000000e+001
  9.5352266e+000 -5.0818532e-002  1.0000000e+000  4.0000000e+000  1.0000000e+000  2.1871405e-002  4.4000000e+001
 -1.3504548e+001  1.1563086e-001  1.0000000e+000  4.0000000e+000  1.0000000e+000  3.2671409e-002  4.5000000e+001
 -6.3067825e+000  1.0088147e-002  1.0000000e+000  4.0000000e+000  1.0000000e+000  3.3551988e-001  4.6000000e+001
 -1.3558408e+001  9.1419703e-002  1.0000000e+000  4.0000000e+000  1.0000000e+000 -2.4550482e-002  4.9000000e+001
 -1.0656111e+001  6.1713129e-002  1.0000000e+000  4.0000000e+000  1.0000000e+000  7.8629512e-002  5.0000000e+001
 -7.1724787e+000  7.3340137e-002  1.0000000e+000  4.0000000e+000  2.0000000e+000  6.1051649e-002  2.0000000e+000
 -1.4993980e+001 -1.8518753e-001  1.0000000e+000  4.0000000e+000  2.0000000e+000  5.8092185e-002  6.0000000e+000
  1.2185626e+000  1.0247777e-001  1.0000000e+000  4.0000000e+000  2.0000000e+000  6.3916497e-002  7.0000000e+000
  1.0391243e+001  1.4057221e-002  1.0000000e+000  4.0000000e+000  2.0000000e+000  3.3637374e-004  8.0000000e+000
 -9.0506158e+000 -4.6201609e-002  1.0000000e+000  4.0000000e+000  2.0000000e+000  6.1821112e-002  1.0000000e+001
  2.7104973e+000 -7.0044294e-003  1.0000000e+000  4.0000000e+000  2.0000000e+000  2.5531471e-001  1.1000000e+001
 -2.6305842e+001  1.2005420e-001  1.0000000e+000  4.0000000e+000  2.0000000e+000  2.3997174e-001  1.2000000e+001
  1.5428231e+000  1.4675306e-001  1.0000000e+000  4.0000000e+000  2.0000000e+000  1.3417460e-001  1.3000000e+001
 -8.0419965e+001  3.3630499e-001  1.0000000e+000  4.0000000e+000  2.0000000e+000  1.3842489e-001  1.4000000e+001
  8.8505958e+000 -1.5173099e-001  1.0000000e+000  4.0000000e+000  2.0000000e+000  1.2633505e-001  1.6000000e+001
 -5.1285918e+000  6.4685636e-002  1.0000000e+000  4.0000000e+000  2.0000000e+000  2.0956823e-001  1.8000000e+001
  7.4543314e+000 -2.5345897e-002  1.0000000e+000  4.0000000e+000  2.0000000e+000  1.9095037e-001  1.9000000e+001
 -1.3223781e+001  3.2490547e-002  1.0000000e+000  4.0000000e+000  2.0000000e+000  1.1163743e-002  2.0000000e+001
 -3.9333236e+000  3.1358968e-002  1.0000000e+000  4.0000000e+000  2.0000000e+000  8.5084171e-002  2.2000000e+001
 -8.9977676e+000  3.8570892e-002  1.0000000e+000  4.0000000e+000  2.0000000e+000  2.1241979e-001  2.3000000e+001
  1.4466652e+001 -2.0027198e-001  1.0000000e+000  4.0000000e+000  2.0000000e+000  1.1721436e-002  2.4000000e+001
  5.9255462e+000 -1.0153714e-001  1.0000000e+000  4.0000000e+000  2.0000000e+000  1.5480157e-001  2.6000000e+001
  1.6467740e+001 -1.3848217e-001  1.0000000e+000  4.0000000e+000  2.0000000e+000  2.0256830e-001  2.7000000e+001
  4.3246786e+001 -1.1096313e-001  1.0000000e+000  4.0000000e+000  2.0000000e+000  2.3080126e-001  2.8000000e+001
 -1.1534363e+000 -5.9889260e-002  1.0000000e+000  4.0000000e+000  2.0000000e+000 -1.5317338e-002  2.9000000e+001
 -8.0445088e+000  6.8711589e-002  1.0000000e+000  4.0000000e+000  2.0000000e+000 -5.6056738e-002  3.0000000e+001
  7.9624337e-001 -1.5741032e-002  1.0000000e+000  4.0000000e+000  2.0000000e+000  6.3794143e-002  3.2000000e+001
  8.5979742e+000 -2.8987982e-003  1.0000000e+000  4.0000000e+000  2.0000000e+000  2.1148855e-001  3.3000000e+001
  7.2513505e+000 -6.0831210e-002  1.0000000e+000  4.0000000e+000  2.0000000e+000  2.2743314e-001  3.4000000e+001
 -2.3842131e+001  7.8214424e-002  1.0000000e+000  4.0000000e+000  2.0000000e+000  1.6217110e-001  3.5000000e+001
  3.8011494e+000 -4.3111227e-002  1.0000000e+000  4.0000000e+000  2.0000000e+000  8.5287753e-002  3.6000000e+001
 -3.3058489e+000  5.2570710e-002  1.0000000e+000  4.0000000e+000  2.0000000e+000 -4.5326835e-003  3.7000000e+001
  3.4627481e+000 -3.9095898e-002  1.0000000e+000  4.0000000e+000  2.0000000e+000  9.1389798e-003  3.8000000e+001
  5.6836352e+000 -2.2042612e-002  1.0000000e+000  4.0000000e+000  2.0000000e+000  2.7005440e-001  3.9000000e+001
 -1.6307856e+001 -2.6741867e-002  1.0000000e+000  4.0000000e+000  2.0000000e+000 -2.1393060e-001  4.1000000e+001
 -3.4923411e-001 -1.2131131e-002  1.0000000e+000  4.0000000e+000  2.0000000e+000  4.9405111e-003  4.2000000e+001
 -1.2475055e+001 -7.9916470e-003  1.0000000e+000  4.0000000e+000  2.0000000e+000  2.1871405e-002  4.4000000e+001
  2.0828691e+001 -6.9374066e-003  1.0000000e+000  4.0000000e+000  2.0000000e+000  3.2671409e-002  4.5000000e+001
  8.9115164e+000 -1.4723185e-002  1.0000000e+000  4.0000000e+000  2.0000000e+000  3.3551988e-001  4.6000000e+001
 -3.5583055e+000  1.6223669e-001  1.0000000e+000  4.0000000e+000  2.0000000e+000  6.5268509e-002  4.8000000e+001
 -3.8558585e+000  5.6460953e-002  1.0000000e+000  4.0000000e+000  2.0000000e+000 -2.4550482e-002  4.9000000e+001
 -5.7639737e+000  9.4552327e-003  3.0000000e+000  4.0000000e+000  1.0000000e+000 -2.2395476e-002  2.0000000e+000
  1.5291538e+001 -1.4304326e-001  3.0000000e+000  4.0000000e+000  1.0000000e+000  7.3785601e-002  3.0000000e+000
  1.5625025e+000  2.0230771e-002  3.0000000e+000  4.0000000e+000  1.0000000e+000  1.5952029e-001  5.0000000e+000
  1.5305047e+001 -4.3796845e-002  3.0000000e+000  4.0000000e+000  1.0000000e+000 -9.9621161e-002  6.0000000e+000
 -9.2987075e+000  4.5583826e-002  3.0000000e+000  4.0000000e+000  1.0000000e+000  9.7829970e-002  7.0000000e+000
 -1.5077302e+001  5.3479477e-002  3.0000000e+000  4.0000000e+000  1.0000000e+000 -7.6981189e-002  8.0000000e+000
 -1.4375260e+001  8.4149301e-002  3.0000000e+000  4.0000000e+000  1.0000000e+000 -8.0070551e-002  1.0000000e+001
 -7.0478898e-001  8.7862839e-003  3.0000000e+000  4.0000000e+000  1.0000000e+000  4.6583511e-002  1.1000000e+001
 -1.8014649e+000 -3.1959113e-003  3.0000000e+000  4.0000000e+000  1.0000000e+000  3.3702252e-001  1.2000000e+001
  2.8790821e+001 -1.6191201e-002  3.0000000e+000  4.0000000e+000  1.0000000e+000 -4.1246571e-002  1.3000000e+001
  1.4828780e+000  4.5906998e-002  3.0000000e+000  4.0000000e+000  1.0000000e+000  2.1417062e-001  1.4000000e+001
 -2.9494520e+001  6.3621271e-002  3.0000000e+000  4.0000000e+000  1.0000000e+000  1.2799729e-001  1.6000000e+001
 -7.4518101e-001  2.0970548e-002  3.0000000e+000  4.0000000e+000  1.0000000e+000  1.3591433e-001  1.8000000e+001
 -3.8209874e+000  2.9073805e-002  3.0000000e+000  4.0000000e+000  1.0000000e+000  1.2077572e-001  1.9000000e+001
  5.3691155e+000 -6.9295013e-002  3.0000000e+000  4.0000000e+000  1.0000000e+000 -9.3455879e-003  2.0000000e+001
  4.2288219e+000 -1.9086215e-002  3.0000000e+000  4.0000000e+000  1.0000000e+000  1.2663882e-001  2.1000000e+001
 -4.2016467e+000  1.8068168e-002  3.0000000e+000  4.0000000e+000  1.0000000e+000  2.5467370e-001  2.2000000e+001
  9.2981810e-001  2.0239781e-002  3.0000000e+000  4.0000000e+000  1.0000000e+000  1.0700334e-001  2.3000000e+001
 -1.3473231e+000  6.5764312e-003  3.0000000e+000  4.0000000e+000  1.0000000e+000 -1.0128599e-001  2.4000000e+001
  2.9269636e+001 -9.4977005e-002  3.0000000e+000  4.0000000e+000  1.0000000e+000  1.1746292e-001  2.5000000e+001
 -8.9076092e+000  2.3004226e-003  3.0000000e+000  4.0000000e+000  1.0000000e+000  1.7751999e-001  2.6000000e+001
  3.8959900e+000  2.0758500e-003  3.0000000e+000  4.0000000e+000  1.0000000e+000  1.4811271e-001  2.7000000e+001
  1.2575148e+001  3.9248075e-003  3.0000000e+000  4.0000000e+000  1.0000000e+000  9.8502163e-002  2.8000000e+001
  8.6259426e+000  4.4215034e-004  3.0000000e+000  4.0000000e+000  1.0000000e+000  2.5728487e-001  2.9000000e+001
 -4.0009692e+000 -9.0604493e-003  3.0000000e+000  4.0000000e+000  1.0000000e+000  1.8591925e-001  3.0000000e+001
  2.7140174e+000 -8.1736279e-003  3.0000000e+000  4.0000000e+000  1.0000000e+000  1.0419093e-001  3.2000000e+001
  2.9871819e+000  5.9206242e-003  3.0000000e+000  4.0000000e+000  1.0000000e+000  1.4301689e-001  3.3000000e+001
  8.6967200e-002 -1.8449082e-002  3.0000000e+000  4.0000000e+000  1.0000000e+000  3.0113477e-001  3.4000000e+001
 -3.9771493e+000  6.1697882e-002  3.0000000e+000  4.0000000e+000  1.0000000e+000  3.1080000e-001  3.5000000e+001
 -1.2717013e+001  1.4691241e-002  3.0000000e+000  4.0000000e+000  1.0000000e+000  1.4168478e-001  3.6000000e+001
 -4.0908188e+000  1.1371932e-002  3.0000000e+000  4.0000000e+000  1.0000000e+000  1.9801446e-001  3.7000000e+001
  8.3977547e+000 -3.0027098e-002  3.0000000e+000  4.0000000e+000  1.0000000e+000  1.2283855e-001  3.8000000e+001
  1.3984567e+000 -2.4836970e-003  3.0000000e+000  4.0000000e+000  1.0000000e+000  1.6742616e-001  3.9000000e+001
  7.4683560e+000 -2.4698626e-002  3.0000000e+000  4.0000000e+000  1.0000000e+000  1.7716536e-001  4.1000000e+001
  5.0990280e-001 -6.0633681e-003  3.0000000e+000  4.0000000e+000  1.0000000e+000  9.6888598e-002  4.2000000e+001
  3.0886895e+000 -1.4723785e-002  3.0000000e+000  4.0000000e+000  1.0000000e+000 -1.5616085e-002  4.4000000e+001
 -9.0310857e+000  8.9363457e-002  3.0000000e+000  4.0000000e+000  1.0000000e+000  2.6145292e-001  4.5000000e+001
 -1.3284872e+001  2.4253597e-002  3.0000000e+000  4.0000000e+000  1.0000000e+000  3.8821470e-001  4.6000000e+001
  1.9612740e+000  2.5949200e-002  3.0000000e+000  4.0000000e+000  1.0000000e+000  6.7455068e-002  4.8000000e+001
 -8.3693293e+000  5.9353671e-002  3.0000000e+000  4.0000000e+000  1.0000000e+000  1.5721959e-001  4.9000000e+001
 -5.9412460e+000  5.7136884e-002  3.0000000e+000  4.0000000e+000  1.0000000e+000  4.0898801e-002  5.0000000e+001
 -8.8403290e-003  4.7728288e-003  3.0000000e+000  4.0000000e+000  2.0000000e+000 -2.2395476e-002  2.0000000e+000
 -1.7111928e+001  3.4442478e-002  3.0000000e+000  4.0000000e+000  2.0000000e+000  7.3785601e-002  3.0000000e+000
  1.2152209e+001 -8.6639730e-002  3.0000000e+000  4.0000000e+000  2.0000000e+000  1.5952029e-001  5.0000000e+000
  2.9200626e+001 -3.5594896e-001  3.0000000e+000  4.0000000e+000  2.0000000e+000 -9.9621161e-002  6.0000000e+000
  4.1815509e+001  1.1586458e-003  3.0000000e+000  4.0000000e+000  2.0000000e+000  9.7829970e-002  7.0000000e+000
  3.5129417e+000  1.5323584e-001  3.0000000e+000  4.0000000e+000  2.0000000e+000 -7.6981189e-002  8.0000000e+000
 -2.8252852e+001 -6.1330183e-002  3.0000000e+000  4.0000000e+000  2.0000000e+000 -8.0070551e-002  1.0000000e+001
 -5.6505911e+000  6.5353993e-002  3.0000000e+000  4.0000000e+000  2.0000000e+000  4.6583511e-002  1.1000000e+001
  2.5891860e+000  1.3055284e-002  3.0000000e+000  4.0000000e+000  2.0000000e+000  3.3702252e-001  1.2000000e+001
 -4.3928472e+001  5.2525225e-002  3.0000000e+000  4.0000000e+000  2.0000000e+000 -4.1246571e-002  1.3000000e+001
 -7.6953238e+001  2.9471589e-001  3.0000000e+000  4.0000000e+000  2.0000000e+000  2.1417062e-001  1.4000000e+001
 -1.4719907e+001 -1.7609118e-001  3.0000000e+000  4.0000000e+000  2.0000000e+000  1.2799729e-001  1.6000000e+001
  3.0259291e+000 -1.7034615e-003  3.0000000e+000  4.0000000e+000  2.0000000e+000  1.3591433e-001  1.8000000e+001
  7.7812668e+000 -2.6142018e-002  3.0000000e+000  4.0000000e+000  2.0000000e+000  1.2077572e-001  1.9000000e+001
  5.3221453e+000  1.2468043e-002  3.0000000e+000  4.0000000e+000  2.0000000e+000 -9.3455879e-003  2.0000000e+001
  3.0696267e+000  3.4830823e-002  3.0000000e+000  4.0000000e+000  2.0000000e+000  1.2663882e-001  2.1000000e+001
 -4.1419023e+000  8.3845145e-003  3.0000000e+000  4.0000000e+000  2.0000000e+000  2.5467370e-001  2.2000000e+001
 -1.3443532e+001  6.3877776e-002  3.0000000e+000  4.0000000e+000  2.0000000e+000  1.0700334e-001  2.3000000e+001
  1.4138341e+001 -1.3726219e-001  3.0000000e+000  4.0000000e+000  2.0000000e+000 -1.0128599e-001  2.4000000e+001
 -6.3596361e+000 -6.1994812e-002  3.0000000e+000  4.0000000e+000  2.0000000e+000  1.1746292e-001  2.5000000e+001
  1.2431826e+001 -1.2774315e-001  3.0000000e+000  4.0000000e+000  2.0000000e+000  1.7751999e-001  2.6000000e+001
  1.3894635e+000 -4.6893578e-002  3.0000000e+000  4.0000000e+000  2.0000000e+000  1.4811271e-001  2.7000000e+001
  2.1946418e+001 -1.8379967e-001  3.0000000e+000  4.0000000e+000  2.0000000e+000  9.8502163e-002  2.8000000e+001
  3.7337761e+001 -2.0794731e-001  3.0000000e+000  4.0000000e+000  2.0000000e+000  2.5728487e-001  2.9000000e+001
  1.9948999e+001  2.7002986e-003  3.0000000e+000  4.0000000e+000  2.0000000e+000  1.8591925e-001  3.0000000e+001
  4.8347233e+000 -1.4375574e-002  3.0000000e+000  4.0000000e+000  2.0000000e+000  1.0419093e-001  3.2000000e+001
  7.9762153e+000 -9.3988153e-003  3.0000000e+000  4.0000000e+000  2.0000000e+000  1.4301689e-001  3.3000000e+001
 -2.0038115e+000  1.5084473e-002  3.0000000e+000  4.0000000e+000  2.0000000e+000  3.0113477e-001  3.4000000e+001
 -1.3616314e+001  6.3837540e-002  3.0000000e+000  4.0000000e+000  2.0000000e+000  3.1080000e-001  3.5000000e+001
 -3.9455141e+000 -1.1794825e-002  3.0000000e+000  4.0000000e+000  2.0000000e+000  1.4168478e-001  3.6000000e+001
 -1.9665137e+000 -1.1034060e-003  3.0000000e+000  4.0000000e+000  2.0000000e+000  1.9801446e-001  3.7000000e+001
  2.0381509e+001 -1.0197819e-001  3.0000000e+000  4.0000000e+000  2.0000000e+000  1.2283855e-001  3.8000000e+001
 -1.6840700e+001  6.4046746e-002  3.0000000e+000  4.0000000e+000  2.0000000e+000  1.6742616e-001  3.9000000e+001
 -1.9460481e+001  9.4344388e-002  3.0000000e+000  4.0000000e+000  2.0000000e+000  1.7716536e-001  4.1000000e+001
  3.6625501e+000 -2.0765758e-002  3.0000000e+000  4.0000000e+000  2.0000000e+000  9.6888598e-002  4.2000000e+001
  2.1966930e+001 -1.3316760e-001  3.0000000e+000  4.0000000e+000  2.0000000e+000 -1.5616085e-002  4.4000000e+001
  1.5569967e+001 -3.1290552e-002  3.0000000e+000  4.0000000e+000  2.0000000e+000  2.6145292e-001  4.5000000e+001
 -2.9693467e+000 -3.1899385e-002  3.0000000e+000  4.0000000e+000  2.0000000e+000  3.8821470e-001  4.6000000e+001
  3.3167965e+001 -8.3961450e-002  3.0000000e+000  4.0000000e+000  2.0000000e+000  6.7455068e-002  4.8000000e+001
  2.8665988e+001 -1.0429720e-001  3.0000000e+000  4.0000000e+000  2.0000000e+000  1.5721959e-001  4.9000000e+001
  3.6564357e+001  4.8578269e-002  3.0000000e+000  4.0000000e+000  2.0000000e+000  4.0898801e-002  5.0000000e+001
  3.1119304e+000 -6.3938910e-003  1.0000000e+000  8.0000000e+000  1.0000000e+000  6.1051649e-002  2.0000000e+000
 -2.8236554e+000 -5.1153062e-002  1.0000000e+000  8.0000000e+000  1.0000000e+000  1.1839959e-001  3.0000000e+000
  2.8192305e+000 -1.9733058e-002  1.0000000e+000  8.0000000e+000  1.0000000e+000  3.1509051e-001  5.0000000e+000
 -9.2436974e+000  4.5880089e-002  1.0000000e+000  8.0000000e+000  1.0000000e+000  5.8092185e-002  6.0000000e+000
 -9.7006858e-001 -1.4695370e-002  1.0000000e+000  8.0000000e+000  1.0000000e+000  6.3916497e-002  7.0000000e+000
  7.2287820e-001 -1.9623448e-002  1.0000000e+000  8.0000000e+000  1.0000000e+000  3.3637374e-004  8.0000000e+000
  1.6516468e-001  4.6978314e-002  1.0000000e+000  8.0000000e+000  1.0000000e+000  6.1821112e-002  1.0000000e+001
 -3.8073913e+000  4.4533328e-004  1.0000000e+000  8.0000000e+000  1.0000000e+000  2.5531471e-001  1.1000000e+001
  4.9713945e-001  8.3234621e-003  1.0000000e+000  8.0000000e+000  1.0000000e+000  2.3997174e-001  1.2000000e+001
  2.0691582e+001 -4.6945399e-002  1.0000000e+000  8.0000000e+000  1.0000000e+000  1.3417460e-001  1.3000000e+001
  2.0359521e+001 -1.0661591e-001  1.0000000e+000  8.0000000e+000  1.0000000e+000  1.3842489e-001  1.4000000e+001
 -2.1210629e+001 -6.7754321e-002  1.0000000e+000  8.0000000e+000  1.0000000e+000  1.2633505e-001  1.6000000e+001
  4.8697075e+000 -3.5278001e-002  1.0000000e+000  8.0000000e+000  1.0000000e+000  2.0956823e-001  1.8000000e+001
 -4.1751214e+000 -4.8620372e-003  1.0000000e+000  8.0000000e+000  1.0000000e+000  1.9095037e-001  1.9000000e+001
 -1.2053603e+001  4.1750024e-002  1.0000000e+000  8.0000000e+000  1.0000000e+000  1.1163743e-002  2.0000000e+001
  4.2415997e+000  2.5467488e-002  1.0000000e+000  8.0000000e+000  1.0000000e+000  3.0085702e-001  2.1000000e+001
 -2.4562667e+000  4.1879768e-003  1.0000000e+000  8.0000000e+000  1.0000000e+000  8.5084171e-002  2.2000000e+001
  6.5691796e+000 -4.6657859e-002  1.0000000e+000  8.0000000e+000  1.0000000e+000  2.1241979e-001  2.3000000e+001
 -1.0499496e+000  2.3192388e-002  1.0000000e+000  8.0000000e+000  1.0000000e+000  1.1721436e-002  2.4000000e+001
 -2.8701245e+000  2.8628038e-002  1.0000000e+000  8.0000000e+000  1.0000000e+000  2.8698430e-001  2.5000000e+001
 -1.3514100e+000  1.8611782e-002  1.0000000e+000  8.0000000e+000  1.0000000e+000  1.5480157e-001  2.6000000e+001
 -4.7228197e+000 -1.7061403e-002  1.0000000e+000  8.0000000e+000  1.0000000e+000  2.0256830e-001  2.7000000e+001
 -1.3889062e+001  3.1920001e-002  1.0000000e+000  8.0000000e+000  1.0000000e+000  2.3080126e-001  2.8000000e+001
 -6.9419324e+000  3.0780619e-002  1.0000000e+000  8.0000000e+000  1.0000000e+000 -1.5317338e-002  2.9000000e+001
 -3.3896814e+000  3.6247500e-002  1.0000000e+000  8.0000000e+000  1.0000000e+000 -5.6056738e-002  3.0000000e+001
  2.5662020e+000 -3.0253715e-003  1.0000000e+000  8.0000000e+000  1.0000000e+000  6.3794143e-002  3.2000000e+001
 -1.9533695e+000 -4.2342772e-004  1.0000000e+000  8.0000000e+000  1.0000000e+000  2.1148855e-001  3.3000000e+001
 -6.0192621e+000  4.6928493e-002  1.0000000e+000  8.0000000e+000  1.0000000e+000  2.2743314e-001  3.4000000e+001
  2.4767822e+000 -4.9443404e-002  1.0000000e+000  8.0000000e+000  1.0000000e+000  1.6217110e-001  3.5000000e+001
 -7.5269431e+000 -1.9824306e-002  1.0000000e+000  8.0000000e+000  1.0000000e+000  8.5287753e-002  3.6000000e+001
 -2.0085799e+000 -1.9358857e-002  1.0000000e+000  8.0000000e+000  1.0000000e+000 -4.5326835e-003  3.7000000e+001
 -1.5906711e+001  4.6272690e-002  1.0000000e+000  8.0000000e+000  1.0000000e+000  9.1389798e-003  3.8000000e+001
 -2.5412736e+000 -1.2340824e-002  1.0000000e+000  8.0000000e+000  1.0000000e+000  2.7005440e-001  3.9000000e+001
  1.7733644e+000  1.2174598e-003  1.0000000e+000  8.0000000e+000  1.0000000e+000 -2.1393060e-001  4.1000000e+001
  5.5256684e+000 -4.1792220e-002  1.0000000e+000  8.0000000e+000  1.0000000e+000  4.9405111e-003  4.2000000e+001
  5.8617686e+000 -7.6800160e-003  1.0000000e+000  8.0000000e+000  1.0000000e+000  2.1871405e-002  4.4000000e+001
 -2.8084702e+000  5.2057972e-002  1.0000000e+000  8.0000000e+000  1.0000000e+000  3.2671409e-002  4.5000000e+001
  1.0348825e+001 -5.6722520e-002  1.0000000e+000  8.0000000e+000  1.0000000e+000  3.3551988e-001  4.6000000e+001
  8.5960108e+000 -2.3817292e-002  1.0000000e+000  8.0000000e+000  1.0000000e+000  6.5268509e-002  4.8000000e+001
  2.3313886e+000 -3.9538006e-002  1.0000000e+000  8.0000000e+000  1.0000000e+000 -2.4550482e-002  4.9000000e+001
  1.8188348e+000 -4.5369174e-002  1.0000000e+000  8.0000000e+000  1.0000000e+000  7.8629512e-002  5.0000000e+001
  1.1503709e+000  3.6715121e-004  1.0000000e+000  8.0000000e+000  2.0000000e+000  6.1051649e-002  2.0000000e+000
  2.5394345e+001 -6.2849828e-002  1.0000000e+000  8.0000000e+000  2.0000000e+000  1.1839959e-001  3.0000000e+000
 -2.9077523e+001  1.7483120e-001  1.0000000e+000  8.0000000e+000  2.0000000e+000  5.8092185e-002  6.0000000e+000
  7.5241751e+001  2.2047810e-001  1.0000000e+000  8.0000000e+000  2.0000000e+000  1.3417460e-001  1.3000000e+001
  2.0011299e+000  6.0513739e-002  1.0000000e+000  8.0000000e+000  2.0000000e+000  1.3842489e-001  1.4000000e+001
 -5.7040929e+001 -1.8316884e-001  1.0000000e+000  8.0000000e+000  2.0000000e+000  1.2633505e-001  1.6000000e+001
 -1.0546608e+000 -2.2043784e-002  1.0000000e+000  8.0000000e+000  2.0000000e+000  2.0956823e-001  1.8000000e+001
  1.1956779e+001 -8.3917825e-002  1.0000000e+000  8.0000000e+000  2.0000000e+000  1.9095037e-001  1.9000000e+001
  1.8737064e+001 -1.2530140e-001  1.0000000e+000  8.0000000e+000  2.0000000e+000  1.1163743e-002  2.0000000e+001
  4.7516504e+000  4.0321132e-003  1.0000000e+000  8.0000000e+000  2.0000000e+000  8.5084171e-002  2.2000000e+001
  8.2331417e+000  5.4786830e-002  1.0000000e+000  8.0000000e+000  2.0000000e+000  1.1721436e-002  2.4000000e+001
  1.2774778e+001 -1.3218102e-002  1.0000000e+000  8.0000000e+000  2.0000000e+000  2.0256830e-001  2.7000000e+001
  1.6659230e+001  7.8805023e-003  1.0000000e+000  8.0000000e+000  2.0000000e+000 -1.5317338e-002  2.9000000e+001
  6.9536135e+000  1.1283879e-001  1.0000000e+000  8.0000000e+000  2.0000000e+000 -5.6056738e-002  3.0000000e+001
  3.9360336e+000 -6.4906764e-004  1.0000000e+000  8.0000000e+000  2.0000000e+000  6.3794143e-002  3.2000000e+001
 -2.3272685e+001 -6.1107457e-002  1.0000000e+000  8.0000000e+000  2.0000000e+000  2.1148855e-001  3.3000000e+001
 -1.8964378e+000  3.5213237e-002  1.0000000e+000  8.0000000e+000  2.0000000e+000  2.2743314e-001  3.4000000e+001
  2.4534882e+001 -3.1362239e-002  1.0000000e+000  8.0000000e+000  2.0000000e+000  8.5287753e-002  3.6000000e+001
 -2.4315301e+000 -2.7603403e-002  1.0000000e+000  8.0000000e+000  2.0000000e+000 -4.5326835e-003  3.7000000e+001
  1.5556343e+001  2.8255647e-002  1.0000000e+000  8.0000000e+000  2.0000000e+000  9.1389798e-003  3.8000000e+001
 -8.1604447e+000  4.3109266e-002  1.0000000e+000  8.0000000e+000  2.0000000e+000  4.9405111e-003  4.2000000e+001
 -8.9752324e+000  3.9370405e-002  1.0000000e+000  8.0000000e+000  2.0000000e+000 -2.4550482e-002  4.9000000e+001
  5.8484828e+000 -1.1858840e-002  3.0000000e+000  8.0000000e+000  1.0000000e+000 -2.2395476e-002  2.0000000e+000
  6.5573435e+000 -3.1545073e-002  3.0000000e+000  8.0000000e+000  1.0000000e+000  7.3785601e-002  3.0000000e+000
  1.0640562e+000  8.9514193e-003  3.0000000e+000  8.0000000e+000  1.0000000e+000  1.5952029e-001  5.0000000e+000
  7.1380071e+000  1.3145504e-003  3.0000000e+000  8.0000000e+000  1.0000000e+000 -9.9621161e-002  6.0000000e+000
  8.3079122e+000 -5.1799625e-002  3.0000000e+000  8.0000000e+000  1.0000000e+000  9.7829970e-002  7.0000000e+000
  1.6098857e+000  6.0505311e-003  3.0000000e+000  8.0000000e+000  1.0000000e+000 -7.6981189e-002  8.0000000e+000
  3.9295666e-001 -1.5633777e-002  3.0000000e+000  8.0000000e+000  1.0000000e+000 -8.0070551e-002  1.0000000e+001
 -1.1131886e+000 -2.2531767e-002  3.0000000e+000  8.0000000e+000  1.0000000e+000  4.6583511e-002  1.1000000e+001
 -1.4926716e+000  1.9026085e-002  3.0000000e+000  8.0000000e+000  1.0000000e+000  3.3702252e-001  1.2000000e+001
 -3.6876836e+000  3.8633780e-002  3.0000000e+000  8.0000000e+000  1.0000000e+000 -4.1246571e-002  1.3000000e+001
 -7.5845955e+000  1.2267752e-002  3.0000000e+000  8.0000000e+000  1.0000000e+000  2.1417062e-001  1.4000000e+001
  9.6331970e-001 -1.2825366e-002  3.0000000e+000  8.0000000e+000  1.0000000e+000  1.2799729e-001  1.6000000e+001
  1.2599851e+000 -1.8850670e-002  3.0000000e+000  8.0000000e+000  1.0000000e+000  1.3591433e-001  1.8000000e+001
  3.9708269e-001 -1.5713581e-002  3.0000000e+000  8.0000000e+000  1.0000000e+000  1.2077572e-001  1.9000000e+001
 -2.7654529e+000  3.9796659e-002  3.0000000e+000  8.0000000e+000  1.0000000e+000 -9.3455879e-003  2.0000000e+001
 -1.1140294e+000  6.3742545e-003  3.0000000e+000  8.0000000e+000  1.0000000e+000  1.2663882e-001  2.1000000e+001
  4.7389167e+000 -2.4887658e-002  3.0000000e+000  8.0000000e+000  1.0000000e+000  2.5467370e-001  2.2000000e+001
  7.1374286e+000 -3.6109189e-002  3.0000000e+000  8.0000000e+000  1.0000000e+000  1.0700334e-001  2.3000000e+001
 -6.8536754e-001  1.6996305e-002  3.0000000e+000  8.0000000e+000  1.0000000e+000 -1.0128599e-001  2.4000000e+001
  6.7580836e+000 -2.9892810e-002  3.0000000e+000  8.0000000e+000  1.0000000e+000  1.1746292e-001  2.5000000e+001
 -5.7765811e+000  5.6558954e-002  3.0000000e+000  8.0000000e+000  1.0000000e+000  1.7751999e-001  2.6000000e+001
  1.9332978e+000 -2.1041676e-002  3.0000000e+000  8.0000000e+000  1.0000000e+000  1.4811271e-001  2.7000000e+001
 -3.2353848e+000  2.4599818e-002  3.0000000e+000  8.0000000e+000  1.0000000e+000  9.8502163e-002  2.8000000e+001
  8.8869852e-001  1.8057400e-002  3.0000000e+000  8.0000000e+000  1.0000000e+000  2.5728487e-001  2.9000000e+001
  5.6488747e+000 -1.4280853e-002  3.0000000e+000  8.0000000e+000  1.0000000e+000  1.8591925e-001  3.0000000e+001
 -8.7079612e+000  4.3717116e-002  3.0000000e+000  8.0000000e+000  1.0000000e+000  1.0419093e-001  3.2000000e+001
  6.0458069e+000 -5.5441496e-002  3.0000000e+000  8.0000000e+000  1.0000000e+000  1.4301689e-001  3.3000000e+001
 -6.2677484e+000  1.1696147e-002  3.0000000e+000  8.0000000e+000  1.0000000e+000  3.0113477e-001  3.4000000e+001
 -2.6418434e+000  2.0345211e-002  3.0000000e+000  8.0000000e+000  1.0000000e+000  3.1080000e-001  3.5000000e+001
 -4.0785804e+000 -6.3885906e-004  3.0000000e+000  8.0000000e+000  1.0000000e+000  1.4168478e-001  3.6000000e+001
  2.2454635e+000  1.5901645e-003  3.0000000e+000  8.0000000e+000  1.0000000e+000  1.9801446e-001  3.7000000e+001
 -1.0337714e+001  4.9139835e-002  3.0000000e+000  8.0000000e+000  1.0000000e+000  1.2283855e-001  3.8000000e+001
 -1.9559652e+000  1.6848424e-003  3.0000000e+000  8.0000000e+000  1.0000000e+000  1.6742616e-001  3.9000000e+001
 -5.8524655e+000  1.7891021e-002  3.0000000e+000  8.0000000e+000  1.0000000e+000  1.7716536e-001  4.1000000e+001
  1.5554392e-001  1.5663669e-002  3.0000000e+000  8.0000000e+000  1.0000000e+000  9.6888598e-002  4.2000000e+001
 -6.9912625e-001 -8.5900815e-003  3.0000000e+000  8.0000000e+000  1.0000000e+000 -1.5616085e-002  4.4000000e+001
  1.4314905e+000  1.2392991e-002  3.0000000e+000  8.0000000e+000  1.0000000e+000  2.6145292e-001  4.5000000e+001
 -3.2090390e+000 -6.9969313e-003  3.0000000e+000  8.0000000e+000  1.0000000e+000  3.8821470e-001  4.6000000e+001
 -2.4886320e+000  1.5399517e-003  3.0000000e+000  8.0000000e+000  1.0000000e+000  6.7455068e-002  4.8000000e+001
 -3.6145197e+000  6.0503844e-003  3.0000000e+000  8.0000000e+000  1.0000000e+000  1.5721959e-001  4.9000000e+001
 -1.9927590e+000  5.5509345e-003  3.0000000e+000  8.0000000e+000  1.0000000e+000  4.0898801e-002  5.0000000e+001
  2.3278422e+001  3.7964917e-002  3.0000000e+000  8.0000000e+000  2.0000000e+000 -2.2395476e-002  2.0000000e+000
  4.2307443e+001 -1.4193170e-001  3.0000000e+000  8.0000000e+000  2.0000000e+000  1.5952029e-001  5.0000000e+000
 -2.3435734e+001  1.5923115e-001  3.0000000e+000  8.0000000e+000  2.0000000e+000 -9.9621161e-002  6.0000000e+000
  5.1223454e+001  6.4844737e-002  3.0000000e+000  8.0000000e+000  2.0000000e+000  9.7829970e-002  7.0000000e+000
  8.4196139e+000  4.7460062e-002  3.0000000e+000  8.0000000e+000  2.0000000e+000 -7.6981189e-002  8.0000000e+000
 -1.1303218e+001  1.1379327e-001  3.0000000e+000  8.0000000e+000  2.0000000e+000  4.6583511e-002  1.1000000e+001
  1.6212726e+001 -1.2072321e-001  3.0000000e+000  8.0000000e+000  2.0000000e+000  3.3702252e-001  1.2000000e+001
  7.7693019e+001  2.0289836e-001  3.0000000e+000  8.0000000e+000  2.0000000e+000 -4.1246571e-002  1.3000000e+001
  2.4602979e+001  1.2806802e-001  3.0000000e+000  8.0000000e+000  2.0000000e+000  2.1417062e-001  1.4000000e+001
  1.6025565e+001 -4.4229553e-001  3.0000000e+000  8.0000000e+000  2.0000000e+000  1.2799729e-001  1.6000000e+001
  3.4968742e+000 -4.4057502e-002  3.0000000e+000  8.0000000e+000  2.0000000e+000  1.3591433e-001  1.8000000e+001
  9.8291356e+000 -9.5694526e-002  3.0000000e+000  8.0000000e+000  2.0000000e+000  1.2077572e-001  1.9000000e+001
  2.8453528e+001 -8.7804343e-002  3.0000000e+000  8.0000000e+000  2.0000000e+000 -9.3455879e-003  2.0000000e+001
  1.3758260e+001  1.9958754e-004  3.0000000e+000  8.0000000e+000  2.0000000e+000  1.2663882e-001  2.1000000e+001
 -3.5901301e+000  2.3251109e-002  3.0000000e+000  8.0000000e+000  2.0000000e+000  2.5467370e-001  2.2000000e+001
  9.0491199e+000  2.2739116e-002  3.0000000e+000  8.0000000e+000  2.0000000e+000  1.0700334e-001  2.3000000e+001
  4.0098710e+001 -2.0460068e-001  3.0000000e+000  8.0000000e+000  2.0000000e+000  1.1746292e-001  2.5000000e+001
  3.5633327e+001  1.0609649e-001  3.0000000e+000  8.0000000e+000  2.0000000e+000  1.7751999e-001  2.6000000e+001
  1.7829218e+001 -3.4696708e-002  3.0000000e+000  8.0000000e+000  2.0000000e+000  1.4811271e-001  2.7000000e+001
  1.2144969e+001  2.9945078e-001  3.0000000e+000  8.0000000e+000  2.0000000e+000  9.8502163e-002  2.8000000e+001
  2.9714260e+001  4.5176451e-003  3.0000000e+000  8.0000000e+000  2.0000000e+000  2.5728487e-001  2.9000000e+001
  2.0774060e+000  1.0620292e-002  3.0000000e+000  8.0000000e+000  2.0000000e+000  1.8591925e-001  3.0000000e+001
  1.4707620e+001 -6.1542090e-002  3.0000000e+000  8.0000000e+000  2.0000000e+000  1.0419093e-001  3.2000000e+001
  6.3119946e+000 -1.9339248e-001  3.0000000e+000  8.0000000e+000  2.0000000e+000  1.4301689e-001  3.3000000e+001
 -4.3473534e+000  6.6064577e-003  3.0000000e+000  8.0000000e+000  2.0000000e+000  3.0113477e-001  3.4000000e+001
  1.4614434e+001  6.0406591e-002  3.0000000e+000  8.0000000e+000  2.0000000e+000  3.1080000e-001  3.5000000e+001
 -3.4635484e+000  3.3681099e-002  3.0000000e+000  8.0000000e+000  2.0000000e+000  1.4168478e-001  3.6000000e+001
 -7.7724171e+000  9.0333771e-002  3.0000000e+000  8.0000000e+000  2.0000000e+000  1.9801446e-001  3.7000000e+001
  1.9066466e+001 -1.6301916e-002  3.0000000e+000  8.0000000e+000  2.0000000e+000  1.2283855e-001  3.8000000e+001
 -1.0102134e+001  2.1651056e-002  3.0000000e+000  8.0000000e+000  2.0000000e+000  1.6742616e-001  3.9000000e+001
  9.0325665e+000 -1.1515430e-001  3.0000000e+000  8.0000000e+000  2.0000000e+000 -1.5616085e-002  4.4000000e+001
  1.3249422e+001  2.7110438e-002  3.0000000e+000  8.0000000e+000  2.0000000e+000  2.6145292e-001  4.5000000e+001
 -5.2379521e+000  3.4743720e-002  3.0000000e+000  8.0000000e+000  2.0000000e+000  3.8821470e-001  4.6000000e+001
  2.4816141e+001  2.6456192e-003  3.0000000e+000  8.0000000e+000  2.0000000e+000  6.7455068e-002  4.8000000e+001
 -2.4555559e+001  1.4313506e-001  3.0000000e+000  8.0000000e+000  2.0000000e+000  1.5721959e-001  4.9000000e+001
 -1.3053898e-001  8.0385502e-002  3.0000000e+000  8.0000000e+000  2.0000000e+000  4.0898801e-002  5.0000000e+001
 -6.3236393e+000  1.2188562e-002  1.0000000e+000  1.6000000e+001  1.0000000e+000  6.1051649e-002  2.0000000e+000
  6.9879710e+000 -4.9921184e-002  1.0000000e+000  1.6000000e+001  1.0000000e+000  1.1839959e-001  3.0000000e+000
  8.1642100e+000 -1.0615299e-002  1.0000000e+000  1.6000000e+001  1.0000000e+000  3.1509051e-001  5.0000000e+000
 -1.7125975e+000  1.3606903e-002  1.0000000e+000  1.6000000e+001  1.0000000e+000  5.8092185e-002  6.0000000e+000
  1.0200017e+000 -1.7817958e-002  1.0000000e+000  1.6000000e+001  1.0000000e+000  6.3916497e-002  7.0000000e+000
 -9.4983991e+000 -5.8394822e-002  1.0000000e+000  1.6000000e+001  1.0000000e+000  3.3637374e-004  8.0000000e+000
 -5.6342725e+000  6.2175097e-002  1.0000000e+000  1.6000000e+001  1.0000000e+000  6.1821112e-002  1.0000000e+001
 -1.6588177e-001 -1.6736555e-003  1.0000000e+000  1.6000000e+001  1.0000000e+000  2.5531471e-001  1.1000000e+001
  5.3825247e-001 -4.4345992e-002  1.0000000e+000  1.6000000e+001  1.0000000e+000  2.3997174e-001  1.2000000e+001
 -7.2130936e+000  2.3028486e-001  1.0000000e+000  1.6000000e+001  1.0000000e+000  1.3417460e-001  1.3000000e+001
  2.0053457e+000  1.0798638e-002  1.0000000e+000  1.6000000e+001  1.0000000e+000  1.3842489e-001  1.4000000e+001
  1.2870921e+001 -9.8032606e-002  1.0000000e+000  1.6000000e+001  1.0000000e+000  1.2633505e-001  1.6000000e+001
  8.3849022e-001 -2.7495145e-002  1.0000000e+000  1.6000000e+001  1.0000000e+000  2.0956823e-001  1.8000000e+001
 -1.2185605e+000 -1.5961782e-003  1.0000000e+000  1.6000000e+001  1.0000000e+000  1.9095037e-001  1.9000000e+001
  8.4693507e+000 -9.9030290e-002  1.0000000e+000  1.6000000e+001  1.0000000e+000  1.1163743e-002  2.0000000e+001
 -8.9476292e+000  2.2395401e-002  1.0000000e+000  1.6000000e+001  1.0000000e+000  3.0085702e-001  2.1000000e+001
  1.5512793e+000  5.1115954e-003  1.0000000e+000  1.6000000e+001  1.0000000e+000  8.5084171e-002  2.2000000e+001
  5.9383607e+000 -2.2399323e-002  1.0000000e+000  1.6000000e+001  1.0000000e+000  2.1241979e-001  2.3000000e+001
  9.7314506e-001 -2.7019234e-002  1.0000000e+000  1.6000000e+001  1.0000000e+000  1.1721436e-002  2.4000000e+001
 -4.0749359e+000 -4.2426428e-002  1.0000000e+000  1.6000000e+001  1.0000000e+000  2.8698430e-001  2.5000000e+001
 -1.5056297e+001  5.3438947e-002  1.0000000e+000  1.6000000e+001  1.0000000e+000  1.5480157e-001  2.6000000e+001
 -2.9176933e+000  2.7079914e-003  1.0000000e+000  1.6000000e+001  1.0000000e+000  2.0256830e-001  2.7000000e+001
 -1.2089243e+001  5.2582719e-002  1.0000000e+000  1.6000000e+001  1.0000000e+000  2.3080126e-001  2.8000000e+001
  1.1823721e+000 -3.8808289e-002  1.0000000e+000  1.6000000e+001  1.0000000e+000 -1.5317338e-002  2.9000000e+001
  5.3587998e+000  4.0022269e-002  1.0000000e+000  1.6000000e+001  1.0000000e+000 -5.6056738e-002  3.0000000e+001
 -3.1780345e+000 -2.0147455e-002  1.0000000e+000  1.6000000e+001  1.0000000e+000  6.3794143e-002  3.2000000e+001
  1.0704972e+001  5.0974760e-003  1.0000000e+000  1.6000000e+001  1.0000000e+000  2.1148855e-001  3.3000000e+001
 -6.9077012e+000  2.4424352e-002  1.0000000e+000  1.6000000e+001  1.0000000e+000  2.2743314e-001  3.4000000e+001
 -1.3658413e+001  4.5405743e-002  1.0000000e+000  1.6000000e+001  1.0000000e+000  1.6217110e-001  3.5000000e+001
 -1.0613205e+001  7.6993245e-002  1.0000000e+000  1.6000000e+001  1.0000000e+000  8.5287753e-002  3.6000000e+001
  2.4004490e+000 -2.2673597e-002  1.0000000e+000  1.6000000e+001  1.0000000e+000 -4.5326835e-003  3.7000000e+001
  2.8912350e+000 -9.2315419e-003  1.0000000e+000  1.6000000e+001  1.0000000e+000  9.1389798e-003  3.8000000e+001
  2.8269376e+000  1.7234737e-002  1.0000000e+000  1.6000000e+001  1.0000000e+000  2.7005440e-001  3.9000000e+001
 -3.7791261e-001 -5.4797200e-002  1.0000000e+000  1.6000000e+001  1.0000000e+000 -2.1393060e-001  4.1000000e+001
  3.3180837e+000 -2.7480215e-002  1.0000000e+000  1.6000000e+001  1.0000000e+000  4.9405111e-003  4.2000000e+001
  9.3403596e+000 -4.2529637e-002  1.0000000e+000  1.6000000e+001  1.0000000e+000  2.1871405e-002  4.4000000e+001
 -1.3041455e+000  2.6668498e-002  1.0000000e+000  1.6000000e+001  1.0000000e+000  3.2671409e-002  4.5000000e+001
  1.9494534e+000 -2.3258480e-003  1.0000000e+000  1.6000000e+001  1.0000000e+000  3.3551988e-001  4.6000000e+001
 -7.9084957e+000  3.4809546e-002  1.0000000e+000  1.6000000e+001  1.0000000e+000  6.5268509e-002  4.8000000e+001
  3.7147486e+000 -1.0563165e-002  1.0000000e+000  1.6000000e+001  1.0000000e+000 -2.4550482e-002  4.9000000e+001
  4.5965271e+000 -7.6891106e-003  1.0000000e+000  1.6000000e+001  1.0000000e+000  7.8629512e-002  5.0000000e+001
  4.3538327e+000 -3.7194495e-002  1.0000000e+000  1.6000000e+001  2.0000000e+000  6.1051649e-002  2.0000000e+000
 -4.2595789e+000  4.8510291e-002  1.0000000e+000  1.6000000e+001  2.0000000e+000  6.3794143e-002  3.2000000e+001
  2.2649744e+000 -7.7102897e-003  1.0000000e+000  1.6000000e+001  2.0000000e+000 -4.5326835e-003  3.7000000e+001
  1.3847342e+001 -1.1202185e-002  1.0000000e+000  1.6000000e+001  2.0000000e+000 -2.4550482e-002  4.9000000e+001
 -3.4593393e+000 -4.7742589e-004  3.0000000e+000  1.6000000e+001  1.0000000e+000 -2.2395476e-002  2.0000000e+000
  1.3759083e+001 -1.3878300e-002  3.0000000e+000  1.6000000e+001  1.0000000e+000  7.3785601e-002  3.0000000e+000
  2.2595078e+000  1.3265816e-002  3.0000000e+000  1.6000000e+001  1.0000000e+000  1.5952029e-001  5.0000000e+000
 -7.6618346e-001  1.3479400e-002  3.0000000e+000  1.6000000e+001  1.0000000e+000 -9.9621161e-002  6.0000000e+000
 -5.6465986e-002 -7.1434990e-003  3.0000000e+000  1.6000000e+001  1.0000000e+000  9.7829970e-002  7.0000000e+000
  5.2510707e+000 -9.2662701e-002  3.0000000e+000  1.6000000e+001  1.0000000e+000 -7.6981189e-002  8.0000000e+000
  2.9219119e+000 -2.7278994e-003  3.0000000e+000  1.6000000e+001  1.0000000e+000 -8.0070551e-002  1.0000000e+001
 -2.7363915e-001 -7.9380488e-003  3.0000000e+000  1.6000000e+001  1.0000000e+000  4.6583511e-002  1.1000000e+001
 -1.0370313e+000 -2.8078536e-002  3.0000000e+000  1.6000000e+001  1.0000000e+000  3.3702252e-001  1.2000000e+001
 -2.2647792e+000  1.4808724e-001  3.0000000e+000  1.6000000e+001  1.0000000e+000 -4.1246571e-002  1.3000000e+001
  1.1900716e+001 -3.9421960e-003  3.0000000e+000  1.6000000e+001  1.0000000e+000  2.1417062e-001  1.4000000e+001
 -1.2228456e+001  2.6547539e-002  3.0000000e+000  1.6000000e+001  1.0000000e+000  1.2799729e-001  1.6000000e+001
  1.8024223e-002 -2.0156880e-003  3.0000000e+000  1.6000000e+001  1.0000000e+000  1.3591433e-001  1.8000000e+001
  5.3763088e+000 -1.2671237e-002  3.0000000e+000  1.6000000e+001  1.0000000e+000  1.2077572e-001  1.9000000e+001
  1.3679843e+001 -1.2409245e-001  3.0000000e+000  1.6000000e+001  1.0000000e+000 -9.3455879e-003  2.0000000e+001
 -7.7677423e+000  4.4332625e-002  3.0000000e+000  1.6000000e+001  1.0000000e+000  1.2663882e-001  2.1000000e+001
 -8.3167231e-001  1.3461099e-002  3.0000000e+000  1.6000000e+001  1.0000000e+000  2.5467370e-001  2.2000000e+001
  3.1308873e+000 -4.1829600e-003  3.0000000e+000  1.6000000e+001  1.0000000e+000  1.0700334e-001  2.3000000e+001
  2.8397713e-001 -1.8179132e-002  3.0000000e+000  1.6000000e+001  1.0000000e+000 -1.0128599e-001  2.4000000e+001
 -7.5108613e+000  1.9760240e-002  3.0000000e+000  1.6000000e+001  1.0000000e+000  1.1746292e-001  2.5000000e+001
  4.0960607e+000 -4.8290820e-003  3.0000000e+000  1.6000000e+001  1.0000000e+000  1.7751999e-001  2.6000000e+001
  1.7929204e+000 -1.1676174e-002  3.0000000e+000  1.6000000e+001  1.0000000e+000  1.4811271e-001  2.7000000e+001
 -4.9991943e+000  5.2417667e-002  3.0000000e+000  1.6000000e+001  1.0000000e+000  9.8502163e-002  2.8000000e+001
  9.7028836e-001 -5.5232148e-003  3.0000000e+000  1.6000000e+001  1.0000000e+000  2.5728487e-001  2.9000000e+001
  5.7564931e+000  2.0683621e-002  3.0000000e+000  1.6000000e+001  1.0000000e+000  1.8591925e-001  3.0000000e+001
 -1.3290424e+001  3.3742440e-002  3.0000000e+000  1.6000000e+001  1.0000000e+000  1.0419093e-001  3.2000000e+001
  1.3780517e+001  8.5144368e-003  3.0000000e+000  1.6000000e+001  1.0000000e+000  1.4301689e-001  3.3000000e+001
 -3.8663113e+000 -2.5200030e-003  3.0000000e+000  1.6000000e+001  1.0000000e+000  3.0113477e-001  3.4000000e+001
 -5.4728342e+000  3.9880783e-002  3.0000000e+000  1.6000000e+001  1.0000000e+000  3.1080000e-001  3.5000000e+001
 -4.4342460e+000  1.6592515e-002  3.0000000e+000  1.6000000e+001  1.0000000e+000  1.4168478e-001  3.6000000e+001
 -7.4588546e+000  8.4183381e-002  3.0000000e+000  1.6000000e+001  1.0000000e+000  1.9801446e-001  3.7000000e+001
  1.3629505e+000  1.3456071e-003  3.0000000e+000  1.6000000e+001  1.0000000e+000  1.2283855e-001  3.8000000e+001
  8.1865214e-002  1.4112627e-002  3.0000000e+000  1.6000000e+001  1.0000000e+000  1.6742616e-001  3.9000000e+001
  5.4360366e+000 -7.3965722e-002  3.0000000e+000  1.6000000e+001  1.0000000e+000  1.7716536e-001  4.1000000e+001
  8.1362105e-001 -8.3169562e-003  3.0000000e+000  1.6000000e+001  1.0000000e+000  9.6888598e-002  4.2000000e+001
  6.6005879e+000 -4.2490003e-002  3.0000000e+000  1.6000000e+001  1.0000000e+000 -1.5616085e-002  4.4000000e+001
  6.0655788e+000 -3.5463152e-002  3.0000000e+000  1.6000000e+001  1.0000000e+000  2.6145292e-001  4.5000000e+001
 -9.2810814e+000  3.2269471e-002  3.0000000e+000  1.6000000e+001  1.0000000e+000  3.8821470e-001  4.6000000e+001
 -9.0465650e-001  3.6402325e-002  3.0000000e+000  1.6000000e+001  1.0000000e+000  6.7455068e-002  4.8000000e+001
  2.4320195e+000  1.6122550e-002  3.0000000e+000  1.6000000e+001  1.0000000e+000  1.5721959e-001  4.9000000e+001
 -1.0044632e+001  3.9057791e-002  3.0000000e+000  1.6000000e+001  1.0000000e+000  4.0898801e-002  5.0000000e+001
 -7.3969955e+000  1.3897565e-001  3.0000000e+000  1.6000000e+001  2.0000000e+000 -2.2395476e-002  2.0000000e+000
 -2.1418521e-001  3.2431339e-002  3.0000000e+000  1.6000000e+001  2.0000000e+000  4.6583511e-002  1.1000000e+001
  4.9156448e+001  8.6814981e-002  3.0000000e+000  1.6000000e+001  2.0000000e+000  2.1417062e-001  1.4000000e+001
 -9.7009104e-002  1.0001490e-003  3.0000000e+000  1.6000000e+001  2.0000000e+000  1.3591433e-001  1.8000000e+001
 -1.3422960e+001  2.4902517e-002  3.0000000e+000  1.6000000e+001  2.0000000e+000  1.2077572e-001  1.9000000e+001
  3.4240556e+001 -3.6809648e-002  3.0000000e+000  1.6000000e+001  2.0000000e+000 -9.3455879e-003  2.0000000e+001
  2.1098382e+001  1.5102739e-002  3.0000000e+000  1.6000000e+001  2.0000000e+000  1.2663882e-001  2.1000000e+001
  7.8240036e+000  9.4453694e-002  3.0000000e+000  1.6000000e+001  2.0000000e+000  1.0700334e-001  2.3000000e+001
  1.2543904e+002 -1.0953753e-003  3.0000000e+000  1.6000000e+001  2.0000000e+000  9.8502163e-002  2.8000000e+001
  2.1892812e+001  6.4018252e-002  3.0000000e+000  1.6000000e+001  2.0000000e+000  2.5728487e-001  2.9000000e+001
  4.7805787e+000  5.7168852e-002  3.0000000e+000  1.6000000e+001  2.0000000e+000  1.0419093e-001  3.2000000e+001
  4.7527824e+001 -1.2248980e-001  3.0000000e+000  1.6000000e+001  2.0000000e+000  1.4301689e-001  3.3000000e+001
  2.1159219e+001 -8.6416876e-002  3.0000000e+000  1.6000000e+001  2.0000000e+000  3.1080000e-001  3.5000000e+001
  0.0000000e+000  0.0000000e+000  3.0000000e+000  1.6000000e+001  2.0000000e+000  1.9801446e-001  3.7000000e+001
