-9999      11.853689      10.974995      11.273163      11.119438      13.498851      12.112097      17.937274       11.57517      15.102845      14.787825      12.516229      23.700167      34.138977      14.387261      15.682995      14.023981      12.973479      10.812394      18.318763      12.173752      13.535283      7.2215602      16.287073       9.002307      19.461805       11.17148      14.948672      12.326255      9.9914934
-9999      32.911902      53.938892      37.026148      37.687536      25.555669      26.220318      39.982168      36.186822       39.26361      40.051819      44.069104       32.68722          -9999      20.000023      44.621129      27.288489      14.671693      39.922323      19.166012      32.939968          -9999      27.847964          -9999      29.415904          -9999      27.426004          -9999      34.695391          -9999
6.6690816      19.799119       14.27191      3.9992174      8.4481357      13.057733      3.0583307      6.1959116      10.717394      15.427204      10.471883      6.4829266      8.8510653          -9999      14.598157      14.588343      13.897377      26.985583      5.5366636          -9999      9.9422427      5.5742901      7.6783798      13.177079      7.6494843          -9999      19.055264          -9999      12.389002          -9999
21.223152      7.5973069      9.1897026       11.21588      7.4442727      11.823945      13.135359      5.8468576      6.5911548      8.3081111      10.669237      11.650865      11.557324      5.1553133      7.5589913      10.411244       11.59547      24.462922      5.3042081      7.7790633       7.225801      11.281953      16.378446      11.571429      11.904492          -9999       8.604123          -9999      11.196125          -9999
36.096529      42.601537      17.164763      31.221941      23.643781      28.269769      21.617588      24.480505      15.600676      19.595924      21.310773      37.128216      15.354607      28.516578      21.383944      29.612245      19.808212      55.117473       22.32941          -9999      20.899301          -9999      18.728275      32.317307      27.780638          -9999      21.368717          -9999       23.08143          -9999
17.49544      7.6233426      9.1659899      15.773384      9.3380728      10.276775      16.376636      19.238709      4.8336816      9.8492928       17.21214       14.37749       6.093565      8.2932336       21.24907          -9999      17.592563      14.131558      8.2819859          -9999      14.250993      14.308208      17.165051      7.3286212       19.21686          -9999      11.219554          -9999      16.303794          -9999
-9999      14.227999      24.410418      23.436374      9.4381901      16.814812      10.896499      36.031076      20.030568      19.024222      22.071595      22.016144      23.213021      34.892227      17.918193      15.871598        19.0014      10.171303      17.880547          -9999      22.258065      7.9815129      25.143591          -9999       23.21968          -9999      22.187936          -9999      23.165913          -9999
0      1.9843313      2.2260431       6.980387     0.49678709      3.9671466              0              0     0.20041513      2.9116044      1.6490805              0    0.039012799      1.1333276     0.55341294              0      1.9640863       5.950348      2.4590916          -9999      1.8763653    0.077503213     0.70685858      3.1685424      2.7735583          -9999      1.3324376              0      2.2839551      7.8822259
12.898375      19.545462      18.769958      18.831477      20.286474      23.239966      20.569948      13.931055      15.629814      18.514962      17.911446      23.894318      17.217603      16.959183      17.346053      12.747735      18.378039      23.814875       16.29552          -9999      15.765972      20.287166      19.924976      15.041519      11.846421          -9999      19.068426          -9999      18.251939          -9999
48.36336      57.070723      66.124368      61.283731      68.407048      84.880023      47.389256      48.720452      70.470531      59.059084      63.462078      62.980762      65.283956      62.666871      64.701451      96.548507      66.198812      54.343887       64.14483      53.064913      67.230776          -9999      58.094807      60.555871      59.562386          -9999      56.528186      66.753812      67.637922          -9999
10.729546      30.958029      27.253311      36.166098      18.550561      38.442279      23.661406      22.498425      26.451666      25.047208      20.922706      26.949017       28.06932       32.66283      32.857563      22.127707      22.480707      17.022558      23.505381      17.115529      23.048803          -9999      25.519412      34.456671      28.670994          -9999      27.298055          -9999      29.293187      35.754626
-9999      38.906599      40.116159      35.511968      36.007569      48.681506        55.9903      27.304257      34.178268      28.126701      47.739245      7.9321154       35.32978      24.091451       41.76264      52.384416      38.332531      24.247917      15.981339       7.945684      38.897476      26.215256      43.811083      51.956963       37.39039          -9999      45.733528      53.435802      47.991123          -9999
-9999      6.1421427      3.3441893      6.3992275      4.6971452      5.4053562      12.799418       8.857022      7.3341271      7.5675796      9.4673676      1.9535581      3.6370744      13.763363      8.0427878      5.6012477      8.4715396      9.7756507      3.3399157      5.9568558      5.2118208      23.550234      8.2127825      9.7038331      8.2509806          -9999      6.3959946          -9999      6.6410983      8.8547281
5.3325552      15.608763      10.512662       11.45153      8.1596579      11.030359      12.614716      6.3018061      12.948068      11.070836      12.173227      1.9838195      6.8974048      9.1816526       13.61324      13.630381      13.014827      9.1022925      10.866362      11.427129       9.980567      21.702554      10.326646      13.444479      7.8955353          -9999      9.6327273      9.1739947      15.297402      13.399781
11.495063      27.036397      31.838826      20.174492      23.503239      27.161711      45.147994      21.434218      21.085005      68.785898      28.578027      26.003855      22.730879      20.698107      27.893899       10.57436      23.337723      24.946111      19.038241      18.657796        23.5971      15.144846      21.597169      57.026205       20.35958          -9999       25.75815      7.4345741       19.63924      37.937374
2.7469329e-005      4.3856242      5.4489098      2.3911939      4.8777749      3.1954571      11.160973      5.9319247      3.7916675      3.0053765      6.6464965      1.7013393      7.3588342          -9999      2.7843589      1.9402904       3.955392      8.0526408      6.3787955          -9999      5.1523563       3.923358      5.9971642      2.0064984      2.8304588          -9999      4.0977014          -9999      4.7513006      4.1458028
7.76205       8.253866      7.9424384      7.9245337      7.7675369      9.8317236      10.846461      7.7301049      8.7574103      8.5419955      8.6090494      7.2253788      8.4467075      7.9056246       8.863826      9.0809071      7.9780365      9.4893483      8.4994912      7.4078657      8.2113025      7.4887624      10.102111      4.1016886        6.96847          -9999      7.8154066          -9999      8.3315538          -9999
5.9298186      12.415001      7.3218632      4.8575296      4.9322945      5.0776729      6.8267649      6.0872925      4.7523689       5.817317        7.70161       6.021633       3.038076       3.630865      5.1256765      6.5358981      6.8282382       6.959435      6.4646582          -9999      5.8529909          -9999      6.7554759      5.9902246      5.3917963          -9999      5.5646197          -9999      5.8536177      4.1624035
6.9115568      9.7608025      10.362243      10.603326      5.1679433      8.0605056      2.7812889      10.531801      8.2499288      9.0989568       8.334291       3.937528      9.8615702      8.0694234      11.103379      9.8296705      4.8682438      4.7739562      10.021829      3.6450367      9.8209933          -9999      5.4543847          -9999       6.920695          -9999      8.1265659          -9999       6.539035          -9999
29.862233      41.498708       30.09676      16.409606      29.979081      20.776246      26.171996          -9999       29.00445       30.93049      29.717407      33.310231      31.937246          -9999      25.849592      26.014937      30.509037      48.984517      27.183074          -9999      27.389787      46.517619      30.980625      28.728106      27.444051          -9999      29.846477          -9999      33.186891          -9999
23.746766      32.147071      30.314253      21.231967      22.505119      32.715497      18.952208      28.490647      25.355891       18.30978      19.557339      24.691011      20.562371      28.822971      18.271061       16.01992      19.654154      8.8126109      27.500104          -9999       19.58286          -9999      25.219042      15.693003      25.376732          -9999       20.70604          -9999      22.246082          -9999
8.0296949      5.9397986      9.6129617      12.493185       7.850844      5.1836532      9.7253248      10.275918      12.681292      11.911576       6.431302      12.308107      16.404409       6.676659      10.019998      6.0577259       9.696757      8.8363813      11.756183      6.7449318      10.826336          -9999      11.666018      12.555048      11.532648          -9999      10.466442          -9999       9.024771          -9999
-9999       70.49682      41.000532      50.966972      59.532083      36.305841      91.679526      32.297538      31.433282      40.818428      60.101322      56.507215      74.895295       77.37863      55.296506      68.300828      67.251595      40.626661      48.290774          -9999      57.638163          -9999      50.346583      67.449518      64.493655          -9999      60.223626          -9999      59.060771      74.916106
-9999      11.223965      17.979248      19.572556      17.575822      13.483802         17.662       32.43652      16.393428      18.293123       18.60197       16.94843      17.905402      22.195746      12.956032      14.067864      16.358144      27.322988      16.484558      8.7479566      14.202055          -9999      18.473864      20.963713      8.7199275          -9999      12.560397      10.522331      15.418856      24.958479
15.967631      26.059557      19.560966      19.509928      20.205359      21.493595      21.070273      13.166351       11.46621      21.892884      21.696638      14.433069      27.982499      23.495654      16.856898      19.683491      16.185025      12.636367      24.082016      27.887262      15.824727      10.938055      17.119122      17.248982       18.44151          -9999      17.470434      19.037019      17.560239          -9999
7.2231454      8.8042568       12.84999      6.3722746      6.4855643      6.2955641      7.7136253      14.685688      10.570981      5.6944859      6.6456597      5.4092914      10.200624      6.6527763      7.5005754      8.9177782      10.556111      3.2751924       7.539934      7.2657594      6.7204534      6.9062856      5.4400382      4.2421604      8.0229626       13.42404      6.4916842          -9999      6.7204621      9.9921074
28.596345      10.100071      18.946321      29.608133      20.428242      33.701623      12.835334      10.410981      13.153459      17.144086      14.991078      21.934996      11.774884      29.605968      15.671398      9.8098333       21.53589      26.194828      19.689229      22.712959      20.130109      12.157356      23.751071      19.548889      18.390888          -9999      12.302775          -9999      20.954111      19.991516
10.126273      9.5677492      14.516054      11.963885      14.937654      15.123114      13.798001      13.135521      12.915125      16.967087       13.23205      16.659307      9.7546672      7.6698926      12.755979      10.251226      15.852446      15.673094      10.139197      14.390136      13.795211      13.277458      13.995795      17.709857      8.8831328          -9999      11.758382      18.099427      13.602057          -9999
10.954525      4.5165163      0.3768151      5.5669169      6.1272969      5.3777367      6.6482869      8.8481032      8.1546568      6.5249792      9.7797569      7.6433393      10.643557      10.612174      6.2266969      23.286989       8.966429      5.5631214      12.687863          -9999      6.7712575              0      6.3641606       8.183474      6.1666236          -9999      6.1477906      2.1928344      8.5637726      15.317598
25.726869      20.450063      21.902089      29.104466       28.82723      27.192849      14.532703          -9999      27.563165      19.906505      28.461684      36.424215      26.389046      27.689077      22.369252      28.411656      19.902257      21.463507      26.533373      37.310486      23.456272      18.121306      28.798004      19.980372      23.857276          -9999      23.686801          -9999      27.963907          -9999
2.6106      3.4265      1.8277       1.069      1.8617      1.3157      2.4537      3.5741      0.5926      5.8534      1.6423      6.1353      2.4881     0.86985      1.6033      2.5947      2.6094      2.3144      1.1477    0.018962     0.72931      2.7256     0.93704      1.9338      1.5518      2.3524       1.899           0      1.4721           0
2.5991772      17.493114      15.743686      16.336161      12.670644      10.525941      11.754583      13.300176      19.382336      17.453089      19.567684      21.891173      9.2780524      22.109891      12.178508       15.48053      15.023989      10.560447      10.806263      25.632371      13.969821      10.258733      12.517052      10.383213      23.976856          -9999      20.081072          -9999       21.57767          -9999
17.885619      25.072923      22.109944      17.801923       17.47607        23.6674      23.076479      20.070463      18.651312      17.940668      20.817018      16.563436       17.70819      17.606933      16.586867      22.889292      18.299565       22.90942      18.184428          -9999      17.528352      20.192541      19.897488      20.887731      18.558172          -9999       16.48727      32.819718      21.746408          -9999
-9999      38.718767      39.054985       39.59284       39.23566      48.960492      39.948986      38.752012      36.279436      33.014515       39.48683      34.482223      45.065197      24.565397      39.664772      36.755186      34.732943      43.438099      41.651806          -9999      36.886468      37.070817      36.753157          -9999      32.341815          -9999      38.102423          -9999      39.224022          -9999
11.90894      13.267581      14.993667      15.367174      17.374219      14.498329      12.335057      16.669807      16.171239      14.906694      16.483741      14.968881      10.959591      12.175109      14.381232       13.18375      15.807657      18.312719      17.277149       14.58848       16.13704      18.395783      16.811224          -9999      14.481834          -9999      15.828167          -9999      16.777153          -9999
9.5424173      10.113843      7.3906257      16.862085       17.57471      10.754972      12.172966      11.969879       14.40787      9.4125998      14.363272       9.411355      9.0966943      3.9732197      10.261571      12.312815      14.729483      11.762185      9.8646098          -9999      12.654371      13.128375      14.152512      3.5191326      9.4742411          -9999      11.862428      2.5932753      12.817123          -9999
8.8816025       6.192425      9.2404865      8.9952866       11.68945      15.194668      10.653988      4.1119249      9.1579402      11.060485      9.0229057      7.2265449      10.161527      12.365196      7.5392249          -9999      9.7425013      5.8332822      8.8901198          -9999        7.40186          -9999      9.5767927      6.2761738      10.550064          -9999      8.0721696          -9999      11.597171          -9999
25.081083      21.539674      34.587223      30.364527      30.260791      29.174057       29.28454      25.901573      29.172026      31.856284      30.635157      41.884618      33.666753      20.546584      30.762654      29.317471      31.237637      31.275821      25.641001          -9999       30.07007      32.706939      30.422396      36.443986      28.396185          -9999      28.290112      35.955921      32.193034          -9999
4.2742098      3.9715791      7.5900058       14.50543      9.1580932      2.7499448              0      12.553488      3.2946524      2.9358803      5.2582194      5.3516535          -9999      2.1654166      9.3360292      10.215557      7.6654631      5.8639453      8.5313811          -9999      6.8225447          -9999      5.9384681      10.474258      5.1589159          -9999      9.1286177      13.583359      9.3838876          -9999
-9999       4.075885      8.3225339      3.4409918      10.645508      11.752529          -9999      17.995241      9.3890232      13.551422      5.7362616      39.772802      6.3677504      21.394973      5.1570139      11.623234      7.7389595      13.733011      8.9871084       25.84007      16.943021      10.447021      11.260314      13.345444      12.918336      24.186552      8.8560238      7.9851309      9.5008295          -9999
-9999      19.496823      8.6478051      21.713194      17.964821      11.750269      19.409175      6.4839907      19.784303      27.485206      20.187157          -9999        22.2545          -9999       15.05938          -9999      22.841421      21.064896      20.933378          -9999      14.744303       9.304476      23.569356      33.564741      14.285267          -9999      21.330727          -9999      20.004345          -9999
