  0.0000000e+000  2.5555935e-001  4.8870060e-001  7.4141952e-001  2.8697755e-001  5.0445653e-001  6.9915255e-001
  4.0000000e+000  3.6691666e-001  5.8689970e-001  8.3273999e-001  3.3161819e-001  5.9016829e-001  7.6945141e-001
  8.0000000e+000  4.7024189e-001  6.6842643e-001  8.8485608e-001  4.6988937e-001  6.6975266e-001  8.2640408e-001
  1.6000000e+001  6.1450976e-001  8.0962393e-001  9.2864864e-001  5.9029075e-001  7.8328584e-001  8.7487057e-001
  3.2000000e+001  8.3482760e-001  9.3647432e-001  9.8116440e-001  7.4660705e-001  9.0712672e-001  9.5620206e-001
  0.0000000e+000  2.3754849e-002  1.4789182e-002  1.8028110e-002  2.1019577e-002  1.9407141e-002  1.5591116e-002
  4.0000000e+000  2.4292024e-002  2.0282336e-002  1.3967506e-002  2.3406992e-002  1.7265023e-002  1.5876833e-002
  8.0000000e+000  3.4332019e-002  2.1314497e-002  1.4542360e-002  2.8295188e-002  1.7820411e-002  1.3670211e-002
  1.6000000e+001  2.9457986e-002  1.9188300e-002  1.0906361e-002  3.2388138e-002  1.6349420e-002  1.3236302e-002
  3.2000000e+001  2.1997120e-002  9.0474595e-003  5.3835371e-003  3.0165117e-002  1.1171870e-002  8.1483896e-003
  0.0000000e+000  2.5831406e-001  4.8875840e-001  7.4274041e-001  2.7701771e-001  5.0358140e-001  7.0126465e-001
  1.0000000e-001  2.6030078e-001  4.9050342e-001  7.4730413e-001  2.7936229e-001  5.0578345e-001  7.0351903e-001
  2.0000000e-001  2.6254773e-001  4.9252477e-001  7.5094563e-001  2.8172207e-001  5.0806460e-001  7.0561509e-001
  3.0000000e-001  2.6489998e-001  4.9465991e-001  7.5427636e-001  2.8408279e-001  5.1036984e-001  7.0764647e-001
  4.0000000e-001  2.6732039e-001  4.9686885e-001  7.5740721e-001  2.8644137e-001  5.1268694e-001  7.0963232e-001
  5.0000000e-001  2.6979051e-001  4.9913154e-001  7.6038890e-001  2.8879636e-001  5.1501001e-001  7.1158173e-001
  6.0000000e-001  2.7229909e-001  5.0143566e-001  7.6325067e-001  2.9114689e-001  5.1733551e-001  7.1350008e-001
  7.0000000e-001  2.7483852e-001  5.0377279e-001  7.6601162e-001  2.9349242e-001  5.1966110e-001  7.1539096e-001
  8.0000000e-001  2.7740324e-001  5.0613679e-001  7.6868521e-001  2.9583254e-001  5.2198511e-001  7.1725692e-001
  9.0000000e-001  2.7998902e-001  5.0852293e-001  7.7128149e-001  2.9816696e-001  5.2430627e-001  7.1909993e-001
  1.0000000e+000  2.8259252e-001  5.1092748e-001  7.7380823e-001  3.0049546e-001  5.2662362e-001  7.2092150e-001
  1.1000000e+000  2.8521103e-001  5.1334738e-001  7.7627165e-001  3.0281787e-001  5.2893638e-001  7.2272288e-001
  1.2000000e+000  2.8784228e-001  5.1578009e-001  7.7867684e-001  3.0513405e-001  5.3124390e-001  7.2450511e-001
  1.3000000e+000  2.9048439e-001  5.1822347e-001  7.8102805e-001  3.0744389e-001  5.3354567e-001  7.2626905e-001
  1.4000000e+000  2.9313572e-001  5.2067567e-001  7.8332891e-001  3.0974729e-001  5.3584125e-001  7.2801546e-001
  1.5000000e+000  2.9579486e-001  5.2313510e-001  7.8558251e-001  3.1204419e-001  5.3813027e-001  7.2974499e-001
  1.6000000e+000  2.9846058e-001  5.2560033e-001  7.8779157e-001  3.1433452e-001  5.4041239e-001  7.3145823e-001
  1.7000000e+000  3.0113179e-001  5.2807014e-001  7.8995847e-001  3.1661822e-001  5.4268736e-001  7.3315567e-001
  1.8000000e+000  3.0380752e-001  5.3054341e-001  7.9208533e-001  3.1889526e-001  5.4495492e-001  7.3483780e-001
  1.9000000e+000  3.0648689e-001  5.3301915e-001  7.9417404e-001  3.2116560e-001  5.4721487e-001  7.3650502e-001
  2.0000000e+000  3.0916913e-001  5.3549647e-001  7.9622631e-001  3.2342921e-001  5.4946702e-001  7.3815773e-001
  2.1000000e+000  3.1185353e-001  5.3797454e-001  7.9824368e-001  3.2568607e-001  5.5171122e-001  7.3979627e-001
  2.2000000e+000  3.1453943e-001  5.4045265e-001  8.0022756e-001  3.2793614e-001  5.5394733e-001  7.4142097e-001
  2.3000000e+000  3.1722625e-001  5.4293010e-001  8.0217925e-001  3.3017943e-001  5.5617520e-001  7.4303212e-001
  2.4000000e+000  3.1991345e-001  5.4540628e-001  8.0409992e-001  3.3241591e-001  5.5839474e-001  7.4463002e-001
  2.5000000e+000  3.2260052e-001  5.4788061e-001  8.0599068e-001  3.3464558e-001  5.6060585e-001  7.4621491e-001
  2.6000000e+000  3.2528702e-001  5.5035258e-001  8.0785254e-001  3.3686842e-001  5.6280843e-001  7.4778706e-001
  2.7000000e+000  3.2797250e-001  5.5282170e-001  8.0968644e-001  3.3908444e-001  5.6500242e-001  7.4934668e-001
  2.8000000e+000  3.3065657e-001  5.5528751e-001  8.1149328e-001  3.4129362e-001  5.6718773e-001  7.5089400e-001
  2.9000000e+000  3.3333888e-001  5.5774959e-001  8.1327387e-001  3.4349598e-001  5.6936432e-001  7.5242923e-001
  3.0000000e+000  3.3601906e-001  5.6020757e-001  8.1502899e-001  3.4569150e-001  5.7153212e-001  7.5395256e-001
  3.1000000e+000  3.3869680e-001  5.6266106e-001  8.1675936e-001  3.4788019e-001  5.7369109e-001  7.5546418e-001
  3.2000000e+000  3.4137181e-001  5.6510974e-001  8.1846569e-001  3.5006206e-001  5.7584119e-001  7.5696427e-001
  3.3000000e+000  3.4404379e-001  5.6755328e-001  8.2014861e-001  3.5223710e-001  5.7798238e-001  7.5845300e-001
  3.4000000e+000  3.4671249e-001  5.6999139e-001  8.2180873e-001  3.5440532e-001  5.8011463e-001  7.5993054e-001
  3.5000000e+000  3.4937764e-001  5.7242379e-001  8.2344665e-001  3.5656674e-001  5.8223791e-001  7.6139704e-001
  3.6000000e+000  3.5203903e-001  5.7485022e-001  8.2506292e-001  3.5872135e-001  5.8435221e-001  7.6285265e-001
  3.7000000e+000  3.5469643e-001  5.7727042e-001  8.2665806e-001  3.6086916e-001  5.8645749e-001  7.6429753e-001
  3.8000000e+000  3.5734963e-001  5.7968418e-001  8.2823257e-001  3.6301019e-001  5.8855376e-001  7.6573180e-001
  3.9000000e+000  3.5999843e-001  5.8209126e-001  8.2978693e-001  3.6514444e-001  5.9064098e-001  7.6715561e-001
  4.0000000e+000  3.6264264e-001  5.8449148e-001  8.3132161e-001  3.6727192e-001  5.9271916e-001  7.6856908e-001
  4.1000000e+000  3.6528210e-001  5.8688463e-001  8.3283704e-001  3.6939265e-001  5.9478828e-001  7.6997235e-001
  4.2000000e+000  3.6791662e-001  5.8927053e-001  8.3433364e-001  3.7150662e-001  5.9684835e-001  7.7136554e-001
  4.3000000e+000  3.7054606e-001  5.9164902e-001  8.3581181e-001  3.7361387e-001  5.9889935e-001  7.7274876e-001
  4.4000000e+000  3.7317027e-001  5.9401992e-001  8.3727195e-001  3.7571439e-001  6.0094130e-001  7.7412213e-001
  4.5000000e+000  3.7578909e-001  5.9638310e-001  8.3871441e-001  3.7780820e-001  6.0297418e-001  7.7548576e-001
  4.6000000e+000  3.7840240e-001  5.9873839e-001  8.4013956e-001  3.7989532e-001  6.0499801e-001  7.7683977e-001
  4.7000000e+000  3.8101006e-001  6.0108568e-001  8.4154775e-001  3.8197575e-001  6.0701279e-001  7.7818426e-001
  4.8000000e+000  3.8361195e-001  6.0342482e-001  8.4293931e-001  3.8404952e-001  6.0901853e-001  7.7951933e-001
  4.9000000e+000  3.8620796e-001  6.0575570e-001  8.4431455e-001  3.8611662e-001  6.1101524e-001  7.8084508e-001
  5.0000000e+000  3.8879798e-001  6.0807821e-001  8.4567379e-001  3.8817709e-001  6.1300292e-001  7.8216162e-001
  5.1000000e+000  3.9138189e-001  6.1039223e-001  8.4701732e-001  3.9023092e-001  6.1498159e-001  7.8346904e-001
  5.2000000e+000  3.9395960e-001  6.1269768e-001  8.4834544e-001  3.9227815e-001  6.1695126e-001  7.8476743e-001
  5.3000000e+000  3.9653102e-001  6.1499444e-001  8.4965842e-001  3.9431878e-001  6.1891195e-001  7.8605689e-001
  5.4000000e+000  3.9909605e-001  6.1728243e-001  8.5095653e-001  3.9635282e-001  6.2086366e-001  7.8733750e-001
  5.5000000e+000  4.0165460e-001  6.1956156e-001  8.5224005e-001  3.9838030e-001  6.2280642e-001  7.8860935e-001
  5.6000000e+000  4.0420659e-001  6.2183176e-001  8.5350921e-001  4.0040122e-001  6.2474024e-001  7.8987253e-001
  5.7000000e+000  4.0675195e-001  6.2409295e-001  8.5476427e-001  4.0241561e-001  6.2666515e-001  7.9112713e-001
  5.8000000e+000  4.0929059e-001  6.2634506e-001  8.5600547e-001  4.0442348e-001  6.2858115e-001  7.9237322e-001
  5.9000000e+000  4.1182244e-001  6.2858802e-001  8.5723304e-001  4.0642485e-001  6.3048827e-001  7.9361089e-001
  6.0000000e+000  4.1434745e-001  6.3082177e-001  8.5844720e-001  4.0841973e-001  6.3238652e-001  7.9484022e-001
  6.1000000e+000  4.1686553e-001  6.3304625e-001  8.5964818e-001  4.1040813e-001  6.3427594e-001  7.9606128e-001
  6.2000000e+000  4.1937664e-001  6.3526141e-001  8.6083619e-001  4.1239008e-001  6.3615654e-001  7.9727415e-001
  6.3000000e+000  4.2188071e-001  6.3746719e-001  8.6201144e-001  4.1436560e-001  6.3802834e-001  7.9847891e-001
  6.4000000e+000  4.2437768e-001  6.3966355e-001  8.6317412e-001  4.1633469e-001  6.3989136e-001  7.9967563e-001
  6.5000000e+000  4.2686750e-001  6.4185045e-001  8.6432445e-001  4.1829737e-001  6.4174564e-001  8.0086438e-001
  6.6000000e+000  4.2935012e-001  6.4402783e-001  8.6546260e-001  4.2025367e-001  6.4359119e-001  8.0204524e-001
  6.7000000e+000  4.3182549e-001  6.4619567e-001  8.6658877e-001  4.2220359e-001  6.4542803e-001  8.0321826e-001
  6.8000000e+000  4.3429356e-001  6.4835393e-001  8.6770313e-001  4.2414716e-001  6.4725620e-001  8.0438354e-001
  6.9000000e+000  4.3675430e-001  6.5050257e-001  8.6880587e-001  4.2608440e-001  6.4907572e-001  8.0554112e-001
  7.0000000e+000  4.3920765e-001  6.5264156e-001  8.6989716e-001  4.2801531e-001  6.5088661e-001  8.0669108e-001
  7.1000000e+000  4.4165359e-001  6.5477088e-001  8.7097717e-001  4.2993992e-001  6.5268890e-001  8.0783348e-001
  7.2000000e+000  4.4409206e-001  6.5689050e-001  8.7204607e-001  4.3185824e-001  6.5448262e-001  8.0896839e-001
  7.3000000e+000  4.4652304e-001  6.5900041e-001  8.7310401e-001  4.3377029e-001  6.5626779e-001  8.1009588e-001
  7.4000000e+000  4.4894649e-001  6.6110057e-001  8.7415116e-001  4.3567610e-001  6.5804445e-001  8.1121600e-001
  7.5000000e+000  4.5136238e-001  6.6319097e-001  8.7518766e-001  4.3757566e-001  6.5981261e-001  8.1232881e-001
  7.6000000e+000  4.5377068e-001  6.6527159e-001  8.7621368e-001  4.3946901e-001  6.6157230e-001  8.1343438e-001
  7.7000000e+000  4.5617136e-001  6.6734242e-001  8.7722935e-001  4.4135617e-001  6.6332356e-001  8.1453277e-001
  7.8000000e+000  4.5856439e-001  6.6940345e-001  8.7823482e-001  4.4323714e-001  6.6506642e-001  8.1562403e-001
  7.9000000e+000  4.6094976e-001  6.7145466e-001  8.7923024e-001  4.4511194e-001  6.6680089e-001  8.1670823e-001
  8.0000000e+000  4.6332742e-001  6.7349605e-001  8.8021574e-001  4.4698060e-001  6.6852702e-001  8.1778543e-001
  8.1000000e+000  4.6569737e-001  6.7552761e-001  8.8119145e-001  4.4884313e-001  6.7024482e-001  8.1885567e-001
  8.2000000e+000  4.6805957e-001  6.7754933e-001  8.8215752e-001  4.5069955e-001  6.7195433e-001  8.1991902e-001
  8.3000000e+000  4.7041401e-001  6.7956122e-001  8.8311406e-001  4.5254987e-001  6.7365558e-001  8.2097553e-001
  8.4000000e+000  4.7276068e-001  6.8156326e-001  8.8406121e-001  4.5439411e-001  6.7534860e-001  8.2202525e-001
  8.5000000e+000  4.7509955e-001  6.8355545e-001  8.8499909e-001  4.5623230e-001  6.7703341e-001  8.2306824e-001
  8.6000000e+000  4.7743061e-001  6.8553781e-001  8.8592783e-001  4.5806445e-001  6.7871006e-001  8.2410456e-001
  8.7000000e+000  4.7975384e-001  6.8751032e-001  8.8684753e-001  4.5989057e-001  6.8037856e-001  8.2513425e-001
  8.8000000e+000  4.8206922e-001  6.8947300e-001  8.8775833e-001  4.6171068e-001  6.8203894e-001  8.2615737e-001
  8.9000000e+000  4.8437676e-001  6.9142584e-001  8.8866033e-001  4.6352481e-001  6.8369125e-001  8.2717397e-001
  9.0000000e+000  4.8667642e-001  6.9336885e-001  8.8955365e-001  4.6533296e-001  6.8533550e-001  8.2818410e-001
  9.1000000e+000  4.8896821e-001  6.9530205e-001  8.9043840e-001  4.6713516e-001  6.8697173e-001  8.2918780e-001
  9.2000000e+000  4.9125212e-001  6.9722543e-001  8.9131469e-001  4.6893143e-001  6.8859997e-001  8.3018514e-001
  9.3000000e+000  4.9352813e-001  6.9913900e-001  8.9218262e-001  4.7072177e-001  6.9022025e-001  8.3117615e-001
  9.4000000e+000  4.9579623e-001  7.0104279e-001  8.9304230e-001  4.7250622e-001  6.9183260e-001  8.3216089e-001
  9.5000000e+000  4.9805643e-001  7.0293679e-001  8.9389383e-001  4.7428478e-001  6.9343705e-001  8.3313940e-001
  9.6000000e+000  5.0030871e-001  7.0482102e-001  8.9473731e-001  4.7605748e-001  6.9503364e-001  8.3411173e-001
  9.7000000e+000  5.0255306e-001  7.0669549e-001  8.9557285e-001  4.7782433e-001  6.9662239e-001  8.3507793e-001
  9.8000000e+000  5.0478949e-001  7.0856022e-001  8.9640054e-001  4.7958535e-001  6.9820333e-001  8.3603805e-001
  9.9000000e+000  5.0701800e-001  7.1041522e-001  8.9722047e-001  4.8134055e-001  6.9977650e-001  8.3699212e-001
  1.0000000e+001  5.0923857e-001  7.1226051e-001  8.9803274e-001  4.8308996e-001  7.0134193e-001  8.3794020e-001
  1.0100000e+001  5.1145120e-001  7.1409610e-001  8.9883744e-001  4.8483359e-001  7.0289965e-001  8.3888233e-001
  1.0200000e+001  5.1365590e-001  7.1592202e-001  8.9963466e-001  4.8657146e-001  7.0444968e-001  8.3981855e-001
  1.0300000e+001  5.1585267e-001  7.1773827e-001  9.0042450e-001  4.8830359e-001  7.0599207e-001  8.4074891e-001
  1.0400000e+001  5.1804149e-001  7.1954488e-001  9.0120704e-001  4.9002999e-001  7.0752683e-001  8.4167345e-001
  1.0500000e+001  5.2022238e-001  7.2134187e-001  9.0198236e-001  4.9175068e-001  7.0905402e-001  8.4259221e-001
  1.0600000e+001  5.2239534e-001  7.2312926e-001  9.0275055e-001  4.9346568e-001  7.1057364e-001  8.4350524e-001
  1.0700000e+001  5.2456036e-001  7.2490708e-001  9.0351170e-001  4.9517501e-001  7.1208574e-001  8.4441257e-001
  1.0800000e+001  5.2671746e-001  7.2667533e-001  9.0426588e-001  4.9687868e-001  7.1359035e-001  8.4531426e-001
  1.0900000e+001  5.2886662e-001  7.2843404e-001  9.0501318e-001  4.9857671e-001  7.1508749e-001  8.4621033e-001
  1.1000000e+001  5.3100786e-001  7.3018325e-001  9.0575368e-001  5.0026912e-001  7.1657721e-001  8.4710084e-001
  1.1100000e+001  5.3314119e-001  7.3192296e-001  9.0648745e-001  5.0195593e-001  7.1805952e-001  8.4798581e-001
  1.1200000e+001  5.3526660e-001  7.3365321e-001  9.0721457e-001  5.0363715e-001  7.1953447e-001  8.4886530e-001
  1.1300000e+001  5.3738410e-001  7.3537401e-001  9.0793513e-001  5.0531279e-001  7.2100208e-001  8.4973933e-001
  1.1400000e+001  5.3949369e-001  7.3708540e-001  9.0864918e-001  5.0698289e-001  7.2246239e-001  8.5060796e-001
  1.1500000e+001  5.4159539e-001  7.3878740e-001  9.0935681e-001  5.0864745e-001  7.2391542e-001  8.5147121e-001
  1.1600000e+001  5.4368920e-001  7.4048004e-001  9.1005808e-001  5.1030649e-001  7.2536120e-001  8.5232913e-001
  1.1700000e+001  5.4577513e-001  7.4216334e-001  9.1075308e-001  5.1196003e-001  7.2679978e-001  8.5318175e-001
  1.1800000e+001  5.4785318e-001  7.4383733e-001  9.1144186e-001  5.1360808e-001  7.2823117e-001  8.5402912e-001
  1.1900000e+001  5.4992336e-001  7.4550203e-001  9.1212451e-001  5.1525067e-001  7.2965541e-001  8.5487126e-001
  1.2000000e+001  5.5198569e-001  7.4715748e-001  9.1280108e-001  5.1688781e-001  7.3107253e-001  8.5570822e-001
  1.2100000e+001  5.5404016e-001  7.4880371e-001  9.1347164e-001  5.1851951e-001  7.3248257e-001  8.5654003e-001
  1.2200000e+001  5.5608679e-001  7.5044073e-001  9.1413626e-001  5.2014580e-001  7.3388555e-001  8.5736673e-001
  1.2300000e+001  5.5812560e-001  7.5206859e-001  9.1479501e-001  5.2176668e-001  7.3528150e-001  8.5818835e-001
  1.2400000e+001  5.6015658e-001  7.5368731e-001  9.1544794e-001  5.2338219e-001  7.3667045e-001  8.5900494e-001
  1.2500000e+001  5.6217975e-001  7.5529691e-001  9.1609513e-001  5.2499232e-001  7.3805244e-001  8.5981651e-001
  1.2600000e+001  5.6419513e-001  7.5689744e-001  9.1673662e-001  5.2659711e-001  7.3942749e-001  8.6062312e-001
  1.2700000e+001  5.6620271e-001  7.5848892e-001  9.1737250e-001  5.2819657e-001  7.4079564e-001  8.6142479e-001
  1.2800000e+001  5.6820252e-001  7.6007138e-001  9.1800281e-001  5.2979071e-001  7.4215692e-001  8.6222156e-001
  1.2900000e+001  5.7019456e-001  7.6164485e-001  9.1862761e-001  5.3137955e-001  7.4351135e-001  8.6301346e-001
  1.3000000e+001  5.7217885e-001  7.6320937e-001  9.1924697e-001  5.3296311e-001  7.4485897e-001  8.6380053e-001
  1.3100000e+001  5.7415541e-001  7.6476496e-001  9.1986094e-001  5.3454140e-001  7.4619981e-001  8.6458280e-001
  1.3200000e+001  5.7612423e-001  7.6631166e-001  9.2046957e-001  5.3611444e-001  7.4753390e-001  8.6536029e-001
  1.3300000e+001  5.7808534e-001  7.6784950e-001  9.2107294e-001  5.3768225e-001  7.4886127e-001  8.6613306e-001
  1.3400000e+001  5.8003875e-001  7.6937851e-001  9.2167108e-001  5.3924485e-001  7.5018194e-001  8.6690112e-001
  1.3500000e+001  5.8198447e-001  7.7089873e-001  9.2226406e-001  5.4080224e-001  7.5149595e-001  8.6766451e-001
  1.3600000e+001  5.8392252e-001  7.7241018e-001  9.2285192e-001  5.4235445e-001  7.5280333e-001  8.6842326e-001
  1.3700000e+001  5.8585291e-001  7.7391290e-001  9.2343473e-001  5.4390150e-001  7.5410411e-001  8.6917740e-001
  1.3800000e+001  5.8777566e-001  7.7540693e-001  9.2401254e-001  5.4544339e-001  7.5539832e-001  8.6992697e-001
  1.3900000e+001  5.8969078e-001  7.7689229e-001  9.2458539e-001  5.4698015e-001  7.5668599e-001  8.7067199e-001
  1.4000000e+001  5.9159828e-001  7.7836903e-001  9.2515334e-001  5.4851179e-001  7.5796714e-001  8.7141250e-001
  1.4100000e+001  5.9349818e-001  7.7983716e-001  9.2571644e-001  5.5003833e-001  7.5924181e-001  8.7214852e-001
  1.4200000e+001  5.9539050e-001  7.8129674e-001  9.2627474e-001  5.5155978e-001  7.6051003e-001  8.7288009e-001
  1.4300000e+001  5.9727525e-001  7.8274779e-001  9.2682828e-001  5.5307617e-001  7.6177183e-001  8.7360724e-001
  1.4400000e+001  5.9915245e-001  7.8419034e-001  9.2737712e-001  5.5458750e-001  7.6302723e-001  8.7432999e-001
  1.4500000e+001  6.0102211e-001  7.8562444e-001  9.2792130e-001  5.5609379e-001  7.6427627e-001  8.7504838e-001
  1.4600000e+001  6.0288425e-001  7.8705010e-001  9.2846088e-001  5.5759506e-001  7.6551897e-001  8.7576244e-001
  1.4700000e+001  6.0473888e-001  7.8846738e-001  9.2899589e-001  5.5909133e-001  7.6675536e-001  8.7647219e-001
  1.4800000e+001  6.0658603e-001  7.8987631e-001  9.2952639e-001  5.6058261e-001  7.6798548e-001  8.7717766e-001
  1.4900000e+001  6.0842571e-001  7.9127691e-001  9.3005241e-001  5.6206891e-001  7.6920935e-001  8.7787888e-001
  1.5000000e+001  6.1025794e-001  7.9266923e-001  9.3057401e-001  5.6355026e-001  7.7042700e-001  8.7857589e-001
  1.5100000e+001  6.1208272e-001  7.9405329e-001  9.3109123e-001  5.6502666e-001  7.7163846e-001  8.7926870e-001
  1.5200000e+001  6.1390009e-001  7.9542914e-001  9.3160410e-001  5.6649814e-001  7.7284376e-001  8.7995735e-001
  1.5300000e+001  6.1571006e-001  7.9679681e-001  9.3211269e-001  5.6796471e-001  7.7404292e-001  8.8064186e-001
  1.5400000e+001  6.1751265e-001  7.9815634e-001  9.3261702e-001  5.6942639e-001  7.7523598e-001  8.8132226e-001
  1.5500000e+001  6.1930787e-001  7.9950775e-001  9.3311714e-001  5.7088318e-001  7.7642297e-001  8.8199858e-001
  1.5600000e+001  6.2109574e-001  8.0085109e-001  9.3361309e-001  5.7233511e-001  7.7760390e-001  8.8267084e-001
  1.5700000e+001  6.2287628e-001  8.0218640e-001  9.3410492e-001  5.7378220e-001  7.7877882e-001  8.8333908e-001
  1.5800000e+001  6.2464951e-001  8.0351370e-001  9.3459265e-001  5.7522445e-001  7.7994774e-001  8.8400331e-001
  1.5900000e+001  6.2641545e-001  8.0483303e-001  9.3507634e-001  5.7666189e-001  7.8111070e-001  8.8466357e-001
  1.6000000e+001  6.2817411e-001  8.0614443e-001  9.3555603e-001  5.7809452e-001  7.8226772e-001  8.8531988e-001
  1.6100000e+001  6.2992551e-001  8.0744793e-001  9.3603174e-001  5.7952237e-001  7.8341884e-001  8.8597226e-001
  1.6200000e+001  6.3166968e-001  8.0874357e-001  9.3650352e-001  5.8094545e-001  7.8456408e-001  8.8662075e-001
  1.6300000e+001  6.3340663e-001  8.1003139e-001  9.3697142e-001  5.8236378e-001  7.8570346e-001  8.8726536e-001
  1.6400000e+001  6.3513639e-001  8.1131142e-001  9.3743545e-001  5.8377737e-001  7.8683702e-001  8.8790613e-001
  1.6500000e+001  6.3685896e-001  8.1258370e-001  9.3789567e-001  5.8518623e-001  7.8796478e-001  8.8854308e-001
  1.6600000e+001  6.3857437e-001  8.1384825e-001  9.3835211e-001  5.8659038e-001  7.8908677e-001  8.8917622e-001
  1.6700000e+001  6.4028264e-001  8.1510513e-001  9.3880481e-001  5.8798984e-001  7.9020302e-001  8.8980560e-001
  1.6800000e+001  6.4198378e-001  8.1635436e-001  9.3925380e-001  5.8938462e-001  7.9131356e-001  8.9043123e-001
  1.6900000e+001  6.4367783e-001  8.1759598e-001  9.3969911e-001  5.9077473e-001  7.9241841e-001  8.9105313e-001
  1.7000000e+001  6.4536479e-001  8.1883003e-001  9.4014079e-001  5.9216020e-001  7.9351759e-001  8.9167134e-001
  1.7100000e+001  6.4704469e-001  8.2005654e-001  9.4057887e-001  5.9354103e-001  7.9461114e-001  8.9228587e-001
  1.7200000e+001  6.4871754e-001  8.2127555e-001  9.4101337e-001  5.9491725e-001  7.9569908e-001  8.9289675e-001
  1.7300000e+001  6.5038338e-001  8.2248709e-001  9.4144434e-001  5.9628886e-001  7.9678145e-001  8.9350400e-001
  1.7400000e+001  6.5204220e-001  8.2369120e-001  9.4187181e-001  5.9765588e-001  7.9785826e-001  8.9410764e-001
  1.7500000e+001  6.5369405e-001  8.2488791e-001  9.4229581e-001  5.9901833e-001  7.9892954e-001  8.9470771e-001
  1.7600000e+001  6.5533893e-001  8.2607727e-001  9.4271638e-001  6.0037622e-001  7.9999532e-001  8.9530421e-001
  1.7700000e+001  6.5697687e-001  8.2725930e-001  9.4313354e-001  6.0172957e-001  8.0105562e-001  8.9589718e-001
  1.7800000e+001  6.5860789e-001  8.2843404e-001  9.4354733e-001  6.0307838e-001  8.0211048e-001  8.9648664e-001
  1.7900000e+001  6.6023200e-001  8.2960154e-001  9.4395778e-001  6.0442268e-001  8.0315991e-001  8.9707261e-001
  1.8000000e+001  6.6184923e-001  8.3076181e-001  9.4436492e-001  6.0576248e-001  8.0420395e-001  8.9765511e-001
  1.8100000e+001  6.6345960e-001  8.3191491e-001  9.4476878e-001  6.0709780e-001  8.0524261e-001  8.9823416e-001
  1.8200000e+001  6.6506313e-001  8.3306086e-001  9.4516940e-001  6.0842864e-001  8.0627594e-001  8.9880979e-001
  1.8300000e+001  6.6665984e-001  8.3419970e-001  9.4556679e-001  6.0975503e-001  8.0730394e-001  8.9938202e-001
  1.8400000e+001  6.6824975e-001  8.3533147e-001  9.4596100e-001  6.1107697e-001  8.0832665e-001  8.9995087e-001
  1.8500000e+001  6.6983288e-001  8.3645620e-001  9.4635205e-001  6.1239449e-001  8.0934409e-001  9.0051636e-001
  1.8600000e+001  6.7140925e-001  8.3757392e-001  9.4673998e-001  6.1370759e-001  8.1035629e-001  9.0107851e-001
  1.8700000e+001  6.7297888e-001  8.3868468e-001  9.4712480e-001  6.1501630e-001  8.1136327e-001  9.0163735e-001
  1.8800000e+001  6.7454180e-001  8.3978851e-001  9.4750655e-001  6.1632062e-001  8.1236506e-001  9.0219289e-001
  1.8900000e+001  6.7609802e-001  8.4088543e-001  9.4788525e-001  6.1762057e-001  8.1336168e-001  9.0274516e-001
  1.9000000e+001  6.7764756e-001  8.4197550e-001  9.4826094e-001  6.1891616e-001  8.1435316e-001  9.0329418e-001
  1.9100000e+001  6.7919045e-001  8.4305874e-001  9.4863364e-001  6.2020741e-001  8.1533952e-001  9.0383996e-001
  1.9200000e+001  6.8072671e-001  8.4413518e-001  9.4900338e-001  6.2149434e-001  8.1632080e-001  9.0438253e-001
  1.9300000e+001  6.8225636e-001  8.4520487e-001  9.4937019e-001  6.2277695e-001  8.1729700e-001  9.0492191e-001
  1.9400000e+001  6.8377941e-001  8.4626784e-001  9.4973409e-001  6.2405525e-001  8.1826816e-001  9.0545812e-001
  1.9500000e+001  6.8529590e-001  8.4732412e-001  9.5009510e-001  6.2532928e-001  8.1923431e-001  9.0599118e-001
  1.9600000e+001  6.8680584e-001  8.4837374e-001  9.5045327e-001  6.2659903e-001  8.2019546e-001  9.0652110e-001
  1.9700000e+001  6.8830924e-001  8.4941675e-001  9.5080860e-001  6.2786453e-001  8.2115164e-001  9.0704792e-001
  1.9800000e+001  6.8980615e-001  8.5045317e-001  9.5116113e-001  6.2912578e-001  8.2210287e-001  9.0757164e-001
  1.9900000e+001  6.9129656e-001  8.5148305e-001  9.5151088e-001  6.3038280e-001  8.2304919e-001  9.0809229e-001
  2.0000000e+001  6.9278052e-001  8.5250641e-001  9.5185788e-001  6.3163560e-001  8.2399061e-001  9.0860989e-001
  2.0100000e+001  6.9425803e-001  8.5352329e-001  9.5220214e-001  6.3288420e-001  8.2492715e-001  9.0912445e-001
  2.0200000e+001  6.9572911e-001  8.5453373e-001  9.5254371e-001  6.3412861e-001  8.2585885e-001  9.0963600e-001
  2.0300000e+001  6.9719380e-001  8.5553775e-001  9.5288259e-001  6.3536885e-001  8.2678571e-001  9.1014455e-001
  2.0400000e+001  6.9865211e-001  8.5653540e-001  9.5321882e-001  6.3660493e-001  8.2770778e-001  9.1065012e-001
  2.0500000e+001  7.0010406e-001  8.5752670e-001  9.5355241e-001  6.3783686e-001  8.2862507e-001  9.1115273e-001
  2.0600000e+001  7.0154967e-001  8.5851169e-001  9.5388339e-001  6.3906465e-001  8.2953761e-001  9.1165241e-001
  2.0700000e+001  7.0298897e-001  8.5949041e-001  9.5421179e-001  6.4028832e-001  8.3044541e-001  9.1214916e-001
  2.0800000e+001  7.0442197e-001  8.6046288e-001  9.5453763e-001  6.4150789e-001  8.3134850e-001  9.1264301e-001
  2.0900000e+001  7.0584871e-001  8.6142915e-001  9.5486092e-001  6.4272336e-001  8.3224691e-001  9.1313397e-001
  2.1000000e+001  7.0726919e-001  8.6238924e-001  9.5518170e-001  6.4393476e-001  8.3314066e-001  9.1362207e-001
  2.1100000e+001  7.0868344e-001  8.6334319e-001  9.5549998e-001  6.4514208e-001  8.3402977e-001  9.1410731e-001
  2.1200000e+001  7.1009148e-001  8.6429103e-001  9.5581578e-001  6.4634535e-001  8.3491426e-001  9.1458973e-001
  2.1300000e+001  7.1149333e-001  8.6523280e-001  9.5612914e-001  6.4754458e-001  8.3579416e-001  9.1506933e-001
  2.1400000e+001  7.1288902e-001  8.6616852e-001  9.5644006e-001  6.4873979e-001  8.3666949e-001  9.1554613e-001
  2.1500000e+001  7.1427856e-001  8.6709824e-001  9.5674857e-001  6.4993098e-001  8.3754027e-001  9.1602015e-001
  2.1600000e+001  7.1566197e-001  8.6802198e-001  9.5705470e-001  6.5111817e-001  8.3840652e-001  9.1649142e-001
  2.1700000e+001  7.1703929e-001  8.6893977e-001  9.5735846e-001  6.5230137e-001  8.3926827e-001  9.1695993e-001
  2.1800000e+001  7.1841053e-001  8.6985166e-001  9.5765987e-001  6.5348060e-001  8.4012554e-001  9.1742572e-001
  2.1900000e+001  7.1977570e-001  8.7075767e-001  9.5795895e-001  6.5465586e-001  8.4097835e-001  9.1788880e-001
  2.2000000e+001  7.2113484e-001  8.7165783e-001  9.5825573e-001  6.5582718e-001  8.4182672e-001  9.1834918e-001
  2.2100000e+001  7.2248796e-001  8.7255218e-001  9.5855022e-001  6.5699456e-001  8.4267068e-001  9.1880689e-001
  2.2200000e+001  7.2383508e-001  8.7344075e-001  9.5884245e-001  6.5815802e-001  8.4351024e-001  9.1926193e-001
  2.2300000e+001  7.2517623e-001  8.7432358e-001  9.5913243e-001  6.5931757e-001  8.4434543e-001  9.1971433e-001
  2.2400000e+001  7.2651142e-001  8.7520068e-001  9.5942018e-001  6.6047322e-001  8.4517628e-001  9.2016410e-001
  2.2500000e+001  7.2784069e-001  8.7607210e-001  9.5970572e-001  6.6162499e-001  8.4600279e-001  9.2061126e-001
  2.2600000e+001  7.2916404e-001  8.7693787e-001  9.5998908e-001  6.6277288e-001  8.4682500e-001  9.2105582e-001
  2.2700000e+001  7.3048150e-001  8.7779802e-001  9.6027026e-001  6.6391692e-001  8.4764292e-001  9.2149780e-001
  2.2800000e+001  7.3179309e-001  8.7865258e-001  9.6054930e-001  6.6505712e-001  8.4845658e-001  9.2193722e-001
  2.2900000e+001  7.3309884e-001  8.7950158e-001  9.6082620e-001  6.6619348e-001  8.4926600e-001  9.2237409e-001
  2.3000000e+001  7.3439876e-001  8.8034506e-001  9.6110098e-001  6.6732601e-001  8.5007119e-001  9.2280843e-001
  2.3100000e+001  7.3569287e-001  8.8118304e-001  9.6137367e-001  6.6845474e-001  8.5087219e-001  9.2324025e-001
  2.3200000e+001  7.3698120e-001  8.8201556e-001  9.6164428e-001  6.6957968e-001  8.5166900e-001  9.2366957e-001
  2.3300000e+001  7.3826377e-001  8.8284264e-001  9.6191283e-001  6.7070083e-001  8.5246166e-001  9.2409640e-001
  2.3400000e+001  7.3954059e-001  8.8366433e-001  9.6217933e-001  6.7181821e-001  8.5325018e-001  9.2452076e-001
  2.3500000e+001  7.4081170e-001  8.8448064e-001  9.6244381e-001  6.7293184e-001  8.5403458e-001  9.2494266e-001
  2.3600000e+001  7.4207710e-001  8.8529161e-001  9.6270628e-001  6.7404172e-001  8.5481489e-001  9.2536213e-001
  2.3700000e+001  7.4333683e-001  8.8609728e-001  9.6296676e-001  6.7514786e-001  8.5559111e-001  9.2577916e-001
  2.3800000e+001  7.4459089e-001  8.8689766e-001  9.6322526e-001  6.7625028e-001  8.5636329e-001  9.2619379e-001
  2.3900000e+001  7.4583932e-001  8.8769279e-001  9.6348180e-001  6.7734900e-001  8.5713142e-001  9.2660602e-001
  2.4000000e+001  7.4708213e-001  8.8848271e-001  9.6373641e-001  6.7844402e-001  8.5789555e-001  9.2701587e-001
  2.4100000e+001  7.4831935e-001  8.8926744e-001  9.6398908e-001  6.7953535e-001  8.5865567e-001  9.2742335e-001
  2.4200000e+001  7.4955099e-001  8.9004701e-001  9.6423985e-001  6.8062301e-001  8.5941182e-001  9.2782848e-001
  2.4300000e+001  7.5077708e-001  8.9082145e-001  9.6448873e-001  6.8170702e-001  8.6016402e-001  9.2823127e-001
  2.4400000e+001  7.5199764e-001  8.9159079e-001  9.6473572e-001  6.8278737e-001  8.6091228e-001  9.2863173e-001
  2.4500000e+001  7.5321268e-001  8.9235506e-001  9.6498086e-001  6.8386409e-001  8.6165663e-001  9.2902988e-001
  2.4600000e+001  7.5442224e-001  8.9311429e-001  9.6522415e-001  6.8493718e-001  8.6239707e-001  9.2942574e-001
  2.4700000e+001  7.5562632e-001  8.9386852e-001  9.6546561e-001  6.8600666e-001  8.6313365e-001  9.2981932e-001
  2.4800000e+001  7.5682495e-001  8.9461776e-001  9.6570525e-001  6.8707254e-001  8.6386636e-001  9.3021063e-001
  2.4900000e+001  7.5801815e-001  8.9536205e-001  9.6594310e-001  6.8813484e-001  8.6459524e-001  9.3059968e-001
  2.5000000e+001  7.5920595e-001  8.9610141e-001  9.6617916e-001  6.8919355e-001  8.6532030e-001  9.3098649e-001
  2.5100000e+001  7.6038835e-001  8.9683588e-001  9.6641345e-001  6.9024871e-001  8.6604156e-001  9.3137108e-001
  2.5200000e+001  7.6156539e-001  8.9756549e-001  9.6664598e-001  6.9130031e-001  8.6675904e-001  9.3175345e-001
  2.5300000e+001  7.6273708e-001  8.9829026e-001  9.6687678e-001  6.9234837e-001  8.6747276e-001  9.3213362e-001
  2.5400000e+001  7.6390344e-001  8.9901022e-001  9.6710585e-001  6.9339290e-001  8.6818274e-001  9.3251160e-001
  2.5500000e+001  7.6506450e-001  8.9972540e-001  9.6733320e-001  6.9443391e-001  8.6888899e-001  9.3288742e-001
  2.5600000e+001  7.6622027e-001  9.0043583e-001  9.6755886e-001  6.9547142e-001  8.6959155e-001  9.3326106e-001
  2.5700000e+001  7.6737077e-001  9.0114154e-001  9.6778283e-001  6.9650543e-001  8.7029041e-001  9.3363257e-001
  2.5800000e+001  7.6851603e-001  9.0184255e-001  9.6800514e-001  6.9753596e-001  8.7098561e-001  9.3400194e-001
  2.5900000e+001  7.6965606e-001  9.0253889e-001  9.6822579e-001  6.9856301e-001  8.7167716e-001  9.3436918e-001
  2.6000000e+001  7.7079089e-001  9.0323059e-001  9.6844479e-001  6.9958661e-001  8.7236508e-001  9.3473432e-001
  2.6100000e+001  7.7192054e-001  9.0391768e-001  9.6866217e-001  7.0060676e-001  8.7304939e-001  9.3509736e-001
  2.6200000e+001  7.7304501e-001  9.0460019e-001  9.6887793e-001  7.0162348e-001  8.7373010e-001  9.3545832e-001
  2.6300000e+001  7.7416435e-001  9.0527814e-001  9.6909209e-001  7.0263676e-001  8.7440724e-001  9.3581720e-001
  2.6400000e+001  7.7527856e-001  9.0595156e-001  9.6930466e-001  7.0364664e-001  8.7508082e-001  9.3617403e-001
  2.6500000e+001  7.7638766e-001  9.0662047e-001  9.6951565e-001  7.0465311e-001  8.7575086e-001  9.3652881e-001
  2.6600000e+001  7.7749168e-001  9.0728491e-001  9.6972509e-001  7.0565619e-001  8.7641739e-001  9.3688156e-001
  2.6700000e+001  7.7859064e-001  9.0794490e-001  9.6993297e-001  7.0665588e-001  8.7708040e-001  9.3723229e-001
  2.6800000e+001  7.7968455e-001  9.0860047e-001  9.7013931e-001  7.0765221e-001  8.7773994e-001  9.3758101e-001
  2.6900000e+001  7.8077344e-001  9.0925165e-001  9.7034413e-001  7.0864519e-001  8.7839600e-001  9.3792773e-001
  2.7000000e+001  7.8185732e-001  9.0989845e-001  9.7054743e-001  7.0963481e-001  8.7904862e-001  9.3827246e-001
  2.7100000e+001  7.8293621e-001  9.1054091e-001  9.7074924e-001  7.1062110e-001  8.7969780e-001  9.3861522e-001
  2.7200000e+001  7.8401014e-001  9.1117906e-001  9.7094955e-001  7.1160406e-001  8.8034356e-001  9.3895602e-001
  2.7300000e+001  7.8507913e-001  9.1181291e-001  9.7114839e-001  7.1258371e-001  8.8098593e-001  9.3929487e-001
  2.7400000e+001  7.8614319e-001  9.1244250e-001  9.7134577e-001  7.1356006e-001  8.8162492e-001  9.3963178e-001
  2.7500000e+001  7.8720234e-001  9.1306785e-001  9.7154169e-001  7.1453312e-001  8.8226054e-001  9.3996677e-001
  2.7600000e+001  7.8825660e-001  9.1368899e-001  9.7173617e-001  7.1550289e-001  8.8289282e-001  9.4029984e-001
  2.7700000e+001  7.8930600e-001  9.1430594e-001  9.7192923e-001  7.1646940e-001  8.8352177e-001  9.4063101e-001
  2.7800000e+001  7.9035054e-001  9.1491874e-001  9.7212086e-001  7.1743265e-001  8.8414740e-001  9.4096028e-001
  2.7900000e+001  7.9139026e-001  9.1552739e-001  9.7231109e-001  7.1839265e-001  8.8476974e-001  9.4128768e-001
  2.8000000e+001  7.9242517e-001  9.1613194e-001  9.7249993e-001  7.1934941e-001  8.8538880e-001  9.4161320e-001
  2.8100000e+001  7.9345529e-001  9.1673239e-001  9.7268738e-001  7.2030294e-001  8.8600460e-001  9.4193687e-001
  2.8200000e+001  7.9448064e-001  9.1732879e-001  9.7287346e-001  7.2125326e-001  8.8661715e-001  9.4225869e-001
  2.8300000e+001  7.9550123e-001  9.1792116e-001  9.7305818e-001  7.2220037e-001  8.8722648e-001  9.4257867e-001
  2.8400000e+001  7.9651709e-001  9.1850951e-001  9.7324155e-001  7.2314429e-001  8.8783259e-001  9.4289683e-001
  2.8500000e+001  7.9752824e-001  9.1909387e-001  9.7342358e-001  7.2408502e-001  8.8843550e-001  9.4321317e-001
  2.8600000e+001  7.9853470e-001  9.1967428e-001  9.7360428e-001  7.2502259e-001  8.8903524e-001  9.4352771e-001
  2.8700000e+001  7.9953648e-001  9.2025074e-001  9.7378366e-001  7.2595698e-001  8.8963181e-001  9.4384045e-001
  2.8800000e+001  8.0053360e-001  9.2082330e-001  9.7396173e-001  7.2688823e-001  8.9022523e-001  9.4415142e-001
  2.8900000e+001  8.0152608e-001  9.2139196e-001  9.7413851e-001  7.2781633e-001  8.9081553e-001  9.4446061e-001
  2.9000000e+001  8.0251395e-001  9.2195676e-001  9.7431400e-001  7.2874131e-001  8.9140270e-001  9.4476804e-001
  2.9100000e+001  8.0349722e-001  9.2251772e-001  9.7448821e-001  7.2966316e-001  8.9198678e-001  9.4507372e-001
  2.9200000e+001  8.0447590e-001  9.2307487e-001  9.7466116e-001  7.3058190e-001  8.9256777e-001  9.4537766e-001
  2.9300000e+001  8.0545002e-001  9.2362822e-001  9.7483285e-001  7.3149754e-001  8.9314570e-001  9.4567987e-001
  2.9400000e+001  8.0641960e-001  9.2417780e-001  9.7500330e-001  7.3241009e-001  8.9372057e-001  9.4598036e-001
  2.9500000e+001  8.0738465e-001  9.2472363e-001  9.7517250e-001  7.3331956e-001  8.9429241e-001  9.4627915e-001
  2.9600000e+001  8.0834520e-001  9.2526574e-001  9.7534048e-001  7.3422596e-001  8.9486123e-001  9.4657623e-001
  2.9700000e+001  8.0930126e-001  9.2580415e-001  9.7550725e-001  7.3512930e-001  8.9542704e-001  9.4687162e-001
  2.9800000e+001  8.1025285e-001  9.2633889e-001  9.7567280e-001  7.3602959e-001  8.9598986e-001  9.4716534e-001
  2.9900000e+001  8.1119998e-001  9.2686997e-001  9.7583716e-001  7.3692685e-001  8.9654971e-001  9.4745738e-001
  3.0000000e+001  8.1214269e-001  9.2739742e-001  9.7600033e-001  7.3782107e-001  8.9710659e-001  9.4774777e-001
  3.0100000e+001  8.1308098e-001  9.2792126e-001  9.7616233e-001  7.3871228e-001  8.9766054e-001  9.4803650e-001
  3.0200000e+001  8.1401487e-001  9.2844152e-001  9.7632315e-001  7.3960048e-001  8.9821155e-001  9.4832360e-001
  3.0300000e+001  8.1494438e-001  9.2895821e-001  9.7648281e-001  7.4048568e-001  8.9875965e-001  9.4860907e-001
  3.0400000e+001  8.1586954e-001  9.2947136e-001  9.7664132e-001  7.4136789e-001  8.9930485e-001  9.4889291e-001
  3.0500000e+001  8.1679035e-001  9.2998100e-001  9.7679869e-001  7.4224712e-001  8.9984716e-001  9.4917515e-001
  3.0600000e+001  8.1770684e-001  9.3048714e-001  9.7695492e-001  7.4312338e-001  9.0038661e-001  9.4945578e-001
  3.0700000e+001  8.1861902e-001  9.3098980e-001  9.7711003e-001  7.4399668e-001  9.0092320e-001  9.4973482e-001
  3.0800000e+001  8.1952691e-001  9.3148901e-001  9.7726402e-001  7.4486704e-001  9.0145695e-001  9.5001228e-001
  3.0900000e+001  8.2043053e-001  9.3198480e-001  9.7741691e-001  7.4573445e-001  9.0198787e-001  9.5028817e-001
  3.1000000e+001  8.2132991e-001  9.3247717e-001  9.7756870e-001  7.4659894e-001  9.0251599e-001  9.5056249e-001
  3.1100000e+001  8.2222504e-001  9.3296616e-001  9.7771940e-001  7.4746051e-001  9.0304130e-001  9.5083526e-001
  3.1200000e+001  8.2311596e-001  9.3345178e-001  9.7786902e-001  7.4831916e-001  9.0356384e-001  9.5110649e-001
  3.1300000e+001  8.2400268e-001  9.3393405e-001  9.7801756e-001  7.4917492e-001  9.0408360e-001  9.5137617e-001
  3.1400000e+001  8.2488522e-001  9.3441301e-001  9.7816504e-001  7.5002779e-001  9.0460062e-001  9.5164433e-001
  3.1500000e+001  8.2576360e-001  9.3488866e-001  9.7831147e-001  7.5087777e-001  9.0511489e-001  9.5191097e-001
  3.1600000e+001  8.2663782e-001  9.3536103e-001  9.7845685e-001  7.5172488e-001  9.0562644e-001  9.5217611e-001
  3.1700000e+001  8.2750792e-001  9.3583014e-001  9.7860119e-001  7.5256913e-001  9.0613528e-001  9.5243974e-001
  3.1800000e+001  8.2837391e-001  9.3629601e-001  9.7874449e-001  7.5341053e-001  9.0664142e-001  9.5270188e-001
  3.1900000e+001  8.2923580e-001  9.3675866e-001  9.7888677e-001  7.5424909e-001  9.0714487e-001  9.5296254e-001
  3.2000000e+001  8.3009362e-001  9.3721811e-001  9.7902804e-001  7.5508481e-001  9.0764566e-001  9.5322172e-001
