  0.0000000e+000  2.5518303e-001  4.8644812e-001  7.0422023e-001
  4.0000000e+000  3.5174743e-001  5.8728153e-001  7.9019698e-001
  8.0000000e+000  4.6098743e-001  6.6672704e-001  8.3856403e-001
  1.6000000e+001  5.9933004e-001  7.8469645e-001  8.8692961e-001
  3.2000000e+001  7.8646855e-001  9.1333635e-001  9.5207689e-001
  0.0000000e+000  1.9446706e-002  1.5800962e-002  2.0783475e-002
  4.0000000e+000  2.0725960e-002  2.0506114e-002  1.9725331e-002
  8.0000000e+000  2.9574983e-002  2.2823599e-002  2.1117715e-002
  1.6000000e+001  2.8554929e-002  2.3283578e-002  2.1150547e-002
  3.2000000e+001  2.7117287e-002  2.0563650e-002  2.0770125e-002
  0.0000000e+000  2.5340273e-001  4.8712881e-001  7.0536170e-001
  1.0000000e-001  2.5618784e-001  4.8967623e-001  7.1030786e-001
  2.0000000e-001  2.5899519e-001  4.9227580e-001  7.1395749e-001
  3.0000000e-001  2.6180435e-001  4.9488703e-001  7.1721446e-001
  4.0000000e-001  2.6461091e-001  4.9750105e-001  7.2023010e-001
  5.0000000e-001  2.6741278e-001  5.0011361e-001  7.2307174e-001
  6.0000000e-001  2.7020873e-001  5.0272219e-001  7.2577747e-001
  7.0000000e-001  2.7299796e-001  5.0532513e-001  7.2837167e-001
  8.0000000e-001  2.7577989e-001  5.0792125e-001  7.3087131e-001
  9.0000000e-001  2.7855412e-001  5.1050969e-001  7.3328885e-001
  1.0000000e+000  2.8132033e-001  5.1308977e-001  7.3563380e-001
  1.1000000e+000  2.8407827e-001  5.1566097e-001  7.3791368e-001
  1.2000000e+000  2.8682774e-001  5.1822285e-001  7.4013459e-001
  1.3000000e+000  2.8956858e-001  5.2077509e-001  7.4230154e-001
  1.4000000e+000  2.9230067e-001  5.2331738e-001  7.4441877e-001
  1.5000000e+000  2.9502390e-001  5.2584951e-001  7.4648985e-001
  1.6000000e+000  2.9773818e-001  5.2837126e-001  7.4851790e-001
  1.7000000e+000  3.0044344e-001  5.3088248e-001  7.5050561e-001
  1.8000000e+000  3.0313961e-001  5.3338302e-001  7.5245535e-001
  1.9000000e+000  3.0582667e-001  5.3587277e-001  7.5436924e-001
  2.0000000e+000  3.0850455e-001  5.3835162e-001  7.5624914e-001
  2.1000000e+000  3.1117323e-001  5.4081949e-001  7.5809675e-001
  2.2000000e+000  3.1383268e-001  5.4327632e-001  7.5991359e-001
  2.3000000e+000  3.1648289e-001  5.4572204e-001  7.6170104e-001
  2.4000000e+000  3.1912382e-001  5.4815659e-001  7.6346036e-001
  2.5000000e+000  3.2175549e-001  5.5057995e-001  7.6519271e-001
  2.6000000e+000  3.2437786e-001  5.5299209e-001  7.6689916e-001
  2.7000000e+000  3.2699095e-001  5.5539296e-001  7.6858068e-001
  2.8000000e+000  3.2959475e-001  5.5778256e-001  7.7023818e-001
  2.9000000e+000  3.3218926e-001  5.6016088e-001  7.7187252e-001
  3.0000000e+000  3.3477448e-001  5.6252790e-001  7.7348447e-001
  3.1000000e+000  3.3735042e-001  5.6488362e-001  7.7507477e-001
  3.2000000e+000  3.3991708e-001  5.6722804e-001  7.7664410e-001
  3.3000000e+000  3.4247448e-001  5.6956116e-001  7.7819313e-001
  3.4000000e+000  3.4502262e-001  5.7188300e-001  7.7972244e-001
  3.5000000e+000  3.4756152e-001  5.7419355e-001  7.8123261e-001
  3.6000000e+000  3.5009119e-001  5.7649284e-001  7.8272419e-001
  3.7000000e+000  3.5261165e-001  5.7878087e-001  7.8419767e-001
  3.8000000e+000  3.5512290e-001  5.8105768e-001  7.8565356e-001
  3.9000000e+000  3.5762497e-001  5.8332326e-001  7.8709229e-001
  4.0000000e+000  3.6011787e-001  5.8557766e-001  7.8851432e-001
  4.1000000e+000  3.6260162e-001  5.8782088e-001  7.8992006e-001
  4.2000000e+000  3.6507624e-001  5.9005296e-001  7.9130989e-001
  4.3000000e+000  3.6754176e-001  5.9227392e-001  7.9268420e-001
  4.4000000e+000  3.6999817e-001  5.9448379e-001  7.9404335e-001
  4.5000000e+000  3.7244552e-001  5.9668260e-001  7.9538768e-001
  4.6000000e+000  3.7488382e-001  5.9887038e-001  7.9671752e-001
  4.7000000e+000  3.7731310e-001  6.0104715e-001  7.9803318e-001
  4.8000000e+000  3.7973337e-001  6.0321296e-001  7.9933498e-001
  4.9000000e+000  3.8214465e-001  6.0536783e-001  8.0062319e-001
  5.0000000e+000  3.8454698e-001  6.0751180e-001  8.0189811e-001
  5.1000000e+000  3.8694037e-001  6.0964490e-001  8.0315999e-001
  5.2000000e+000  3.8932485e-001  6.1176718e-001  8.0440910e-001
  5.3000000e+000  3.9170044e-001  6.1387866e-001  8.0564569e-001
  5.4000000e+000  3.9406717e-001  6.1597938e-001  8.0686999e-001
  5.5000000e+000  3.9642506e-001  6.1806938e-001  8.0808224e-001
  5.6000000e+000  3.9877413e-001  6.2014870e-001  8.0928267e-001
  5.7000000e+000  4.0111442e-001  6.2221737e-001  8.1047148e-001
  5.8000000e+000  4.0344594e-001  6.2427544e-001  8.1164888e-001
  5.9000000e+000  4.0576872e-001  6.2632295e-001  8.1281509e-001
  6.0000000e+000  4.0808279e-001  6.2835993e-001  8.1397029e-001
  6.1000000e+000  4.1038817e-001  6.3038642e-001  8.1511468e-001
  6.2000000e+000  4.1268490e-001  6.3240247e-001  8.1624843e-001
  6.3000000e+000  4.1497299e-001  6.3440812e-001  8.1737173e-001
  6.4000000e+000  4.1725247e-001  6.3640340e-001  8.1848474e-001
  6.5000000e+000  4.1952337e-001  6.3838836e-001  8.1958765e-001
  6.6000000e+000  4.2178571e-001  6.4036304e-001  8.2068060e-001
  6.7000000e+000  4.2403953e-001  6.4232749e-001  8.2176376e-001
  6.8000000e+000  4.2628484e-001  6.4428173e-001  8.2283728e-001
  6.9000000e+000  4.2852168e-001  6.4622583e-001  8.2390131e-001
  7.0000000e+000  4.3075007e-001  6.4815981e-001  8.2495599e-001
  7.1000000e+000  4.3297004e-001  6.5008372e-001  8.2600147e-001
  7.2000000e+000  4.3518162e-001  6.5199761e-001  8.2703789e-001
  7.3000000e+000  4.3738483e-001  6.5390151e-001  8.2806537e-001
  7.4000000e+000  4.3957970e-001  6.5579547e-001  8.2908406e-001
  7.5000000e+000  4.4176625e-001  6.5767954e-001  8.3009407e-001
  7.6000000e+000  4.4394452e-001  6.5955374e-001  8.3109553e-001
  7.7000000e+000  4.4611454e-001  6.6141814e-001  8.3208857e-001
  7.8000000e+000  4.4827632e-001  6.6327277e-001  8.3307329e-001
  7.9000000e+000  4.5042990e-001  6.6511767e-001  8.3404982e-001
  8.0000000e+000  4.5257530e-001  6.6695289e-001  8.3501827e-001
  8.1000000e+000  4.5471255e-001  6.6877847e-001  8.3597875e-001
  8.2000000e+000  4.5684168e-001  6.7059446e-001  8.3693136e-001
  8.3000000e+000  4.5896271e-001  6.7240089e-001  8.3787621e-001
  8.4000000e+000  4.6107568e-001  6.7419781e-001  8.3881341e-001
  8.5000000e+000  4.6318061e-001  6.7598526e-001  8.3974305e-001
  8.6000000e+000  4.6527753e-001  6.7776330e-001  8.4066523e-001
  8.7000000e+000  4.6736646e-001  6.7953195e-001  8.4158005e-001
  8.8000000e+000  4.6944743e-001  6.8129126e-001  8.4248760e-001
  8.9000000e+000  4.7152047e-001  6.8304128e-001  8.4338798e-001
  9.0000000e+000  4.7358560e-001  6.8478205e-001  8.4428127e-001
  9.1000000e+000  4.7564286e-001  6.8651361e-001  8.4516756e-001
  9.2000000e+000  4.7769227e-001  6.8823601e-001  8.4604694e-001
  9.3000000e+000  4.7973386e-001  6.8994928e-001  8.4691950e-001
  9.4000000e+000  4.8176765e-001  6.9165348e-001  8.4778530e-001
  9.5000000e+000  4.8379368e-001  6.9334863e-001  8.4864445e-001
  9.6000000e+000  4.8581196e-001  6.9503480e-001  8.4949701e-001
  9.7000000e+000  4.8782253e-001  6.9671201e-001  8.5034307e-001
  9.8000000e+000  4.8982541e-001  6.9838031e-001  8.5118270e-001
  9.9000000e+000  4.9182064e-001  7.0003975e-001  8.5201598e-001
  1.0000000e+001  4.9380823e-001  7.0169036e-001  8.5284297e-001
  1.0100000e+001  4.9578821e-001  7.0333219e-001  8.5366376e-001
  1.0200000e+001  4.9776061e-001  7.0496528e-001  8.5447841e-001
  1.0300000e+001  4.9972546e-001  7.0658967e-001  8.5528699e-001
  1.0400000e+001  5.0168279e-001  7.0820540e-001  8.5608958e-001
  1.0500000e+001  5.0363261e-001  7.0981252e-001  8.5688624e-001
  1.0600000e+001  5.0557496e-001  7.1141107e-001  8.5767703e-001
  1.0700000e+001  5.0750987e-001  7.1300109e-001  8.5846202e-001
  1.0800000e+001  5.0943735e-001  7.1458262e-001  8.5924127e-001
  1.0900000e+001  5.1135745e-001  7.1615570e-001  8.6001485e-001
  1.1000000e+001  5.1327017e-001  7.1772037e-001  8.6078281e-001
  1.1100000e+001  5.1517556e-001  7.1927667e-001  8.6154523e-001
  1.1200000e+001  5.1707363e-001  7.2082465e-001  8.6230215e-001
  1.1300000e+001  5.1896441e-001  7.2236435e-001  8.6305363e-001
  1.1400000e+001  5.2084793e-001  7.2389580e-001  8.6379974e-001
  1.1500000e+001  5.2272421e-001  7.2541905e-001  8.6454053e-001
  1.1600000e+001  5.2459329e-001  7.2693414e-001  8.6527606e-001
  1.1700000e+001  5.2645518e-001  7.2844111e-001  8.6600637e-001
  1.1800000e+001  5.2830991e-001  7.2993999e-001  8.6673153e-001
  1.1900000e+001  5.3015751e-001  7.3143084e-001  8.6745158e-001
  1.2000000e+001  5.3199801e-001  7.3291368e-001  8.6816658e-001
  1.2100000e+001  5.3383142e-001  7.3438856e-001  8.6887659e-001
  1.2200000e+001  5.3565778e-001  7.3585551e-001  8.6958164e-001
  1.2300000e+001  5.3747711e-001  7.3731459e-001  8.7028179e-001
  1.2400000e+001  5.3928944e-001  7.3876582e-001  8.7097710e-001
  1.2500000e+001  5.4109478e-001  7.4020924e-001  8.7166760e-001
  1.2600000e+001  5.4289318e-001  7.4164490e-001  8.7235334e-001
  1.2700000e+001  5.4468465e-001  7.4307284e-001  8.7303438e-001
  1.2800000e+001  5.4646921e-001  7.4449308e-001  8.7371075e-001
  1.2900000e+001  5.4824690e-001  7.4590568e-001  8.7438251e-001
  1.3000000e+001  5.5001774e-001  7.4731067e-001  8.7504969e-001
  1.3100000e+001  5.5178175e-001  7.4870809e-001  8.7571235e-001
  1.3200000e+001  5.5353896e-001  7.5009797e-001  8.7637052e-001
  1.3300000e+001  5.5528939e-001  7.5148036e-001  8.7702424e-001
  1.3400000e+001  5.5703307e-001  7.5285529e-001  8.7767357e-001
  1.3500000e+001  5.5877002e-001  7.5422280e-001  8.7831854e-001
  1.3600000e+001  5.6050027e-001  7.5558293e-001  8.7895920e-001
  1.3700000e+001  5.6222384e-001  7.5693571e-001  8.7959557e-001
  1.3800000e+001  5.6394076e-001  7.5828118e-001  8.8022771e-001
  1.3900000e+001  5.6565105e-001  7.5961939e-001  8.8085565e-001
  1.4000000e+001  5.6735474e-001  7.6095036e-001  8.8147943e-001
  1.4100000e+001  5.6905184e-001  7.6227414e-001  8.8209909e-001
  1.4200000e+001  5.7074239e-001  7.6359075e-001  8.8271467e-001
  1.4300000e+001  5.7242641e-001  7.6490025e-001  8.8332620e-001
  1.4400000e+001  5.7410392e-001  7.6620265e-001  8.8393372e-001
  1.4500000e+001  5.7577495e-001  7.6749801e-001  8.8453727e-001
  1.4600000e+001  5.7743952e-001  7.6878635e-001  8.8513688e-001
  1.4700000e+001  5.7909765e-001  7.7006772e-001  8.8573259e-001
  1.4800000e+001  5.8074937e-001  7.7134214e-001  8.8632443e-001
  1.4900000e+001  5.8239470e-001  7.7260965e-001  8.8691244e-001
  1.5000000e+001  5.8403367e-001  7.7387030e-001  8.8749665e-001
  1.5100000e+001  5.8566630e-001  7.7512410e-001  8.8807709e-001
  1.5200000e+001  5.8729262e-001  7.7637111e-001  8.8865381e-001
  1.5300000e+001  5.8891263e-001  7.7761135e-001  8.8922682e-001
  1.5400000e+001  5.9052638e-001  7.7884486e-001  8.8979616e-001
  1.5500000e+001  5.9213389e-001  7.8007168e-001  8.9036187e-001
  1.5600000e+001  5.9373516e-001  7.8129183e-001  8.9092397e-001
  1.5700000e+001  5.9533024e-001  7.8250536e-001  8.9148250e-001
  1.5800000e+001  5.9691915e-001  7.8371229e-001  8.9203749e-001
  1.5900000e+001  5.9850189e-001  7.8491267e-001  8.9258896e-001
  1.6000000e+001  6.0007851e-001  7.8610652e-001  8.9313696e-001
  1.6100000e+001  6.0164902e-001  7.8729388e-001  8.9368149e-001
  1.6200000e+001  6.0321344e-001  7.8847479e-001  8.9422261e-001
  1.6300000e+001  6.0477180e-001  7.8964927e-001  8.9476033e-001
  1.6400000e+001  6.0632412e-001  7.9081736e-001  8.9529468e-001
  1.6500000e+001  6.0787043e-001  7.9197909e-001  8.9582569e-001
  1.6600000e+001  6.0941074e-001  7.9313450e-001  8.9635339e-001
  1.6700000e+001  6.1094507e-001  7.9428362e-001  8.9687781e-001
  1.6800000e+001  6.1247346e-001  7.9542648e-001  8.9739898e-001
  1.6900000e+001  6.1399592e-001  7.9656312e-001  8.9791691e-001
  1.7000000e+001  6.1551248e-001  7.9769356e-001  8.9843164e-001
  1.7100000e+001  6.1702315e-001  7.9881785e-001  8.9894319e-001
  1.7200000e+001  6.1852796e-001  7.9993600e-001  8.9945160e-001
  1.7300000e+001  6.2002693e-001  8.0104806e-001  8.9995687e-001
  1.7400000e+001  6.2152008e-001  8.0215406e-001  9.0045905e-001
  1.7500000e+001  6.2300744e-001  8.0325402e-001  9.0095815e-001
  1.7600000e+001  6.2448902e-001  8.0434798e-001  9.0145421e-001
  1.7700000e+001  6.2596486e-001  8.0543597e-001  9.0194723e-001
  1.7800000e+001  6.2743496e-001  8.0651802e-001  9.0243726e-001
  1.7900000e+001  6.2889936e-001  8.0759417e-001  9.0292431e-001
  1.8000000e+001  6.3035806e-001  8.0866444e-001  9.0340840e-001
  1.8100000e+001  6.3181110e-001  8.0972887e-001  9.0388956e-001
  1.8200000e+001  6.3325850e-001  8.1078748e-001  9.0436782e-001
  1.8300000e+001  6.3470028e-001  8.1184030e-001  9.0484319e-001
  1.8400000e+001  6.3613645e-001  8.1288738e-001  9.0531570e-001
  1.8500000e+001  6.3756704e-001  8.1392873e-001  9.0578537e-001
  1.8600000e+001  6.3899208e-001  8.1496439e-001  9.0625223e-001
  1.8700000e+001  6.4041157e-001  8.1599438e-001  9.0671628e-001
  1.8800000e+001  6.4182555e-001  8.1701874e-001  9.0717757e-001
  1.8900000e+001  6.4323403e-001  8.1803750e-001  9.0763610e-001
  1.9000000e+001  6.4463703e-001  8.1905068e-001  9.0809190e-001
  1.9100000e+001  6.4603458e-001  8.2005832e-001  9.0854499e-001
  1.9200000e+001  6.4742670e-001  8.2106045e-001  9.0899539e-001
  1.9300000e+001  6.4881340e-001  8.2205709e-001  9.0944313e-001
  1.9400000e+001  6.5019471e-001  8.2304827e-001  9.0988821e-001
  1.9500000e+001  6.5157064e-001  8.2403402e-001  9.1033067e-001
  1.9600000e+001  6.5294122e-001  8.2501438e-001  9.1077052e-001
  1.9700000e+001  6.5430647e-001  8.2598936e-001  9.1120778e-001
  1.9800000e+001  6.5566641e-001  8.2695901e-001  9.1164247e-001
  1.9900000e+001  6.5702105e-001  8.2792333e-001  9.1207461e-001
  2.0000000e+001  6.5837043e-001  8.2888238e-001  9.1250422e-001
  2.0100000e+001  6.5971455e-001  8.2983616e-001  9.1293132e-001
  2.0200000e+001  6.6105344e-001  8.3078471e-001  9.1335592e-001
  2.0300000e+001  6.6238711e-001  8.3172807e-001  9.1377806e-001
  2.0400000e+001  6.6371560e-001  8.3266625e-001  9.1419773e-001
  2.0500000e+001  6.6503891e-001  8.3359928e-001  9.1461497e-001
  2.0600000e+001  6.6635707e-001  8.3452719e-001  9.1502979e-001
  2.0700000e+001  6.6767009e-001  8.3545001e-001  9.1544220e-001
  2.0800000e+001  6.6897800e-001  8.3636776e-001  9.1585223e-001
  2.0900000e+001  6.7028082e-001  8.3728048e-001  9.1625990e-001
  2.1000000e+001  6.7157856e-001  8.3818818e-001  9.1666521e-001
  2.1100000e+001  6.7287125e-001  8.3909090e-001  9.1706820e-001
  2.1200000e+001  6.7415890e-001  8.3998866e-001  9.1746886e-001
  2.1300000e+001  6.7544153e-001  8.4088149e-001  9.1786723e-001
  2.1400000e+001  6.7671917e-001  8.4176942e-001  9.1826332e-001
  2.1500000e+001  6.7799182e-001  8.4265246e-001  9.1865714e-001
  2.1600000e+001  6.7925952e-001  8.4353066e-001  9.1904871e-001
  2.1700000e+001  6.8052227e-001  8.4440402e-001  9.1943805e-001
  2.1800000e+001  6.8178010e-001  8.4527258e-001  9.1982517e-001
  2.1900000e+001  6.8303303e-001  8.4613637e-001  9.2021009e-001
  2.2000000e+001  6.8428107e-001  8.4699541e-001  9.2059282e-001
  2.2100000e+001  6.8552425e-001  8.4784972e-001  9.2097338e-001
  2.2200000e+001  6.8676258e-001  8.4869933e-001  9.2135179e-001
  2.2300000e+001  6.8799608e-001  8.4954427e-001  9.2172806e-001
  2.2400000e+001  6.8922476e-001  8.5038456e-001  9.2210221e-001
  2.2500000e+001  6.9044866e-001  8.5122022e-001  9.2247424e-001
  2.2600000e+001  6.9166778e-001  8.5205128e-001  9.2284418e-001
  2.2700000e+001  6.9288215e-001  8.5287777e-001  9.2321205e-001
  2.2800000e+001  6.9409178e-001  8.5369971e-001  9.2357784e-001
  2.2900000e+001  6.9529668e-001  8.5451712e-001  9.2394159e-001
  2.3000000e+001  6.9649689e-001  8.5533003e-001  9.2430330e-001
  2.3100000e+001  6.9769242e-001  8.5613846e-001  9.2466298e-001
  2.3200000e+001  6.9888327e-001  8.5694244e-001  9.2502066e-001
  2.3300000e+001  7.0006948e-001  8.5774199e-001  9.2537635e-001
  2.3400000e+001  7.0125106e-001  8.5853713e-001  9.2573005e-001
  2.3500000e+001  7.0242803e-001  8.5932789e-001  9.2608179e-001
  2.3600000e+001  7.0360040e-001  8.6011429e-001  9.2643157e-001
  2.3700000e+001  7.0476820e-001  8.6089635e-001  9.2677942e-001
  2.3800000e+001  7.0593144e-001  8.6167410e-001  9.2712533e-001
  2.3900000e+001  7.0709013e-001  8.6244757e-001  9.2746934e-001
  2.4000000e+001  7.0824430e-001  8.6321676e-001  9.2781144e-001
  2.4100000e+001  7.0939396e-001  8.6398172e-001  9.2815165e-001
  2.4200000e+001  7.1053914e-001  8.6474245e-001  9.2849000e-001
  2.4300000e+001  7.1167983e-001  8.6549899e-001  9.2882648e-001
  2.4400000e+001  7.1281608e-001  8.6625135e-001  9.2916111e-001
  2.4500000e+001  7.1394788e-001  8.6699956e-001  9.2949390e-001
  2.4600000e+001  7.1507527e-001  8.6774364e-001  9.2982487e-001
  2.4700000e+001  7.1619825e-001  8.6848361e-001  9.3015402e-001
  2.4800000e+001  7.1731684e-001  8.6921950e-001  9.3048138e-001
  2.4900000e+001  7.1843106e-001  8.6995132e-001  9.3080695e-001
  2.5000000e+001  7.1954092e-001  8.7067910e-001  9.3113074e-001
  2.5100000e+001  7.2064645e-001  8.7140287e-001  9.3145277e-001
  2.5200000e+001  7.2174766e-001  8.7212263e-001  9.3177305e-001
  2.5300000e+001  7.2284456e-001  8.7283842e-001  9.3209158e-001
  2.5400000e+001  7.2393718e-001  8.7355025e-001  9.3240839e-001
  2.5500000e+001  7.2502553e-001  8.7425815e-001  9.3272348e-001
  2.5600000e+001  7.2610962e-001  8.7496213e-001  9.3303686e-001
  2.5700000e+001  7.2718947e-001  8.7566223e-001  9.3334855e-001
  2.5800000e+001  7.2826510e-001  8.7635845e-001  9.3365855e-001
  2.5900000e+001  7.2933652e-001  8.7705083e-001  9.3396689e-001
  2.6000000e+001  7.3040376e-001  8.7773937e-001  9.3427356e-001
  2.6100000e+001  7.3146682e-001  8.7842411e-001  9.3457857e-001
  2.6200000e+001  7.3252572e-001  8.7910506e-001  9.3488195e-001
  2.6300000e+001  7.3358048e-001  8.7978225e-001  9.3518370e-001
  2.6400000e+001  7.3463112e-001  8.8045569e-001  9.3548383e-001
  2.6500000e+001  7.3567765e-001  8.8112540e-001  9.3578236e-001
  2.6600000e+001  7.3672008e-001  8.8179140e-001  9.3607928e-001
  2.6700000e+001  7.3775844e-001  8.8245372e-001  9.3637462e-001
  2.6800000e+001  7.3879273e-001  8.8311238e-001  9.3666838e-001
  2.6900000e+001  7.3982297e-001  8.8376739e-001  9.3696057e-001
  2.7000000e+001  7.4084919e-001  8.8441877e-001  9.3725121e-001
  2.7100000e+001  7.4187139e-001  8.8506655e-001  9.3754030e-001
  2.7200000e+001  7.4288958e-001  8.8571074e-001  9.3782785e-001
  2.7300000e+001  7.4390380e-001  8.8635136e-001  9.3811387e-001
  2.7400000e+001  7.4491404e-001  8.8698843e-001  9.3839838e-001
  2.7500000e+001  7.4592033e-001  8.8762198e-001  9.3868138e-001
  2.7600000e+001  7.4692268e-001  8.8825201e-001  9.3896289e-001
  2.7700000e+001  7.4792111e-001  8.8887856e-001  9.3924290e-001
  2.7800000e+001  7.4891563e-001  8.8950163e-001  9.3952144e-001
  2.7900000e+001  7.4990625e-001  8.9012125e-001  9.3979850e-001
  2.8000000e+001  7.5089300e-001  8.9073744e-001  9.4007411e-001
  2.8100000e+001  7.5187588e-001  8.9135021e-001  9.4034827e-001
  2.8200000e+001  7.5285492e-001  8.9195958e-001  9.4062098e-001
  2.8300000e+001  7.5383012e-001  8.9256558e-001  9.4089226e-001
  2.8400000e+001  7.5480150e-001  8.9316821e-001  9.4116212e-001
  2.8500000e+001  7.5576908e-001  8.9376751e-001  9.4143056e-001
  2.8600000e+001  7.5673287e-001  8.9436348e-001  9.4169760e-001
  2.8700000e+001  7.5769288e-001  8.9495614e-001  9.4196324e-001
  2.8800000e+001  7.5864913e-001  8.9554552e-001  9.4222749e-001
  2.8900000e+001  7.5960164e-001  8.9613163e-001  9.4249036e-001
  2.9000000e+001  7.6055042e-001  8.9671448e-001  9.4275186e-001
  2.9100000e+001  7.6149547e-001  8.9729411e-001  9.4301200e-001
  2.9200000e+001  7.6243683e-001  8.9787051e-001  9.4327079e-001
  2.9300000e+001  7.6337450e-001  8.9844372e-001  9.4352823e-001
  2.9400000e+001  7.6430849e-001  8.9901374e-001  9.4378433e-001
  2.9500000e+001  7.6523883e-001  8.9958060e-001  9.4403910e-001
  2.9600000e+001  7.6616551e-001  9.0014432e-001  9.4429256e-001
  2.9700000e+001  7.6708857e-001  9.0070490e-001  9.4454470e-001
  2.9800000e+001  7.6800801e-001  9.0126237e-001  9.4479553e-001
  2.9900000e+001  7.6892385e-001  9.0181675e-001  9.4504507e-001
  3.0000000e+001  7.6983609e-001  9.0236805e-001  9.4529333e-001
  3.0100000e+001  7.7074476e-001  9.0291628e-001  9.4554030e-001
  3.0200000e+001  7.7164987e-001  9.0346147e-001  9.4578599e-001
  3.0300000e+001  7.7255143e-001  9.0400363e-001  9.4603043e-001
  3.0400000e+001  7.7344945e-001  9.0454278e-001  9.4627360e-001
  3.0500000e+001  7.7434396e-001  9.0507893e-001  9.4651553e-001
  3.0600000e+001  7.7523496e-001  9.0561211e-001  9.4675622e-001
  3.0700000e+001  7.7612246e-001  9.0614232e-001  9.4699567e-001
  3.0800000e+001  7.7700648e-001  9.0666958e-001  9.4723389e-001
  3.0900000e+001  7.7788704e-001  9.0719391e-001  9.4747090e-001
  3.1000000e+001  7.7876415e-001  9.0771533e-001  9.4770669e-001
  3.1100000e+001  7.7963781e-001  9.0823385e-001  9.4794128e-001
  3.1200000e+001  7.8050805e-001  9.0874948e-001  9.4817467e-001
  3.1300000e+001  7.8137487e-001  9.0926225e-001  9.4840687e-001
  3.1400000e+001  7.8223830e-001  9.0977217e-001  9.4863789e-001
  3.1500000e+001  7.8309834e-001  9.1027925e-001  9.4886773e-001
  3.1600000e+001  7.8395500e-001  9.1078351e-001  9.4909640e-001
  3.1700000e+001  7.8480831e-001  9.1128497e-001  9.4932391e-001
  3.1800000e+001  7.8565826e-001  9.1178363e-001  9.4955027e-001
  3.1900000e+001  7.8650488e-001  9.1227952e-001  9.4977548e-001
  3.2000000e+001  7.8734818e-001  9.1277266e-001  9.4999954e-001
