  0.0000000e+000  2.7921245e-001  4.6806319e-001  6.2922772e-001
  2.0000000e+000  4.4368132e-001  6.2147436e-001  7.8229548e-001
  4.0000000e+000  6.0341880e-001  7.7050519e-001  8.4357448e-001
  8.0000000e+000  7.4290293e-001  8.5732601e-001  9.1044719e-001
  1.6000000e+001  8.2945665e-001  9.0652472e-001  9.1634615e-001
  0.0000000e+000  4.0309566e-002  4.3593706e-002  5.9542440e-002
  2.0000000e+000  4.9795998e-002  5.7228880e-002  7.0778265e-002
  4.0000000e+000  6.6012254e-002  7.0616902e-002  7.3643453e-002
  8.0000000e+000  7.2499003e-002  7.5334121e-002  7.9112930e-002
  1.6000000e+001  7.5728295e-002  7.8810231e-002  7.9650177e-002
  0.0000000e+000  2.7341667e-001  4.6160194e-001  6.2695011e-001
  1.0000000e-001  2.9937566e-001  4.9295284e-001  6.7801761e-001
  2.0000000e-001  3.1625111e-001  5.1100796e-001  6.9606101e-001
  3.0000000e-001  3.3063504e-001  5.2577299e-001  7.0905897e-001
  4.0000000e-001  3.4353427e-001  5.3864133e-001  7.1950228e-001
  5.0000000e-001  3.5538672e-001  5.5020456e-001  7.2834075e-001
  6.0000000e-001  3.6643611e-001  5.6078630e-001  7.3605579e-001
  7.0000000e-001  3.7683696e-001  5.7058892e-001  7.4293060e-001
  8.0000000e-001  3.8669560e-001  5.7975005e-001  7.4914811e-001
  9.0000000e-001  3.9608947e-001  5.8836891e-001  7.5483437e-001
  1.0000000e+000  4.0507740e-001  5.9652016e-001  7.6008053e-001
  1.1000000e+000  4.1370555e-001  6.0426186e-001  7.6495492e-001
  1.2000000e+000  4.2201103e-001  6.1164033e-001  7.6951028e-001
  1.3000000e+000  4.3002435e-001  6.1869335e-001  7.7378832e-001
  1.4000000e+000  4.3777098e-001  6.2545223e-001  7.7782264e-001
  1.5000000e+000  4.4527252e-001  6.3194337e-001  7.8164080e-001
  1.6000000e+000  4.5254752e-001  6.3818923e-001  7.8526569e-001
  1.7000000e+000  4.5961203e-001  6.4420919e-001  7.8871657e-001
  1.8000000e+000  4.6648014e-001  6.5002011e-001  7.9200984e-001
  1.9000000e+000  4.7316427e-001  6.5563678e-001  7.9515956e-001
  2.0000000e+000  4.7967546e-001  6.6107225e-001  7.9817792e-001
  2.1000000e+000  4.8602358e-001  6.6633817e-001  8.0107554e-001
  2.2000000e+000  4.9221752e-001  6.7144492e-001  8.0386176e-001
  2.3000000e+000  4.9826533e-001  6.7640186e-001  8.0654482e-001
  2.4000000e+000  5.0417430e-001  6.8121746e-001  8.0913204e-001
  2.5000000e+000  5.0995110e-001  6.8589939e-001  8.1162997e-001
  2.6000000e+000  5.1560185e-001  6.9045466e-001  8.1404447e-001
  2.7000000e+000  5.2113216e-001  6.9488967e-001  8.1638082e-001
  2.8000000e+000  5.2654722e-001  6.9921030e-001  8.1864382e-001
  2.9000000e+000  5.3185182e-001  7.0342197e-001  8.2083780e-001
  3.0000000e+000  5.3705042e-001  7.0752969e-001  8.2296672e-001
  3.1000000e+000  5.4214717e-001  7.1153808e-001  8.2503417e-001
  3.2000000e+000  5.4714592e-001  7.1545146e-001  8.2704349e-001
  3.3000000e+000  5.5205030e-001  7.1927382e-001  8.2899769e-001
  3.4000000e+000  5.5686369e-001  7.2300891e-001  8.3089960e-001
  3.5000000e+000  5.6158926e-001  7.2666022e-001  8.3275179e-001
  3.6000000e+000  5.6623002e-001  7.3023101e-001  8.3455665e-001
  3.7000000e+000  5.7078878e-001  7.3372436e-001  8.3631642e-001
  3.8000000e+000  5.7526820e-001  7.3714315e-001  8.3803316e-001
  3.9000000e+000  5.7967080e-001  7.4049010e-001  8.3970878e-001
  4.0000000e+000  5.8399895e-001  7.4376776e-001  8.4134508e-001
  4.1000000e+000  5.8825493e-001  7.4697856e-001  8.4294374e-001
  4.2000000e+000  5.9244086e-001  7.5012477e-001  8.4450632e-001
  4.3000000e+000  5.9655879e-001  7.5320857e-001  8.4603430e-001
  4.4000000e+000  6.0061067e-001  7.5623201e-001  8.4752906e-001
  4.5000000e+000  6.0459833e-001  7.5919703e-001  8.4899189e-001
  4.6000000e+000  6.0852354e-001  7.6210548e-001  8.5042403e-001
  4.7000000e+000  6.1238799e-001  7.6495913e-001  8.5182661e-001
  4.8000000e+000  6.1619328e-001  7.6775964e-001  8.5320074e-001
  4.9000000e+000  6.1994095e-001  7.7050863e-001  8.5454743e-001
  5.0000000e+000  6.2363249e-001  7.7320760e-001  8.5586766e-001
  5.1000000e+000  6.2726930e-001  7.7585802e-001  8.5716235e-001
  5.2000000e+000  6.3085273e-001  7.7846127e-001  8.5843238e-001
  5.3000000e+000  6.3438410e-001  7.8101870e-001  8.5967857e-001
  5.4000000e+000  6.3786465e-001  7.8353156e-001  8.6090171e-001
  5.5000000e+000  6.4129558e-001  7.8600109e-001  8.6210255e-001
  5.6000000e+000  6.4467806e-001  7.8842844e-001  8.6328180e-001
  5.7000000e+000  6.4801319e-001  7.9081476e-001  8.6444014e-001
  5.8000000e+000  6.5130204e-001  7.9316110e-001  8.6557822e-001
  5.9000000e+000  6.5454566e-001  7.9546851e-001  8.6669665e-001
  6.0000000e+000  6.5774505e-001  7.9773798e-001  8.6779603e-001
  6.1000000e+000  6.6090116e-001  7.9997047e-001  8.6887691e-001
  6.2000000e+000  6.6401492e-001  8.0216690e-001  8.6993984e-001
  6.3000000e+000  6.6708724e-001  8.0432816e-001  8.7098533e-001
  6.4000000e+000  6.7011898e-001  8.0645511e-001  8.7201388e-001
  6.5000000e+000  6.7311099e-001  8.0854856e-001  8.7302595e-001
  6.6000000e+000  6.7606408e-001  8.1060932e-001  8.7402200e-001
  6.7000000e+000  6.7897903e-001  8.1263815e-001  8.7500246e-001
  6.8000000e+000  6.8185661e-001  8.1463579e-001  8.7596776e-001
  6.9000000e+000  6.8469757e-001  8.1660296e-001  8.7691829e-001
  7.0000000e+000  6.8750261e-001  8.1854036e-001  8.7785444e-001
  7.1000000e+000  6.9027244e-001  8.2044864e-001  8.7877658e-001
  7.2000000e+000  6.9300772e-001  8.2232846e-001  8.7968506e-001
  7.3000000e+000  6.9570912e-001  8.2418045e-001  8.8058023e-001
  7.4000000e+000  6.9837727e-001  8.2600520e-001  8.8146242e-001
  7.5000000e+000  7.0101278e-001  8.2780332e-001  8.8233195e-001
  7.6000000e+000  7.0361626e-001  8.2957536e-001  8.8318912e-001
  7.7000000e+000  7.0618830e-001  8.3132187e-001  8.8403423e-001
  7.8000000e+000  7.0872946e-001  8.3304341e-001  8.8486757e-001
  7.9000000e+000  7.1124029e-001  8.3474047e-001  8.8568940e-001
  8.0000000e+000  7.1372134e-001  8.3641357e-001  8.8650001e-001
  8.1000000e+000  7.1617312e-001  8.3806320e-001  8.8729964e-001
  8.2000000e+000  7.1859614e-001  8.3968982e-001  8.8808854e-001
  8.3000000e+000  7.2099091e-001  8.4129390e-001  8.8886695e-001
  8.4000000e+000  7.2335790e-001  8.4287589e-001  8.8963512e-001
  8.5000000e+000  7.2569758e-001  8.4443622e-001  8.9039325e-001
  8.6000000e+000  7.2801043e-001  8.4597532e-001  8.9114157e-001
  8.7000000e+000  7.3029687e-001  8.4749359e-001  8.9188029e-001
  8.8000000e+000  7.3255736e-001  8.4899144e-001  8.9260961e-001
  8.9000000e+000  7.3479232e-001  8.5046925e-001  8.9332973e-001
  9.0000000e+000  7.3700216e-001  8.5192740e-001  8.9404085e-001
  9.1000000e+000  7.3918729e-001  8.5336627e-001  8.9474315e-001
  9.2000000e+000  7.4134811e-001  8.5478621e-001  8.9543680e-001
  9.3000000e+000  7.4348501e-001  8.5618757e-001  8.9612199e-001
  9.4000000e+000  7.4559835e-001  8.5757070e-001  8.9679889e-001
  9.5000000e+000  7.4768852e-001  8.5893591e-001  8.9746765e-001
  9.6000000e+000  7.4975588e-001  8.6028355e-001  8.9812844e-001
  9.7000000e+000  7.5180077e-001  8.6161391e-001  8.9878142e-001
  9.8000000e+000  7.5382354e-001  8.6292732e-001  8.9942674e-001
  9.9000000e+000  7.5582454e-001  8.6422406e-001  9.0006453e-001
  1.0000000e+001  7.5780408e-001  8.6550444e-001  9.0069496e-001
  1.0100000e+001  7.5976250e-001  8.6676874e-001  9.0131814e-001
  1.0200000e+001  7.6170011e-001  8.6801723e-001  9.0193423e-001
  1.0300000e+001  7.6361721e-001  8.6925019e-001  9.0254335e-001
  1.0400000e+001  7.6551412e-001  8.7046789e-001  9.0314563e-001
  1.0500000e+001  7.6739113e-001  8.7167057e-001  9.0374119e-001
  1.0600000e+001  7.6924852e-001  8.7285851e-001  9.0433016e-001
  1.0700000e+001  7.7108659e-001  8.7403194e-001  9.0491265e-001
  1.0800000e+001  7.7290561e-001  8.7519110e-001  9.0548878e-001
  1.0900000e+001  7.7470585e-001  8.7633624e-001  9.0605866e-001
  1.1000000e+001  7.7648758e-001  8.7746758e-001  9.0662240e-001
  1.1100000e+001  7.7825106e-001  8.7858535e-001  9.0718011e-001
  1.1200000e+001  7.7999655e-001  8.7968977e-001  9.0773189e-001
  1.1300000e+001  7.8172430e-001  8.8078105e-001  9.0827783e-001
  1.1400000e+001  7.8343456e-001  8.8185941e-001  9.0881805e-001
  1.1500000e+001  7.8512757e-001  8.8292505e-001  9.0935264e-001
  1.1600000e+001  7.8680357e-001  8.8397818e-001  9.0988169e-001
  1.1700000e+001  7.8846278e-001  8.8501899e-001  9.1040529e-001
  1.1800000e+001  7.9010544e-001  8.8604767e-001  9.1092353e-001
  1.1900000e+001  7.9173177e-001  8.8706442e-001  9.1143650e-001
  1.2000000e+001  7.9334199e-001  8.8806942e-001  9.1194429e-001
  1.2100000e+001  7.9493631e-001  8.8906286e-001  9.1244697e-001
  1.2200000e+001  7.9651495e-001  8.9004490e-001  9.1294464e-001
  1.2300000e+001  7.9807812e-001  8.9101573e-001  9.1343736e-001
  1.2400000e+001  7.9962602e-001  8.9197551e-001  9.1392523e-001
  1.2500000e+001  8.0115884e-001  8.9292441e-001  9.1440830e-001
  1.2600000e+001  8.0267679e-001  8.9386260e-001  9.1488667e-001
  1.2700000e+001  8.0418006e-001  8.9479024e-001  9.1536040e-001
  1.2800000e+001  8.0566884e-001  8.9570747e-001  9.1582955e-001
  1.2900000e+001  8.0714331e-001  8.9661447e-001  9.1629422e-001
  1.3000000e+001  8.0860366e-001  8.9751137e-001  9.1675445e-001
  1.3100000e+001  8.1005006e-001  8.9839833e-001  9.1721031e-001
  1.3200000e+001  8.1148270e-001  8.9927549e-001  9.1766188e-001
  1.3300000e+001  8.1290175e-001  9.0014299e-001  9.1810922e-001
  1.3400000e+001  8.1430737e-001  9.0100098e-001  9.1855238e-001
  1.3500000e+001  8.1569974e-001  9.0184959e-001  9.1899143e-001
  1.3600000e+001  8.1707902e-001  9.0268895e-001  9.1942643e-001
  1.3700000e+001  8.1844537e-001  9.0351920e-001  9.1985744e-001
  1.3800000e+001  8.1979896e-001  9.0434047e-001  9.2028451e-001
  1.3900000e+001  8.2113993e-001  9.0515287e-001  9.2070771e-001
  1.4000000e+001  8.2246845e-001  9.0595655e-001  9.2112708e-001
  1.4100000e+001  8.2378466e-001  9.0675161e-001  9.2154268e-001
  1.4200000e+001  8.2508871e-001  9.0753819e-001  9.2195456e-001
  1.4300000e+001  8.2638076e-001  9.0831639e-001  9.2236278e-001
  1.4400000e+001  8.2766094e-001  9.0908634e-001  9.2276739e-001
  1.4500000e+001  8.2892939e-001  9.0984814e-001  9.2316843e-001
  1.4600000e+001  8.3018627e-001  9.1060191e-001  9.2356595e-001
  1.4700000e+001  8.3143169e-001  9.1134776e-001  9.2396001e-001
  1.4800000e+001  8.3266581e-001  9.1208580e-001  9.2435065e-001
  1.4900000e+001  8.3388874e-001  9.1281613e-001  9.2473791e-001
  1.5000000e+001  8.3510063e-001  9.1353885e-001  9.2512184e-001
  1.5100000e+001  8.3630161e-001  9.1425407e-001  9.2550249e-001
  1.5200000e+001  8.3749179e-001  9.1496189e-001  9.2587990e-001
  1.5300000e+001  8.3867131e-001  9.1566240e-001  9.2625410e-001
  1.5400000e+001  8.3984028e-001  9.1635571e-001  9.2662515e-001
  1.5500000e+001  8.4099884e-001  9.1704190e-001  9.2699309e-001
  1.5600000e+001  8.4214709e-001  9.1772108e-001  9.2735795e-001
  1.5700000e+001  8.4328516e-001  9.1839332e-001  9.2771977e-001
  1.5800000e+001  8.4441316e-001  9.1905874e-001  9.2807860e-001
  1.5900000e+001  8.4553120e-001  9.1971740e-001  9.2843447e-001
  1.6000000e+001  8.4663941e-001  9.2036941e-001  9.2878742e-001
