  0.0000000e+000  1.9629527e+002  1.9410311e+002  1.9756550e+002  2.9550487e+002  2.1268051e+002
  4.0000000e+000  2.0033444e+002  1.9815576e+002  1.9658161e+002  2.9550487e+002  2.1441305e+002
  8.0000000e+000  2.0132259e+002  1.9236055e+002  1.8995287e+002  2.9550487e+002  2.1005840e+002
  1.6000000e+001  1.9328363e+002  1.8346158e+002  1.8229963e+002  2.9550487e+002  2.0327790e+002
  3.2000000e+001  1.8114649e+002  1.6577521e+002  1.6214685e+002  2.9550487e+002  1.8868522e+002
  0.0000000e+000  5.4210890e+000  5.8392528e+000  5.3185940e+000  3.2302950e+000  4.7064183e+000
  4.0000000e+000  5.4737140e+000  5.6533231e+000  5.5198791e+000  3.2302950e+000  4.7948995e+000
  8.0000000e+000  5.3305465e+000  5.3390339e+000  5.0907221e+000  3.2302950e+000  4.4528940e+000
  1.6000000e+001  5.9444414e+000  5.8017058e+000  5.0912218e+000  3.2302950e+000  4.7299488e+000
  3.2000000e+001  5.9033883e+000  5.9285108e+000  5.1570537e+000  3.2302950e+000  4.7958632e+000
