  0.0000000e+000  2.4579924e-001  4.4787284e-001  6.8713546e-001
 -4.0000000e+000  1.9410570e-001  4.0737049e-001  6.7046176e-001
 -8.0000000e+000  1.5079942e-001  3.0649784e-001  5.5152453e-001
 -1.6000000e+001  9.7520563e-002  2.2077922e-001  3.8512338e-001
 -3.2000000e+001  2.7159452e-002  8.9382395e-002  2.4087518e-001
  4.0000000e+000  3.8845815e-001  6.0588276e-001  7.9465765e-001
  8.0000000e+000  4.8513925e-001  6.5542569e-001  8.4117063e-001
  1.6000000e+001  5.9770707e-001  8.1055014e-001  8.9286688e-001
  3.2000000e+001  8.4136147e-001  9.3394625e-001  9.5108730e-001
  0.0000000e+000  1.9083883e-002  2.1430800e-002  2.5085908e-002
 -4.0000000e+000  1.8830516e-002  2.5427265e-002  3.0970240e-002
 -8.0000000e+000  1.8371495e-002  2.8773864e-002  3.7404425e-002
 -1.6000000e+001  1.4592608e-002  2.1738439e-002  3.5076845e-002
 -3.2000000e+001  7.5194768e-003  1.2578039e-002  3.1059374e-002
  4.0000000e+000  3.3525158e-002  2.5973615e-002  2.2953792e-002
  8.0000000e+000  3.7788421e-002  2.6890745e-002  2.4259778e-002
  1.6000000e+001  3.7764580e-002  2.2705245e-002  2.2099128e-002
  3.2000000e+001  3.3605135e-002  2.1386963e-002  2.0977114e-002
 -3.5000000e+001  1.9453133e-002  5.3109837e-002  1.6987650e-001
 -3.4900000e+001  1.9616156e-002  5.3523331e-002  1.7088261e-001
 -3.4800000e+001  1.9780518e-002  5.3939861e-002  1.7189345e-001
 -3.4700000e+001  1.9946228e-002  5.4359446e-002  1.7290902e-001
 -3.4600000e+001  2.0113299e-002  5.4782106e-002  1.7392933e-001
 -3.4500000e+001  2.0281740e-002  5.5207860e-002  1.7495439e-001
 -3.4400000e+001  2.0451562e-002  5.5636729e-002  1.7598420e-001
 -3.4300000e+001  2.0622776e-002  5.6068731e-002  1.7701877e-001
 -3.4200000e+001  2.0795393e-002  5.6503887e-002  1.7805811e-001
 -3.4100000e+001  2.0969424e-002  5.6942217e-002  1.7910223e-001
 -3.4000000e+001  2.1144879e-002  5.7383740e-002  1.8015112e-001
 -3.3900000e+001  2.1321771e-002  5.7828477e-002  1.8120481e-001
 -3.3800000e+001  2.1500111e-002  5.8276447e-002  1.8226328e-001
 -3.3700000e+001  2.1679909e-002  5.8727671e-002  1.8332656e-001
 -3.3600000e+001  2.1861176e-002  5.9182170e-002  1.8439463e-001
 -3.3500000e+001  2.2043926e-002  5.9639963e-002  1.8546752e-001
 -3.3400000e+001  2.2228168e-002  6.0101071e-002  1.8654522e-001
 -3.3300000e+001  2.2413915e-002  6.0565514e-002  1.8762775e-001
 -3.3200000e+001  2.2601178e-002  6.1033314e-002  1.8871509e-001
 -3.3100000e+001  2.2789970e-002  6.1504490e-002  1.8980727e-001
 -3.3000000e+001  2.2980301e-002  6.1979064e-002  1.9090428e-001
 -3.2900000e+001  2.3172184e-002  6.2457055e-002  1.9200613e-001
 -3.2800000e+001  2.3365631e-002  6.2938486e-002  1.9311281e-001
 -3.2700000e+001  2.3560654e-002  6.3423377e-002  1.9422435e-001
 -3.2600000e+001  2.3757265e-002  6.3911748e-002  1.9534073e-001
 -3.2500000e+001  2.3955476e-002  6.4403622e-002  1.9646197e-001
 -3.2400000e+001  2.4155301e-002  6.4899018e-002  1.9758806e-001
 -3.2300000e+001  2.4356750e-002  6.5397959e-002  1.9871901e-001
 -3.2200000e+001  2.4559838e-002  6.5900465e-002  1.9985482e-001
 -3.2100000e+001  2.4764576e-002  6.6406558e-002  2.0099549e-001
 -3.2000000e+001  2.4970976e-002  6.6916260e-002  2.0214103e-001
 -3.1900000e+001  2.5179053e-002  6.7429591e-002  2.0329144e-001
 -3.1800000e+001  2.5388818e-002  6.7946573e-002  2.0444671e-001
 -3.1700000e+001  2.5600285e-002  6.8467228e-002  2.0560686e-001
 -3.1600000e+001  2.5813467e-002  6.8991577e-002  2.0677188e-001
 -3.1500000e+001  2.6028377e-002  6.9519642e-002  2.0794177e-001
 -3.1400000e+001  2.6245027e-002  7.0051445e-002  2.0911654e-001
 -3.1300000e+001  2.6463432e-002  7.0587007e-002  2.1029618e-001
 -3.1200000e+001  2.6683604e-002  7.1126350e-002  2.1148070e-001
 -3.1100000e+001  2.6905558e-002  7.1669497e-002  2.1267009e-001
 -3.1000000e+001  2.7129307e-002  7.2216470e-002  2.1386436e-001
 -3.0900000e+001  2.7354864e-002  7.2767289e-002  2.1506350e-001
 -3.0800000e+001  2.7582243e-002  7.3321977e-002  2.1626752e-001
 -3.0700000e+001  2.7811458e-002  7.3880557e-002  2.1747641e-001
 -3.0600000e+001  2.8042522e-002  7.4443051e-002  2.1869017e-001
 -3.0500000e+001  2.8275451e-002  7.5009480e-002  2.1990880e-001
 -3.0400000e+001  2.8510258e-002  7.5579867e-002  2.2113230e-001
 -3.0300000e+001  2.8746957e-002  7.6154235e-002  2.2236066e-001
 -3.0200000e+001  2.8985563e-002  7.6732604e-002  2.2359389e-001
 -3.0100000e+001  2.9226089e-002  7.7314999e-002  2.2483199e-001
 -3.0000000e+001  2.9468551e-002  7.7901442e-002  2.2607494e-001
 -2.9900000e+001  2.9712963e-002  7.8491954e-002  2.2732275e-001
 -2.9800000e+001  2.9959339e-002  7.9086558e-002  2.2857541e-001
 -2.9700000e+001  3.0207694e-002  7.9685277e-002  2.2983292e-001
 -2.9600000e+001  3.0458044e-002  8.0288134e-002  2.3109528e-001
 -2.9500000e+001  3.0710403e-002  8.0895151e-002  2.3236248e-001
 -2.9400000e+001  3.0964786e-002  8.1506350e-002  2.3363452e-001
 -2.9300000e+001  3.1221208e-002  8.2121754e-002  2.3491139e-001
 -2.9200000e+001  3.1479685e-002  8.2741387e-002  2.3619308e-001
 -2.9100000e+001  3.1740231e-002  8.3365270e-002  2.3747960e-001
 -2.9000000e+001  3.2002863e-002  8.3993427e-002  2.3877094e-001
 -2.8900000e+001  3.2267595e-002  8.4625879e-002  2.4006708e-001
 -2.8800000e+001  3.2534444e-002  8.5262651e-002  2.4136804e-001
 -2.8700000e+001  3.2803425e-002  8.5903765e-002  2.4267379e-001
 -2.8600000e+001  3.3074553e-002  8.6549243e-002  2.4398433e-001
 -2.8500000e+001  3.3347845e-002  8.7199108e-002  2.4529966e-001
 -2.8400000e+001  3.3623317e-002  8.7853384e-002  2.4661976e-001
 -2.8300000e+001  3.3900985e-002  8.8512093e-002  2.4794464e-001
 -2.8200000e+001  3.4180864e-002  8.9175258e-002  2.4927428e-001
 -2.8100000e+001  3.4462972e-002  8.9842902e-002  2.5060867e-001
 -2.8000000e+001  3.4747324e-002  9.0515048e-002  2.5194781e-001
 -2.7900000e+001  3.5033938e-002  9.1191718e-002  2.5329169e-001
 -2.7800000e+001  3.5322828e-002  9.1872936e-002  2.5464029e-001
 -2.7700000e+001  3.5614014e-002  9.2558725e-002  2.5599361e-001
 -2.7600000e+001  3.5907510e-002  9.3249107e-002  2.5735164e-001
 -2.7500000e+001  3.6203334e-002  9.3944106e-002  2.5871438e-001
 -2.7400000e+001  3.6501503e-002  9.4643743e-002  2.6008179e-001
 -2.7300000e+001  3.6802034e-002  9.5348043e-002  2.6145389e-001
 -2.7200000e+001  3.7104944e-002  9.6057028e-002  2.6283066e-001
 -2.7100000e+001  3.7410251e-002  9.6770721e-002  2.6421208e-001
 -2.7000000e+001  3.7717971e-002  9.7489144e-002  2.6559815e-001
 -2.6900000e+001  3.8028122e-002  9.8212322e-002  2.6698885e-001
 -2.6800000e+001  3.8340722e-002  9.8940275e-002  2.6838417e-001
 -2.6700000e+001  3.8655789e-002  9.9673028e-002  2.6978409e-001
 -2.6600000e+001  3.8973339e-002  1.0041060e-001  2.7118862e-001
 -2.6500000e+001  3.9293392e-002  1.0115302e-001  2.7259772e-001
 -2.6400000e+001  3.9615964e-002  1.0190031e-001  2.7401140e-001
 -2.6300000e+001  3.9941075e-002  1.0265249e-001  2.7542963e-001
 -2.6200000e+001  4.0268742e-002  1.0340958e-001  2.7685240e-001
 -2.6100000e+001  4.0598983e-002  1.0417160e-001  2.7827970e-001
 -2.6000000e+001  4.0931817e-002  1.0493859e-001  2.7971151e-001
 -2.5900000e+001  4.1267262e-002  1.0571055e-001  2.8114782e-001
 -2.5800000e+001  4.1605337e-002  1.0648752e-001  2.8258861e-001
 -2.5700000e+001  4.1946060e-002  1.0726951e-001  2.8403386e-001
 -2.5600000e+001  4.2289451e-002  1.0805656e-001  2.8548357e-001
 -2.5500000e+001  4.2635528e-002  1.0884867e-001  2.8693771e-001
 -2.5400000e+001  4.2984309e-002  1.0964587e-001  2.8839627e-001
 -2.5300000e+001  4.3335815e-002  1.1044819e-001  2.8985922e-001
 -2.5200000e+001  4.3690064e-002  1.1125565e-001  2.9132656e-001
 -2.5100000e+001  4.4047075e-002  1.1206827e-001  2.9279827e-001
 -2.5000000e+001  4.4406869e-002  1.1288607e-001  2.9427432e-001
 -2.4900000e+001  4.4769463e-002  1.1370907e-001  2.9575470e-001
 -2.4800000e+001  4.5134879e-002  1.1453730e-001  2.9723940e-001
 -2.4700000e+001  4.5503135e-002  1.1537077e-001  2.9872838e-001
 -2.4600000e+001  4.5874251e-002  1.1620951e-001  3.0022164e-001
 -2.4500000e+001  4.6248247e-002  1.1705355e-001  3.0171915e-001
 -2.4400000e+001  4.6625143e-002  1.1790290e-001  3.0322089e-001
 -2.4300000e+001  4.7004960e-002  1.1875758e-001  3.0472685e-001
 -2.4200000e+001  4.7387717e-002  1.1961761e-001  3.0623700e-001
 -2.4100000e+001  4.7773434e-002  1.2048303e-001  3.0775131e-001
 -2.4000000e+001  4.8162132e-002  1.2135384e-001  3.0926978e-001
 -2.3900000e+001  4.8553831e-002  1.2223007e-001  3.1079238e-001
 -2.3800000e+001  4.8948553e-002  1.2311174e-001  3.1231909e-001
 -2.3700000e+001  4.9346316e-002  1.2399887e-001  3.1384987e-001
 -2.3600000e+001  4.9747143e-002  1.2489149e-001  3.1538472e-001
 -2.3500000e+001  5.0151054e-002  1.2578960e-001  3.1692361e-001
 -2.3400000e+001  5.0558070e-002  1.2669324e-001  3.1846652e-001
 -2.3300000e+001  5.0968212e-002  1.2760243e-001  3.2001342e-001
 -2.3200000e+001  5.1381501e-002  1.2851718e-001  3.2156428e-001
 -2.3100000e+001  5.1797959e-002  1.2943751e-001  3.2311910e-001
 -2.3000000e+001  5.2217606e-002  1.3036345e-001  3.2467783e-001
 -2.2900000e+001  5.2640464e-002  1.3129501e-001  3.2624045e-001
 -2.2800000e+001  5.3066555e-002  1.3223222e-001  3.2780695e-001
 -2.2700000e+001  5.3495900e-002  1.3317509e-001  3.2937729e-001
 -2.2600000e+001  5.3928520e-002  1.3412365e-001  3.3095145e-001
 -2.2500000e+001  5.4364439e-002  1.3507791e-001  3.3252940e-001
 -2.2400000e+001  5.4803677e-002  1.3603789e-001  3.3411112e-001
 -2.2300000e+001  5.5246256e-002  1.3700361e-001  3.3569658e-001
 -2.2200000e+001  5.5692199e-002  1.3797510e-001  3.3728575e-001
 -2.2100000e+001  5.6141528e-002  1.3895236e-001  3.3887861e-001
 -2.2000000e+001  5.6594265e-002  1.3993543e-001  3.4047513e-001
 -2.1900000e+001  5.7050432e-002  1.4092430e-001  3.4207527e-001
 -2.1800000e+001  5.7510051e-002  1.4191902e-001  3.4367902e-001
 -2.1700000e+001  5.7973146e-002  1.4291959e-001  3.4528633e-001
 -2.1600000e+001  5.8439739e-002  1.4392602e-001  3.4689720e-001
 -2.1500000e+001  5.8909852e-002  1.4493835e-001  3.4851157e-001
 -2.1400000e+001  5.9383509e-002  1.4595659e-001  3.5012944e-001
 -2.1300000e+001  5.9860731e-002  1.4698074e-001  3.5175076e-001
 -2.1200000e+001  6.0341543e-002  1.4801084e-001  3.5337550e-001
 -2.1100000e+001  6.0825967e-002  1.4904690e-001  3.5500364e-001
 -2.1000000e+001  6.1314026e-002  1.5008893e-001  3.5663514e-001
 -2.0900000e+001  6.1805743e-002  1.5113695e-001  3.5826997e-001
 -2.0800000e+001  6.2301142e-002  1.5219098e-001  3.5990811e-001
 -2.0700000e+001  6.2800246e-002  1.5325103e-001  3.6154952e-001
 -2.0600000e+001  6.3303079e-002  1.5431713e-001  3.6319417e-001
 -2.0500000e+001  6.3809663e-002  1.5538928e-001  3.6484202e-001
 -2.0400000e+001  6.4320024e-002  1.5646749e-001  3.6649304e-001
 -2.0300000e+001  6.4834183e-002  1.5755180e-001  3.6814721e-001
 -2.0200000e+001  6.5352165e-002  1.5864221e-001  3.6980448e-001
 -2.0100000e+001  6.5873995e-002  1.5973873e-001  3.7146483e-001
 -2.0000000e+001  6.6399694e-002  1.6084138e-001  3.7312822e-001
 -1.9900000e+001  6.6929289e-002  1.6195018e-001  3.7479462e-001
 -1.9800000e+001  6.7462803e-002  1.6306513e-001  3.7646399e-001
 -1.9700000e+001  6.8000259e-002  1.6418626e-001  3.7813630e-001
 -1.9600000e+001  6.8541682e-002  1.6531357e-001  3.7981151e-001
 -1.9500000e+001  6.9087097e-002  1.6644708e-001  3.8148959e-001
 -1.9400000e+001  6.9636527e-002  1.6758680e-001  3.8317050e-001
 -1.9300000e+001  7.0189997e-002  1.6873275e-001  3.8485421e-001
 -1.9200000e+001  7.0747532e-002  1.6988494e-001  3.8654069e-001
 -1.9100000e+001  7.1309156e-002  1.7104337e-001  3.8822989e-001
 -1.9000000e+001  7.1874893e-002  1.7220806e-001  3.8992178e-001
 -1.8900000e+001  7.2444768e-002  1.7337903e-001  3.9161632e-001
 -1.8800000e+001  7.3018807e-002  1.7455628e-001  3.9331348e-001
 -1.8700000e+001  7.3597033e-002  1.7573982e-001  3.9501322e-001
 -1.8600000e+001  7.4179471e-002  1.7692967e-001  3.9671550e-001
 -1.8500000e+001  7.4766147e-002  1.7812583e-001  3.9842029e-001
 -1.8400000e+001  7.5357085e-002  1.7932832e-001  4.0012754e-001
 -1.8300000e+001  7.5952310e-002  1.8053714e-001  4.0183722e-001
 -1.8200000e+001  7.6551848e-002  1.8175230e-001  4.0354930e-001
 -1.8100000e+001  7.7155723e-002  1.8297382e-001  4.0526372e-001
 -1.8000000e+001  7.7763961e-002  1.8420170e-001  4.0698046e-001
 -1.7900000e+001  7.8376586e-002  1.8543595e-001  4.0869947e-001
 -1.7800000e+001  7.8993624e-002  1.8667658e-001  4.1042072e-001
 -1.7700000e+001  7.9615100e-002  1.8792359e-001  4.1214417e-001
 -1.7600000e+001  8.0241040e-002  1.8917700e-001  4.1386977e-001
 -1.7500000e+001  8.0871468e-002  1.9043680e-001  4.1559749e-001
 -1.7400000e+001  8.1506410e-002  1.9170301e-001  4.1732729e-001
 -1.7300000e+001  8.2145893e-002  1.9297564e-001  4.1905912e-001
 -1.7200000e+001  8.2789940e-002  1.9425468e-001  4.2079295e-001
 -1.7100000e+001  8.3438577e-002  1.9554014e-001  4.2252874e-001
 -1.7000000e+001  8.4091831e-002  1.9683203e-001  4.2426644e-001
 -1.6900000e+001  8.4749726e-002  1.9813036e-001  4.2600602e-001
 -1.6800000e+001  8.5412288e-002  1.9943512e-001  4.2774743e-001
 -1.6700000e+001  8.6079543e-002  2.0074633e-001  4.2949063e-001
 -1.6600000e+001  8.6751516e-002  2.0206398e-001  4.3123559e-001
 -1.6500000e+001  8.7428233e-002  2.0338807e-001  4.3298225e-001
 -1.6400000e+001  8.8109719e-002  2.0471862e-001  4.3473058e-001
 -1.6300000e+001  8.8796001e-002  2.0605562e-001  4.3648053e-001
 -1.6200000e+001  8.9487103e-002  2.0739908e-001  4.3823207e-001
 -1.6100000e+001  9.0183052e-002  2.0874899e-001  4.3998515e-001
 -1.6000000e+001  9.0883874e-002  2.1010536e-001  4.4173972e-001
 -1.5900000e+001  9.1589593e-002  2.1146818e-001  4.4349576e-001
 -1.5800000e+001  9.2300236e-002  2.1283747e-001  4.4525320e-001
 -1.5700000e+001  9.3015827e-002  2.1421321e-001  4.4701202e-001
 -1.5600000e+001  9.3736394e-002  2.1559541e-001  4.4877216e-001
 -1.5500000e+001  9.4461962e-002  2.1698406e-001  4.5053359e-001
 -1.5400000e+001  9.5192556e-002  2.1837917e-001  4.5229625e-001
 -1.5300000e+001  9.5928202e-002  2.1978073e-001  4.5406012e-001
 -1.5200000e+001  9.6668926e-002  2.2118874e-001  4.5582514e-001
 -1.5100000e+001  9.7414753e-002  2.2260320e-001  4.5759127e-001
 -1.5000000e+001  9.8165709e-002  2.2402410e-001  4.5935846e-001
 -1.4900000e+001  9.8921819e-002  2.2545144e-001  4.6112668e-001
 -1.4800000e+001  9.9683110e-002  2.2688522e-001  4.6289588e-001
 -1.4700000e+001  1.0044961e-001  2.2832542e-001  4.6466601e-001
 -1.4600000e+001  1.0122133e-001  2.2977206e-001  4.6643703e-001
 -1.4500000e+001  1.0199832e-001  2.3122511e-001  4.6820890e-001
 -1.4400000e+001  1.0278058e-001  2.3268457e-001  4.6998158e-001
 -1.4300000e+001  1.0356816e-001  2.3415044e-001  4.7175500e-001
 -1.4200000e+001  1.0436106e-001  2.3562271e-001  4.7352915e-001
 -1.4100000e+001  1.0515933e-001  2.3710137e-001  4.7530396e-001
 -1.4000000e+001  1.0596298e-001  2.3858641e-001  4.7707939e-001
 -1.3900000e+001  1.0677204e-001  2.4007782e-001  4.7885541e-001
 -1.3800000e+001  1.0758653e-001  2.4157561e-001  4.8063196e-001
 -1.3700000e+001  1.0840648e-001  2.4307974e-001  4.8240899e-001
 -1.3600000e+001  1.0923191e-001  2.4459023e-001  4.8418648e-001
 -1.3500000e+001  1.1006286e-001  2.4610704e-001  4.8596436e-001
 -1.3400000e+001  1.1089934e-001  2.4763018e-001  4.8774260e-001
 -1.3300000e+001  1.1174137e-001  2.4915963e-001  4.8952115e-001
 -1.3200000e+001  1.1258899e-001  2.5069538e-001  4.9129997e-001
 -1.3100000e+001  1.1344222e-001  2.5223741e-001  4.9307900e-001
 -1.3000000e+001  1.1430109e-001  2.5378572e-001  4.9485821e-001
 -1.2900000e+001  1.1516561e-001  2.5534029e-001  4.9663755e-001
 -1.2800000e+001  1.1603581e-001  2.5690110e-001  4.9841698e-001
 -1.2700000e+001  1.1691172e-001  2.5846814e-001  5.0019645e-001
 -1.2600000e+001  1.1779336e-001  2.6004139e-001  5.0197591e-001
 -1.2500000e+001  1.1868075e-001  2.6162084e-001  5.0375532e-001
 -1.2400000e+001  1.1957393e-001  2.6320647e-001  5.0553464e-001
 -1.2300000e+001  1.2047291e-001  2.6479827e-001  5.0731381e-001
 -1.2200000e+001  1.2137771e-001  2.6639621e-001  5.0909280e-001
 -1.2100000e+001  1.2228836e-001  2.6800028e-001  5.1087156e-001
 -1.2000000e+001  1.2320489e-001  2.6961046e-001  5.1265005e-001
 -1.1900000e+001  1.2412732e-001  2.7122673e-001  5.1442821e-001
 -1.1800000e+001  1.2505567e-001  2.7284906e-001  5.1620601e-001
 -1.1700000e+001  1.2598996e-001  2.7447745e-001  5.1798340e-001
 -1.1600000e+001  1.2693022e-001  2.7611187e-001  5.1976034e-001
 -1.1500000e+001  1.2787647e-001  2.7775229e-001  5.2153677e-001
 -1.1400000e+001  1.2882873e-001  2.7939869e-001  5.2331266e-001
 -1.1300000e+001  1.2978703e-001  2.8105106e-001  5.2508796e-001
 -1.1200000e+001  1.3075139e-001  2.8270937e-001  5.2686263e-001
 -1.1100000e+001  1.3172183e-001  2.8437359e-001  5.2863662e-001
 -1.1000000e+001  1.3269837e-001  2.8604369e-001  5.3040988e-001
 -1.0900000e+001  1.3368104e-001  2.8771967e-001  5.3218238e-001
 -1.0800000e+001  1.3466985e-001  2.8940148e-001  5.3395407e-001
 -1.0700000e+001  1.3566484e-001  2.9108911e-001  5.3572490e-001
 -1.0600000e+001  1.3666601e-001  2.9278253e-001  5.3749483e-001
 -1.0500000e+001  1.3767339e-001  2.9448170e-001  5.3926381e-001
 -1.0400000e+001  1.3868701e-001  2.9618660e-001  5.4103181e-001
 -1.0300000e+001  1.3970688e-001  2.9789721e-001  5.4279877e-001
 -1.0200000e+001  1.4073303e-001  2.9961349e-001  5.4456466e-001
 -1.0100000e+001  1.4176547e-001  3.0133542e-001  5.4632943e-001
 -1.0000000e+001  1.4280422e-001  3.0306295e-001  5.4809303e-001
 -9.9000000e+000  1.4384931e-001  3.0479608e-001  5.4985543e-001
 -9.8000000e+000  1.4490076e-001  3.0653475e-001  5.5161658e-001
 -9.7000000e+000  1.4595858e-001  3.0827895e-001  5.5337643e-001
 -9.6000000e+000  1.4702280e-001  3.1002863e-001  5.5513495e-001
 -9.5000000e+000  1.4809343e-001  3.1178376e-001  5.5689209e-001
 -9.4000000e+000  1.4917049e-001  3.1354432e-001  5.5864780e-001
 -9.3000000e+000  1.5025401e-001  3.1531027e-001  5.6040205e-001
 -9.2000000e+000  1.5134399e-001  3.1708156e-001  5.6215479e-001
 -9.1000000e+000  1.5244047e-001  3.1885817e-001  5.6390598e-001
 -9.0000000e+000  1.5354345e-001  3.2064007e-001  5.6565558e-001
 -8.9000000e+000  1.5465295e-001  3.2242720e-001  5.6740355e-001
 -8.8000000e+000  1.5576900e-001  3.2421955e-001  5.6914983e-001
 -8.7000000e+000  1.5689161e-001  3.2601706e-001  5.7089440e-001
 -8.6000000e+000  1.5802079e-001  3.2781971e-001  5.7263721e-001
 -8.5000000e+000  1.5915656e-001  3.2962745e-001  5.7437822e-001
 -8.4000000e+000  1.6029895e-001  3.3144024e-001  5.7611739e-001
 -8.3000000e+000  1.6144796e-001  3.3325804e-001  5.7785467e-001
 -8.2000000e+000  1.6260361e-001  3.3508082e-001  5.7959003e-001
 -8.1000000e+000  1.6376592e-001  3.3690853e-001  5.8132343e-001
 -8.0000000e+000  1.6493489e-001  3.3874113e-001  5.8305481e-001
 -7.9000000e+000  1.6611056e-001  3.4057858e-001  5.8478416e-001
 -7.8000000e+000  1.6729293e-001  3.4242083e-001  5.8651141e-001
 -7.7000000e+000  1.6848201e-001  3.4426785e-001  5.8823654e-001
 -7.6000000e+000  1.6967782e-001  3.4611958e-001  5.8995951e-001
 -7.5000000e+000  1.7088038e-001  3.4797599e-001  5.9168027e-001
 -7.4000000e+000  1.7208969e-001  3.4983703e-001  5.9339878e-001
 -7.3000000e+000  1.7330577e-001  3.5170266e-001  5.9511501e-001
 -7.2000000e+000  1.7452864e-001  3.5357282e-001  5.9682892e-001
 -7.1000000e+000  1.7575829e-001  3.5544748e-001  5.9854047e-001
 -7.0000000e+000  1.7699476e-001  3.5732658e-001  6.0024962e-001
 -6.9000000e+000  1.7823804e-001  3.5921007e-001  6.0195633e-001
 -6.8000000e+000  1.7948815e-001  3.6109792e-001  6.0366057e-001
 -6.7000000e+000  1.8074510e-001  3.6299007e-001  6.0536229e-001
 -6.6000000e+000  1.8200890e-001  3.6488647e-001  6.0706146e-001
 -6.5000000e+000  1.8327956e-001  3.6678708e-001  6.0875805e-001
 -6.4000000e+000  1.8455709e-001  3.6869183e-001  6.1045201e-001
 -6.3000000e+000  1.8584149e-001  3.7060069e-001  6.1214331e-001
 -6.2000000e+000  1.8713279e-001  3.7251360e-001  6.1383191e-001
 -6.1000000e+000  1.8843098e-001  3.7443051e-001  6.1551778e-001
 -6.0000000e+000  1.8973607e-001  3.7635137e-001  6.1720087e-001
 -5.9000000e+000  1.9104808e-001  3.7827613e-001  6.1888116e-001
 -5.8000000e+000  1.9236700e-001  3.8020472e-001  6.2055861e-001
 -5.7000000e+000  1.9369285e-001  3.8213711e-001  6.2223319e-001
 -5.6000000e+000  1.9502563e-001  3.8407323e-001  6.2390485e-001
 -5.5000000e+000  1.9636535e-001  3.8601303e-001  6.2557357e-001
 -5.4000000e+000  1.9771201e-001  3.8795646e-001  6.2723930e-001
 -5.3000000e+000  1.9906562e-001  3.8990346e-001  6.2890202e-001
 -5.2000000e+000  2.0042618e-001  3.9185397e-001  6.3056170e-001
 -5.1000000e+000  2.0179369e-001  3.9380795e-001  6.3221829e-001
 -5.0000000e+000  2.0316817e-001  3.9576532e-001  6.3387176e-001
 -4.9000000e+000  2.0454961e-001  3.9772604e-001  6.3552209e-001
 -4.8000000e+000  2.0593801e-001  3.9969005e-001  6.3716924e-001
 -4.7000000e+000  2.0733338e-001  4.0165730e-001  6.3881317e-001
 -4.6000000e+000  2.0873573e-001  4.0362771e-001  6.4045386e-001
 -4.5000000e+000  2.1014504e-001  4.0560124e-001  6.4209127e-001
 -4.4000000e+000  2.1156132e-001  4.0757782e-001  6.4372537e-001
 -4.3000000e+000  2.1298457e-001  4.0955739e-001  6.4535613e-001
 -4.2000000e+000  2.1441480e-001  4.1153991e-001  6.4698353e-001
 -4.1000000e+000  2.1585199e-001  4.1352529e-001  6.4860752e-001
 -4.0000000e+000  2.1729616e-001  4.1551350e-001  6.5022807e-001
 -3.9000000e+000  2.1874729e-001  4.1750445e-001  6.5184517e-001
 -3.8000000e+000  2.2020538e-001  4.1949810e-001  6.5345877e-001
 -3.7000000e+000  2.2167044e-001  4.2149439e-001  6.5506886e-001
 -3.6000000e+000  2.2314246e-001  4.2349324e-001  6.5667539e-001
 -3.5000000e+000  2.2462142e-001  4.2549459e-001  6.5827834e-001
 -3.4000000e+000  2.2610734e-001  4.2749840e-001  6.5987769e-001
 -3.3000000e+000  2.2760020e-001  4.2950458e-001  6.6147340e-001
 -3.2000000e+000  2.2910001e-001  4.3151308e-001  6.6306544e-001
 -3.1000000e+000  2.3060674e-001  4.3352384e-001  6.6465380e-001
 -3.0000000e+000  2.3212040e-001  4.3553679e-001  6.6623843e-001
 -2.9000000e+000  2.3364098e-001  4.3755187e-001  6.6781932e-001
 -2.8000000e+000  2.3516846e-001  4.3956901e-001  6.6939644e-001
 -2.7000000e+000  2.3670285e-001  4.4158814e-001  6.7096976e-001
 -2.6000000e+000  2.3824414e-001  4.4360921e-001  6.7253925e-001
 -2.5000000e+000  2.3979230e-001  4.4563215e-001  6.7410490e-001
 -2.4000000e+000  2.4134734e-001  4.4765690e-001  6.7566666e-001
 -2.3000000e+000  2.4290924e-001  4.4968337e-001  6.7722453e-001
 -2.2000000e+000  2.4447799e-001  4.5171152e-001  6.7877847e-001
 -2.1000000e+000  2.4605358e-001  4.5374128e-001  6.8032847e-001
 -2.0000000e+000  2.4763600e-001  4.5577257e-001  6.8187449e-001
 -1.9000000e+000  2.4922523e-001  4.5780534e-001  6.8341651e-001
 -1.8000000e+000  2.5082125e-001  4.5983951e-001  6.8495451e-001
 -1.7000000e+000  2.5242407e-001  4.6187503e-001  6.8648846e-001
 -1.6000000e+000  2.5403365e-001  4.6391181e-001  6.8801835e-001
 -1.5000000e+000  2.5564998e-001  4.6594980e-001  6.8954415e-001
 -1.4000000e+000  2.5727306e-001  4.6798892e-001  6.9106584e-001
 -1.3000000e+000  2.5890285e-001  4.7002912e-001  6.9258339e-001
 -1.2000000e+000  2.6053934e-001  4.7207032e-001  6.9409679e-001
 -1.1000000e+000  2.6218252e-001  4.7411245e-001  6.9560602e-001
 -1.0000000e+000  2.6383237e-001  4.7615545e-001  6.9711104e-001
 -9.0000000e-001  2.6548886e-001  4.7819924e-001  6.9861185e-001
 -8.0000000e-001  2.6715198e-001  4.8024377e-001  7.0010843e-001
 -7.0000000e-001  2.6882170e-001  4.8228896e-001  7.0160074e-001
 -6.0000000e-001  2.7049801e-001  4.8433474e-001  7.0308878e-001
 -5.0000000e-001  2.7218088e-001  4.8638105e-001  7.0457252e-001
 -4.0000000e-001  2.7387029e-001  4.8842781e-001  7.0605195e-001
 -3.0000000e-001  2.7556622e-001  4.9047496e-001  7.0752705e-001
 -2.0000000e-001  2.7726863e-001  4.9252243e-001  7.0899779e-001
 -1.0000000e-001  2.7897752e-001  4.9457016e-001  7.1046416e-001
  0.0000000e+000  2.8069284e-001  4.9661806e-001  7.1192615e-001
  1.0000000e-001  2.8241458e-001  4.9866608e-001  7.1338373e-001
  2.0000000e-001  2.8414271e-001  5.0071414e-001  7.1483690e-001
  3.0000000e-001  2.8587721e-001  5.0276218e-001  7.1628562e-001
  4.0000000e-001  2.8761803e-001  5.0481013e-001  7.1772989e-001
  5.0000000e-001  2.8936516e-001  5.0685791e-001  7.1916969e-001
  6.0000000e-001  2.9111857e-001  5.0890547e-001  7.2060501e-001
  7.0000000e-001  2.9287822e-001  5.1095272e-001  7.2203583e-001
  8.0000000e-001  2.9464409e-001  5.1299961e-001  7.2346213e-001
  9.0000000e-001  2.9641614e-001  5.1504606e-001  7.2488390e-001
  1.0000000e+000  2.9819435e-001  5.1709201e-001  7.2630112e-001
  1.1000000e+000  2.9997867e-001  5.1913739e-001  7.2771379e-001
  1.2000000e+000  3.0176908e-001  5.2118212e-001  7.2912189e-001
  1.3000000e+000  3.0356554e-001  5.2322614e-001  7.3052540e-001
  1.4000000e+000  3.0536802e-001  5.2526939e-001  7.3192431e-001
  1.5000000e+000  3.0717648e-001  5.2731179e-001  7.3331861e-001
  1.6000000e+000  3.0899089e-001  5.2935328e-001  7.3470829e-001
  1.7000000e+000  3.1081121e-001  5.3139379e-001  7.3609333e-001
  1.8000000e+000  3.1263740e-001  5.3343324e-001  7.3747372e-001
  1.9000000e+000  3.1446942e-001  5.3547158e-001  7.3884946e-001
  2.0000000e+000  3.1630723e-001  5.3750874e-001  7.4022052e-001
  2.1000000e+000  3.1815081e-001  5.3954464e-001  7.4158691e-001
  2.2000000e+000  3.2000010e-001  5.4157923e-001  7.4294860e-001
  2.3000000e+000  3.2185506e-001  5.4361242e-001  7.4430560e-001
  2.4000000e+000  3.2371566e-001  5.4564417e-001  7.4565788e-001
  2.5000000e+000  3.2558185e-001  5.4767440e-001  7.4700544e-001
  2.6000000e+000  3.2745359e-001  5.4970304e-001  7.4834827e-001
  2.7000000e+000  3.2933084e-001  5.5173003e-001  7.4968636e-001
  2.8000000e+000  3.3121354e-001  5.5375531e-001  7.5101970e-001
  2.9000000e+000  3.3310167e-001  5.5577880e-001  7.5234829e-001
  3.0000000e+000  3.3499516e-001  5.5780044e-001  7.5367212e-001
  3.1000000e+000  3.3689399e-001  5.5982017e-001  7.5499117e-001
  3.2000000e+000  3.3879809e-001  5.6183792e-001  7.5630544e-001
  3.3000000e+000  3.4070742e-001  5.6385363e-001  7.5761493e-001
  3.4000000e+000  3.4262194e-001  5.6586723e-001  7.5891962e-001
  3.5000000e+000  3.4454160e-001  5.6787866e-001  7.6021951e-001
  3.6000000e+000  3.4646634e-001  5.6988785e-001  7.6151459e-001
  3.7000000e+000  3.4839612e-001  5.7189474e-001  7.6280487e-001
  3.8000000e+000  3.5033089e-001  5.7389927e-001  7.6409032e-001
  3.9000000e+000  3.5227059e-001  5.7590138e-001  7.6537095e-001
  4.0000000e+000  3.5421517e-001  5.7790099e-001  7.6664676e-001
  4.1000000e+000  3.5616459e-001  5.7989806e-001  7.6791772e-001
  4.2000000e+000  3.5811879e-001  5.8189251e-001  7.6918385e-001
  4.3000000e+000  3.6007771e-001  5.8388429e-001  7.7044514e-001
  4.4000000e+000  3.6204131e-001  5.8587333e-001  7.7170158e-001
  4.5000000e+000  3.6400952e-001  5.8785958e-001  7.7295317e-001
  4.6000000e+000  3.6598229e-001  5.8984297e-001  7.7419991e-001
  4.7000000e+000  3.6795957e-001  5.9182344e-001  7.7544179e-001
  4.8000000e+000  3.6994130e-001  5.9380093e-001  7.7667881e-001
  4.9000000e+000  3.7192742e-001  5.9577539e-001  7.7791097e-001
  5.0000000e+000  3.7391787e-001  5.9774675e-001  7.7913826e-001
  5.1000000e+000  3.7591261e-001  5.9971496e-001  7.8036069e-001
  5.2000000e+000  3.7791156e-001  6.0167995e-001  7.8157824e-001
  5.3000000e+000  3.7991467e-001  6.0364168e-001  7.8279093e-001
  5.4000000e+000  3.8192187e-001  6.0560007e-001  7.8399874e-001
  5.5000000e+000  3.8393312e-001  6.0755508e-001  7.8520168e-001
  5.6000000e+000  3.8594834e-001  6.0950665e-001  7.8639974e-001
  5.7000000e+000  3.8796749e-001  6.1145472e-001  7.8759294e-001
  5.8000000e+000  3.8999048e-001  6.1339923e-001  7.8878125e-001
  5.9000000e+000  3.9201727e-001  6.1534014e-001  7.8996469e-001
  6.0000000e+000  3.9404778e-001  6.1727738e-001  7.9114326e-001
  6.1000000e+000  3.9608197e-001  6.1921090e-001  7.9231695e-001
  6.2000000e+000  3.9811975e-001  6.2114065e-001  7.9348577e-001
  6.3000000e+000  4.0016107e-001  6.2306657e-001  7.9464971e-001
  6.4000000e+000  4.0220587e-001  6.2498861e-001  7.9580878e-001
  6.5000000e+000  4.0425407e-001  6.2690672e-001  7.9696298e-001
  6.6000000e+000  4.0630561e-001  6.2882085e-001  7.9811231e-001
  6.7000000e+000  4.0836042e-001  6.3073094e-001  7.9925678e-001
  6.8000000e+000  4.1041845e-001  6.3263694e-001  8.0039638e-001
  6.9000000e+000  4.1247961e-001  6.3453881e-001  8.0153112e-001
  7.0000000e+000  4.1454385e-001  6.3643649e-001  8.0266099e-001
  7.1000000e+000  4.1661109e-001  6.3832993e-001  8.0378601e-001
  7.2000000e+000  4.1868127e-001  6.4021908e-001  8.0490617e-001
  7.3000000e+000  4.2075432e-001  6.4210390e-001  8.0602149e-001
  7.4000000e+000  4.2283017e-001  6.4398434e-001  8.0713195e-001
  7.5000000e+000  4.2490874e-001  6.4586035e-001  8.0823757e-001
  7.6000000e+000  4.2698998e-001  6.4773187e-001  8.0933835e-001
  7.7000000e+000  4.2907380e-001  6.4959888e-001  8.1043429e-001
  7.8000000e+000  4.3116014e-001  6.5146131e-001  8.1152540e-001
  7.9000000e+000  4.3324892e-001  6.5331912e-001  8.1261168e-001
  8.0000000e+000  4.3534008e-001  6.5517228e-001  8.1369314e-001
  8.1000000e+000  4.3743355e-001  6.5702073e-001  8.1476978e-001
  8.2000000e+000  4.3952924e-001  6.5886443e-001  8.1584160e-001
  8.3000000e+000  4.4162710e-001  6.6070333e-001  8.1690862e-001
  8.4000000e+000  4.4372703e-001  6.6253741e-001  8.1797083e-001
  8.5000000e+000  4.4582899e-001  6.6436660e-001  8.1902825e-001
  8.6000000e+000  4.4793288e-001  6.6619087e-001  8.2008088e-001
  8.7000000e+000  4.5003863e-001  6.6801019e-001  8.2112872e-001
  8.8000000e+000  4.5214618e-001  6.6982450e-001  8.2217178e-001
  8.9000000e+000  4.5425545e-001  6.7163377e-001  8.2321006e-001
  9.0000000e+000  4.5636635e-001  6.7343796e-001  8.2424359e-001
  9.1000000e+000  4.5847883e-001  6.7523703e-001  8.2527235e-001
  9.2000000e+000  4.6059280e-001  6.7703095e-001  8.2629636e-001
  9.3000000e+000  4.6270819e-001  6.7881966e-001  8.2731562e-001
  9.4000000e+000  4.6482492e-001  6.8060315e-001  8.2833014e-001
  9.5000000e+000  4.6694293e-001  6.8238136e-001  8.2933994e-001
  9.6000000e+000  4.6906212e-001  6.8415427e-001  8.3034501e-001
  9.7000000e+000  4.7118243e-001  6.8592184e-001  8.3134537e-001
  9.8000000e+000  4.7330378e-001  6.8768403e-001  8.3234101e-001
  9.9000000e+000  4.7542609e-001  6.8944081e-001  8.3333196e-001
  1.0000000e+001  4.7754929e-001  6.9119215e-001  8.3431822e-001
  1.0100000e+001  4.7967331e-001  6.9293800e-001  8.3529980e-001
  1.0200000e+001  4.8179805e-001  6.9467835e-001  8.3627670e-001
  1.0300000e+001  4.8392346e-001  6.9641316e-001  8.3724893e-001
  1.0400000e+001  4.8604945e-001  6.9814239e-001  8.3821651e-001
  1.0500000e+001  4.8817594e-001  6.9986602e-001  8.3917944e-001
  1.0600000e+001  4.9030287e-001  7.0158401e-001  8.4013774e-001
  1.0700000e+001  4.9243014e-001  7.0329634e-001  8.4109140e-001
  1.0800000e+001  4.9455769e-001  7.0500297e-001  8.4204044e-001
  1.0900000e+001  4.9668543e-001  7.0670388e-001  8.4298488e-001
  1.1000000e+001  4.9881329e-001  7.0839904e-001  8.4392471e-001
  1.1100000e+001  5.0094120e-001  7.1008842e-001  8.4485996e-001
  1.1200000e+001  5.0306907e-001  7.1177200e-001  8.4579062e-001
  1.1300000e+001  5.0519684e-001  7.1344974e-001  8.4671672e-001
  1.1400000e+001  5.0732441e-001  7.1512163e-001  8.4763825e-001
  1.1500000e+001  5.0945172e-001  7.1678763e-001  8.4855524e-001
  1.1600000e+001  5.1157869e-001  7.1844773e-001  8.4946768e-001
  1.1700000e+001  5.1370523e-001  7.2010190e-001  8.5037560e-001
  1.1800000e+001  5.1583128e-001  7.2175011e-001  8.5127900e-001
  1.1900000e+001  5.1795676e-001  7.2339235e-001  8.5217790e-001
  1.2000000e+001  5.2008159e-001  7.2502858e-001  8.5307230e-001
  1.2100000e+001  5.2220569e-001  7.2665879e-001  8.5396221e-001
  1.2200000e+001  5.2432899e-001  7.2828296e-001  8.5484766e-001
  1.2300000e+001  5.2645141e-001  7.2990107e-001  8.5572864e-001
  1.2400000e+001  5.2857288e-001  7.3151309e-001  8.5660517e-001
  1.2500000e+001  5.3069331e-001  7.3311901e-001  8.5747726e-001
  1.2600000e+001  5.3281263e-001  7.3471881e-001  8.5834492e-001
  1.2700000e+001  5.3493078e-001  7.3631247e-001  8.5920817e-001
  1.2800000e+001  5.3704766e-001  7.3789997e-001  8.6006702e-001
  1.2900000e+001  5.3916321e-001  7.3948129e-001  8.6092148e-001
  1.3000000e+001  5.4127735e-001  7.4105642e-001  8.6177156e-001
  1.3100000e+001  5.4339000e-001  7.4262534e-001  8.6261727e-001
  1.3200000e+001  5.4550109e-001  7.4418804e-001  8.6345862e-001
  1.3300000e+001  5.4761055e-001  7.4574450e-001  8.6429564e-001
  1.3400000e+001  5.4971830e-001  7.4729470e-001  8.6512832e-001
  1.3500000e+001  5.5182427e-001  7.4883863e-001  8.6595669e-001
  1.3600000e+001  5.5392838e-001  7.5037629e-001  8.6678075e-001
  1.3700000e+001  5.5603056e-001  7.5190764e-001  8.6760053e-001
  1.3800000e+001  5.5813073e-001  7.5343270e-001  8.6841602e-001
  1.3900000e+001  5.6022883e-001  7.5495143e-001  8.6922725e-001
  1.4000000e+001  5.6232478e-001  7.5646383e-001  8.7003422e-001
  1.4100000e+001  5.6441850e-001  7.5796988e-001  8.7083696e-001
  1.4200000e+001  5.6650993e-001  7.5946959e-001  8.7163547e-001
  1.4300000e+001  5.6859899e-001  7.6096293e-001  8.7242976e-001
  1.4400000e+001  5.7068562e-001  7.6244991e-001  8.7321986e-001
  1.4500000e+001  5.7276974e-001  7.6393050e-001  8.7400576e-001
  1.4600000e+001  5.7485127e-001  7.6540470e-001  8.7478750e-001
  1.4700000e+001  5.7693016e-001  7.6687251e-001  8.7556507e-001
  1.4800000e+001  5.7900632e-001  7.6833391e-001  8.7633850e-001
  1.4900000e+001  5.8107970e-001  7.6978890e-001  8.7710780e-001
  1.5000000e+001  5.8315021e-001  7.7123748e-001  8.7787298e-001
  1.5100000e+001  5.8521780e-001  7.7267963e-001  8.7863405e-001
  1.5200000e+001  5.8728238e-001  7.7411535e-001  8.7939103e-001
  1.5300000e+001  5.8934391e-001  7.7554464e-001  8.8014394e-001
  1.5400000e+001  5.9140230e-001  7.7696749e-001  8.8089278e-001
  1.5500000e+001  5.9345749e-001  7.7838389e-001  8.8163757e-001
  1.5600000e+001  5.9550941e-001  7.7979386e-001  8.8237832e-001
  1.5700000e+001  5.9755800e-001  7.8119737e-001  8.8311506e-001
  1.5800000e+001  5.9960319e-001  7.8259443e-001  8.8384778e-001
  1.5900000e+001  6.0164491e-001  7.8398504e-001  8.8457652e-001
  1.6000000e+001  6.0368311e-001  7.8536919e-001  8.8530127e-001
  1.6100000e+001  6.0571771e-001  7.8674689e-001  8.8602207e-001
  1.6200000e+001  6.0774865e-001  7.8811813e-001  8.8673891e-001
  1.6300000e+001  6.0977587e-001  7.8948291e-001  8.8745181e-001
  1.6400000e+001  6.1179931e-001  7.9084123e-001  8.8816080e-001
  1.6500000e+001  6.1381890e-001  7.9219310e-001  8.8886587e-001
  1.6600000e+001  6.1583458e-001  7.9353850e-001  8.8956706e-001
  1.6700000e+001  6.1784629e-001  7.9487746e-001  8.9026436e-001
  1.6800000e+001  6.1985396e-001  7.9620996e-001  8.9095781e-001
  1.6900000e+001  6.2185755e-001  7.9753601e-001  8.9164740e-001
  1.7000000e+001  6.2385698e-001  7.9885561e-001  8.9233316e-001
  1.7100000e+001  6.2585220e-001  8.0016876e-001  8.9301511e-001
  1.7200000e+001  6.2784316e-001  8.0147547e-001  8.9369324e-001
  1.7300000e+001  6.2982978e-001  8.0277575e-001  8.9436759e-001
  1.7400000e+001  6.3181202e-001  8.0406959e-001  8.9503816e-001
  1.7500000e+001  6.3378981e-001  8.0535700e-001  8.9570497e-001
  1.7600000e+001  6.3576311e-001  8.0663798e-001  8.9636804e-001
  1.7700000e+001  6.3773185e-001  8.0791254e-001  8.9702737e-001
  1.7800000e+001  6.3969598e-001  8.0918070e-001  8.9768299e-001
  1.7900000e+001  6.4165544e-001  8.1044244e-001  8.9833491e-001
  1.8000000e+001  6.4361019e-001  8.1169778e-001  8.9898314e-001
  1.8100000e+001  6.4556016e-001  8.1294673e-001  8.9962770e-001
  1.8200000e+001  6.4750531e-001  8.1418928e-001  9.0026860e-001
  1.8300000e+001  6.4944557e-001  8.1542546e-001  9.0090586e-001
  1.8400000e+001  6.5138091e-001  8.1665527e-001  9.0153950e-001
  1.8500000e+001  6.5331127e-001  8.1787871e-001  9.0216952e-001
  1.8600000e+001  6.5523660e-001  8.1909580e-001  9.0279595e-001
  1.8700000e+001  6.5715684e-001  8.2030654e-001  9.0341879e-001
  1.8800000e+001  6.5907195e-001  8.2151094e-001  9.0403807e-001
  1.8900000e+001  6.6098189e-001  8.2270902e-001  9.0465380e-001
  1.9000000e+001  6.6288660e-001  8.2390078e-001  9.0526598e-001
  1.9100000e+001  6.6478603e-001  8.2508623e-001  9.0587465e-001
  1.9200000e+001  6.6668015e-001  8.2626538e-001  9.0647981e-001
  1.9300000e+001  6.6856889e-001  8.2743824e-001  9.0708148e-001
  1.9400000e+001  6.7045223e-001  8.2860484e-001  9.0767968e-001
  1.9500000e+001  6.7233011e-001  8.2976516e-001  9.0827441e-001
  1.9600000e+001  6.7420248e-001  8.3091924e-001  9.0886569e-001
  1.9700000e+001  6.7606932e-001  8.3206707e-001  9.0945354e-001
  1.9800000e+001  6.7793056e-001  8.3320867e-001  9.1003798e-001
  1.9900000e+001  6.7978618e-001  8.3434406e-001  9.1061902e-001
  2.0000000e+001  6.8163612e-001  8.3547325e-001  9.1119666e-001
  2.0100000e+001  6.8348036e-001  8.3659625e-001  9.1177094e-001
  2.0200000e+001  6.8531884e-001  8.3771307e-001  9.1234186e-001
  2.0300000e+001  6.8715153e-001  8.3882373e-001  9.1290944e-001
  2.0400000e+001  6.8897840e-001  8.3992824e-001  9.1347369e-001
  2.0500000e+001  6.9079939e-001  8.4102661e-001  9.1403463e-001
  2.0600000e+001  6.9261448e-001  8.4211887e-001  9.1459228e-001
  2.0700000e+001  6.9442363e-001  8.4320502e-001  9.1514664e-001
  2.0800000e+001  6.9622680e-001  8.4428508e-001  9.1569774e-001
  2.0900000e+001  6.9802396e-001  8.4535906e-001  9.1624558e-001
  2.1000000e+001  6.9981507e-001  8.4642698e-001  9.1679019e-001
  2.1100000e+001  7.0160010e-001  8.4748886e-001  9.1733158e-001
  2.1200000e+001  7.0337901e-001  8.4854472e-001  9.1786976e-001
  2.1300000e+001  7.0515177e-001  8.4959455e-001  9.1840474e-001
  2.1400000e+001  7.0691836e-001  8.5063840e-001  9.1893655e-001
  2.1500000e+001  7.0867873e-001  8.5167626e-001  9.1946520e-001
  2.1600000e+001  7.1043286e-001  8.5270816e-001  9.1999070e-001
  2.1700000e+001  7.1218072e-001  8.5373411e-001  9.2051307e-001
  2.1800000e+001  7.1392227e-001  8.5475414e-001  9.2103232e-001
  2.1900000e+001  7.1565750e-001  8.5576825e-001  9.2154847e-001
  2.2000000e+001  7.1738636e-001  8.5677647e-001  9.2206153e-001
  2.2100000e+001  7.1910884e-001  8.5777881e-001  9.2257151e-001
  2.2200000e+001  7.2082491e-001  8.5877529e-001  9.2307844e-001
  2.2300000e+001  7.2253454e-001  8.5976594e-001  9.2358232e-001
  2.2400000e+001  7.2423770e-001  8.6075076e-001  9.2408318e-001
  2.2500000e+001  7.2593438e-001  8.6172977e-001  9.2458102e-001
  2.2600000e+001  7.2762454e-001  8.6270301e-001  9.2507586e-001
  2.2700000e+001  7.2930816e-001  8.6367047e-001  9.2556771e-001
  2.2800000e+001  7.3098523e-001  8.6463219e-001  9.2605660e-001
  2.2900000e+001  7.3265571e-001  8.6558818e-001  9.2654252e-001
  2.3000000e+001  7.3431960e-001  8.6653846e-001  9.2702551e-001
  2.3100000e+001  7.3597685e-001  8.6748305e-001  9.2750557e-001
  2.3200000e+001  7.3762747e-001  8.6842197e-001  9.2798271e-001
  2.3300000e+001  7.3927142e-001  8.6935524e-001  9.2845696e-001
  2.3400000e+001  7.4090868e-001  8.7028288e-001  9.2892832e-001
  2.3500000e+001  7.4253925e-001  8.7120490e-001  9.2939682e-001
  2.3600000e+001  7.4416310e-001  8.7212134e-001  9.2986246e-001
  2.3700000e+001  7.4578021e-001  8.7303221e-001  9.3032525e-001
  2.3800000e+001  7.4739058e-001  8.7393752e-001  9.3078523e-001
  2.3900000e+001  7.4899417e-001  8.7483731e-001  9.3124239e-001
  2.4000000e+001  7.5059098e-001  8.7573159e-001  9.3169675e-001
  2.4100000e+001  7.5218099e-001  8.7662038e-001  9.3214832e-001
  2.4200000e+001  7.5376420e-001  8.7750370e-001  9.3259713e-001
  2.4300000e+001  7.5534057e-001  8.7838157e-001  9.3304319e-001
  2.4400000e+001  7.5691012e-001  8.7925402e-001  9.3348650e-001
  2.4500000e+001  7.5847281e-001  8.8012107e-001  9.3392708e-001
  2.4600000e+001  7.6002864e-001  8.8098273e-001  9.3436495e-001
  2.4700000e+001  7.6157760e-001  8.8183903e-001  9.3480013e-001
  2.4800000e+001  7.6311967e-001  8.8268998e-001  9.3523261e-001
  2.4900000e+001  7.6465486e-001  8.8353562e-001  9.3566243e-001
  2.5000000e+001  7.6618314e-001  8.8437597e-001  9.3608959e-001
  2.5100000e+001  7.6770452e-001  8.8521103e-001  9.3651410e-001
  2.5200000e+001  7.6921898e-001  8.8604085e-001  9.3693598e-001
  2.5300000e+001  7.7072651e-001  8.8686543e-001  9.3735525e-001
  2.5400000e+001  7.7222711e-001  8.8768480e-001  9.3777192e-001
  2.5500000e+001  7.7372077e-001  8.8849898e-001  9.3818600e-001
  2.5600000e+001  7.7520749e-001  8.8930800e-001  9.3859750e-001
  2.5700000e+001  7.7668727e-001  8.9011187e-001  9.3900644e-001
  2.5800000e+001  7.7816008e-001  8.9091062e-001  9.3941283e-001
  2.5900000e+001  7.7962594e-001  8.9170427e-001  9.3981669e-001
  2.6000000e+001  7.8108484e-001  8.9249285e-001  9.4021803e-001
  2.6100000e+001  7.8253677e-001  8.9327636e-001  9.4061686e-001
  2.6200000e+001  7.8398174e-001  8.9405485e-001  9.4101320e-001
  2.6300000e+001  7.8541974e-001  8.9482833e-001  9.4140706e-001
  2.6400000e+001  7.8685077e-001  8.9559682e-001  9.4179845e-001
  2.6500000e+001  7.8827483e-001  8.9636034e-001  9.4218738e-001
  2.6600000e+001  7.8969192e-001  8.9711892e-001  9.4257388e-001
  2.6700000e+001  7.9110203e-001  8.9787258e-001  9.4295795e-001
  2.6800000e+001  7.9250518e-001  8.9862135e-001  9.4333960e-001
  2.6900000e+001  7.9390135e-001  8.9936524e-001  9.4371885e-001
  2.7000000e+001  7.9529056e-001  9.0010428e-001  9.4409572e-001
  2.7100000e+001  7.9667281e-001  9.0083849e-001  9.4447021e-001
  2.7200000e+001  7.9804808e-001  9.0156789e-001  9.4484233e-001
  2.7300000e+001  7.9941640e-001  9.0229251e-001  9.4521211e-001
  2.7400000e+001  8.0077777e-001  9.0301237e-001  9.4557955e-001
  2.7500000e+001  8.0213218e-001  9.0372749e-001  9.4594467e-001
  2.7600000e+001  8.0347964e-001  9.0443790e-001  9.4630748e-001
  2.7700000e+001  8.0482016e-001  9.0514362e-001  9.4666799e-001
  2.7800000e+001  8.0615374e-001  9.0584466e-001  9.4702622e-001
  2.7900000e+001  8.0748039e-001  9.0654106e-001  9.4738217e-001
  2.8000000e+001  8.0880011e-001  9.0723284e-001  9.4773586e-001
  2.8100000e+001  8.1011291e-001  9.0792001e-001  9.4808731e-001
  2.8200000e+001  8.1141880e-001  9.0860261e-001  9.4843652e-001
  2.8300000e+001  8.1271779e-001  9.0928066e-001  9.4878351e-001
  2.8400000e+001  8.1400988e-001  9.0995417e-001  9.4912829e-001
  2.8500000e+001  8.1529508e-001  9.1062317e-001  9.4947087e-001
  2.8600000e+001  8.1657340e-001  9.1128769e-001  9.4981127e-001
  2.8700000e+001  8.1784485e-001  9.1194775e-001  9.5014949e-001
  2.8800000e+001  8.1910944e-001  9.1260336e-001  9.5048555e-001
  2.8900000e+001  8.2036718e-001  9.1325456e-001  9.5081947e-001
  2.9000000e+001  8.2161808e-001  9.1390136e-001  9.5115125e-001
  2.9100000e+001  8.2286215e-001  9.1454380e-001  9.5148090e-001
  2.9200000e+001  8.2409940e-001  9.1518188e-001  9.5180845e-001
  2.9300000e+001  8.2532984e-001  9.1581564e-001  9.5213389e-001
  2.9400000e+001  8.2655349e-001  9.1644509e-001  9.5245725e-001
  2.9500000e+001  8.2777035e-001  9.1707026e-001  9.5277853e-001
  2.9600000e+001  8.2898044e-001  9.1769118e-001  9.5309774e-001
  2.9700000e+001  8.3018378e-001  9.1830786e-001  9.5341490e-001
  2.9800000e+001  8.3138037e-001  9.1892033e-001  9.5373003e-001
  2.9900000e+001  8.3257023e-001  9.1952861e-001  9.5404312e-001
  3.0000000e+001  8.3375337e-001  9.2013272e-001  9.5435419e-001
  3.0100000e+001  8.3492981e-001  9.2073269e-001  9.5466326e-001
  3.0200000e+001  8.3609956e-001  9.2132854e-001  9.5497034e-001
  3.0300000e+001  8.3726263e-001  9.2192029e-001  9.5527544e-001
  3.0400000e+001  8.3841905e-001  9.2250796e-001  9.5557856e-001
  3.0500000e+001  8.3956883e-001  9.2309158e-001  9.5587972e-001
  3.0600000e+001  8.4071197e-001  9.2367116e-001  9.5617894e-001
  3.0700000e+001  8.4184851e-001  9.2424674e-001  9.5647622e-001
  3.0800000e+001  8.4297845e-001  9.2481833e-001  9.5677157e-001
  3.0900000e+001  8.4410182e-001  9.2538595e-001  9.5706501e-001
  3.1000000e+001  8.4521862e-001  9.2594964e-001  9.5735654e-001
  3.1100000e+001  8.4632888e-001  9.2650940e-001  9.5764619e-001
  3.1200000e+001  8.4743261e-001  9.2706526e-001  9.5793395e-001
  3.1300000e+001  8.4852983e-001  9.2761725e-001  9.5821984e-001
  3.1400000e+001  8.4962057e-001  9.2816538e-001  9.5850388e-001
  3.1500000e+001  8.5070483e-001  9.2870969e-001  9.5878606e-001
  3.1600000e+001  8.5178263e-001  9.2925018e-001  9.5906641e-001
  3.1700000e+001  8.5285401e-001  9.2978688e-001  9.5934493e-001
  3.1800000e+001  8.5391896e-001  9.3031982e-001  9.5962164e-001
  3.1900000e+001  8.5497752e-001  9.3084901e-001  9.5989654e-001
  3.2000000e+001  8.5602970e-001  9.3137449e-001  9.6016965e-001
  3.2100000e+001  8.5707553e-001  9.3189626e-001  9.6044098e-001
  3.2200000e+001  8.5811501e-001  9.3241435e-001  9.6071053e-001
  3.2300000e+001  8.5914818e-001  9.3292878e-001  9.6097832e-001
  3.2400000e+001  8.6017505e-001  9.3343958e-001  9.6124436e-001
  3.2500000e+001  8.6119564e-001  9.3394676e-001  9.6150866e-001
  3.2600000e+001  8.6220998e-001  9.3445035e-001  9.6177123e-001
  3.2700000e+001  8.6321808e-001  9.3495037e-001  9.6203208e-001
  3.2800000e+001  8.6421997e-001  9.3544683e-001  9.6229121e-001
  3.2900000e+001  8.6521567e-001  9.3593977e-001  9.6254865e-001
  3.3000000e+001  8.6620519e-001  9.3642920e-001  9.6280440e-001
  3.3100000e+001  8.6718857e-001  9.3691514e-001  9.6305847e-001
  3.3200000e+001  8.6816581e-001  9.3739762e-001  9.6331087e-001
  3.3300000e+001  8.6913696e-001  9.3787665e-001  9.6356160e-001
  3.3400000e+001  8.7010201e-001  9.3835225e-001  9.6381070e-001
  3.3500000e+001  8.7106101e-001  9.3882446e-001  9.6405815e-001
  3.3600000e+001  8.7201397e-001  9.3929328e-001  9.6430397e-001
  3.3700000e+001  8.7296091e-001  9.3975873e-001  9.6454817e-001
  3.3800000e+001  8.7390186e-001  9.4022085e-001  9.6479076e-001
  3.3900000e+001  8.7483684e-001  9.4067964e-001  9.6503176e-001
  3.4000000e+001  8.7576588e-001  9.4113514e-001  9.6527116e-001
  3.4100000e+001  8.7668898e-001  9.4158735e-001  9.6550898e-001
  3.4200000e+001  8.7760619e-001  9.4203630e-001  9.6574523e-001
  3.4300000e+001  8.7851752e-001  9.4248201e-001  9.6597992e-001
  3.4400000e+001  8.7942300e-001  9.4292451e-001  9.6621306e-001
  3.4500000e+001  8.8032265e-001  9.4336380e-001  9.6644466e-001
  3.4600000e+001  8.8121649e-001  9.4379992e-001  9.6667472e-001
  3.4700000e+001  8.8210455e-001  9.4423287e-001  9.6690326e-001
  3.4800000e+001  8.8298686e-001  9.4466269e-001  9.6713029e-001
  3.4900000e+001  8.8386343e-001  9.4508938e-001  9.6735581e-001
  3.5000000e+001  8.8473428e-001  9.4551297e-001  9.6757984e-001
