  0.0000000e+000  1.8983912e+002  2.0350265e+002  1.9580510e+002  2.8593522e+002  2.1213827e+002
  4.0000000e+000  2.0581291e+002  2.0385326e+002  1.9322429e+002  2.8593522e+002  2.1536232e+002
  8.0000000e+000  2.0055258e+002  2.0106899e+002  1.9170317e+002  2.8593522e+002  2.1191857e+002
  1.6000000e+001  2.0114063e+002  1.9428968e+002  1.8170833e+002  2.8593522e+002  2.0539498e+002
  3.2000000e+001  1.9456639e+002  1.8649334e+002  1.7109177e+002  2.8593522e+002  1.9969734e+002
  0.0000000e+000  1.0024645e+001  1.0588130e+001  8.0320464e+000  3.9161077e+000  7.3190281e+000
  4.0000000e+000  9.3693653e+000  6.8051550e+000  9.7089129e+000  3.9161077e+000  7.0232801e+000
  8.0000000e+000  7.8002985e+000  8.2830291e+000  9.9511450e+000  3.9161077e+000  7.5855542e+000
  1.6000000e+001  9.0951659e+000  7.1712566e+000  7.9985429e+000  3.9161077e+000  6.3031627e+000
  3.2000000e+001  8.5737505e+000  8.2315440e+000  8.6751291e+000  3.9161077e+000  7.4072539e+000
