  0.0000000e+000  3.4832441e-001  4.8409328e-001  6.0765464e-001
  2.0000000e+000  4.9665503e-001  6.1887812e-001  7.4005170e-001
  4.0000000e+000  6.1468751e-001  7.3801787e-001  8.2814632e-001
  8.0000000e+000  8.2024636e-001  8.9438214e-001  9.1713399e-001
  1.6000000e+001  9.3665034e-001  9.5999851e-001  9.7352555e-001
  0.0000000e+000  1.6109143e-001  1.0010967e-001  1.4295640e-001
  2.0000000e+000  1.4846297e-001  1.1835689e-001  1.3153067e-001
  4.0000000e+000  1.5868082e-001  1.4503208e-001  1.3685223e-001
  8.0000000e+000  1.5980118e-001  1.3336051e-001  1.3603145e-001
  1.6000000e+001  1.4307434e-001  1.3387090e-001  1.3402423e-001
  0.0000000e+000  3.4462435e-001  4.7745058e-001  6.0561952e-001
  1.0000000e-001  3.5217791e-001  4.8708183e-001  6.1783010e-001
  2.0000000e-001  3.6021807e-001  4.9636849e-001  6.2784465e-001
  3.0000000e-001  3.6838729e-001  5.0542610e-001  6.3702361e-001
  4.0000000e-001  3.7660249e-001  5.1428218e-001  6.4563123e-001
  5.0000000e-001  3.8482294e-001  5.2295158e-001  6.5379278e-001
  6.0000000e-001  3.9302425e-001  5.3144432e-001  6.6158284e-001
  7.0000000e-001  4.0119019e-001  5.3976799e-001  6.6905158e-001
  8.0000000e-001  4.0930927e-001  5.4792879e-001  6.7623539e-001
  9.0000000e-001  4.1737300e-001  5.5593203e-001  6.8316211e-001
  1.0000000e+000  4.2537492e-001  5.6378239e-001  6.8985388e-001
  1.1000000e+000  4.3331000e-001  5.7148407e-001  6.9632884e-001
  1.2000000e+000  4.4117432e-001  5.7904096e-001  7.0260219e-001
  1.3000000e+000  4.4896473e-001  5.8645666e-001  7.0868691e-001
  1.4000000e+000  4.5667875e-001  5.9373453e-001  7.1459425e-001
  1.5000000e+000  4.6431438e-001  6.0087779e-001  7.2033412e-001
  1.6000000e+000  4.7187004e-001  6.0788944e-001  7.2591528e-001
  1.7000000e+000  4.7934448e-001  6.1477241e-001  7.3134560e-001
  1.8000000e+000  4.8673673e-001  6.2152946e-001  7.3663218e-001
  1.9000000e+000  4.9404608e-001  6.2816326e-001  7.4178150e-001
  2.0000000e+000  5.0127197e-001  6.3467639e-001  7.4679945e-001
  2.1000000e+000  5.0841404e-001  6.4107133e-001  7.5169146e-001
  2.2000000e+000  5.1547208e-001  6.4735050e-001  7.5646257e-001
  2.3000000e+000  5.2244599e-001  6.5351623e-001  7.6111743e-001
  2.4000000e+000  5.2933577e-001  6.5957079e-001  7.6566038e-001
  2.5000000e+000  5.3614155e-001  6.6551637e-001  7.7009548e-001
  2.6000000e+000  5.4286351e-001  6.7135511e-001  7.7442652e-001
  2.7000000e+000  5.4950192e-001  6.7708911e-001  7.7865707e-001
  2.8000000e+000  5.5605711e-001  6.8272040e-001  7.8279051e-001
  2.9000000e+000  5.6252945e-001  6.8825094e-001  7.8683001e-001
  3.0000000e+000  5.6891940e-001  6.9368269e-001  7.9077858e-001
  3.1000000e+000  5.7522742e-001  6.9901751e-001  7.9463908e-001
  3.2000000e+000  5.8145404e-001  7.0425726e-001  7.9841420e-001
  3.3000000e+000  5.8759981e-001  7.0940373e-001  8.0210653e-001
  3.4000000e+000  5.9366532e-001  7.1445867e-001  8.0571853e-001
  3.5000000e+000  5.9965117e-001  7.1942382e-001  8.0925253e-001
  3.6000000e+000  6.0555800e-001  7.2430084e-001  8.1271078e-001
  3.7000000e+000  6.1138647e-001  7.2909139e-001  8.1609543e-001
  3.8000000e+000  6.1713725e-001  7.3379706e-001  8.1940851e-001
  3.9000000e+000  6.2281103e-001  7.3841944e-001  8.2265200e-001
  4.0000000e+000  6.2840852e-001  7.4296006e-001  8.2582779e-001
  4.1000000e+000  6.3393044e-001  7.4742044e-001  8.2893768e-001
  4.2000000e+000  6.3937751e-001  7.5180204e-001  8.3198342e-001
  4.3000000e+000  6.4475048e-001  7.5610633e-001  8.3496669e-001
  4.4000000e+000  6.5005008e-001  7.6033470e-001  8.3788911e-001
  4.5000000e+000  6.5527707e-001  7.6448857e-001  8.4075222e-001
  4.6000000e+000  6.6043221e-001  7.6856927e-001  8.4355753e-001
  4.7000000e+000  6.6551625e-001  7.7257815e-001  8.4630649e-001
  4.8000000e+000  6.7052997e-001  7.7651652e-001  8.4900049e-001
  4.9000000e+000  6.7547412e-001  7.8038565e-001  8.5164089e-001
  5.0000000e+000  6.8034949e-001  7.8418680e-001  8.5422898e-001
  5.1000000e+000  6.8515682e-001  7.8792120e-001  8.5676604e-001
  5.2000000e+000  6.8989691e-001  7.9159006e-001  8.5925329e-001
  5.3000000e+000  6.9457050e-001  7.9519456e-001  8.6169190e-001
  5.4000000e+000  6.9917838e-001  7.9873587e-001  8.6408302e-001
  5.5000000e+000  7.0372131e-001  8.0221512e-001  8.6642777e-001
  5.6000000e+000  7.0820006e-001  8.0563342e-001  8.6872721e-001
  5.7000000e+000  7.1261538e-001  8.0899188e-001  8.7098240e-001
  5.8000000e+000  7.1696803e-001  8.1229157e-001  8.7319434e-001
  5.9000000e+000  7.2125878e-001  8.1553354e-001  8.7536402e-001
  6.0000000e+000  7.2548837e-001  8.1871882e-001  8.7749239e-001
  6.1000000e+000  7.2965755e-001  8.2184843e-001  8.7958037e-001
  6.2000000e+000  7.3376707e-001  8.2492337e-001  8.8162887e-001
  6.3000000e+000  7.3781767e-001  8.2794461e-001  8.8363876e-001
  6.4000000e+000  7.4181008e-001  8.3091311e-001  8.8561089e-001
  6.5000000e+000  7.4574503e-001  8.3382981e-001  8.8754609e-001
  6.6000000e+000  7.4962325e-001  8.3669563e-001  8.8944516e-001
  6.7000000e+000  7.5344545e-001  8.3951148e-001  8.9130888e-001
  6.8000000e+000  7.5721236e-001  8.4227825e-001  8.9313801e-001
  6.9000000e+000  7.6092468e-001  8.4499680e-001  8.9493330e-001
  7.0000000e+000  7.6458312e-001  8.4766801e-001  8.9669546e-001
  7.1000000e+000  7.6818837e-001  8.5029270e-001  8.9842520e-001
  7.2000000e+000  7.7174112e-001  8.5287170e-001  9.0012321e-001
  7.3000000e+000  7.7524206e-001  8.5540582e-001  9.0179014e-001
  7.4000000e+000  7.7869187e-001  8.5789585e-001  9.0342665e-001
  7.5000000e+000  7.8209123e-001  8.6034259e-001  9.0503337e-001
  7.6000000e+000  7.8544079e-001  8.6274678e-001  9.0661092e-001
  7.7000000e+000  7.8874122e-001  8.6510919e-001  9.0815989e-001
  7.8000000e+000  7.9199318e-001  8.6743055e-001  9.0968089e-001
  7.9000000e+000  7.9519731e-001  8.6971158e-001  9.1117447e-001
  8.0000000e+000  7.9835425e-001  8.7195301e-001  9.1264119e-001
  8.1000000e+000  8.0146464e-001  8.7415552e-001  9.1408161e-001
  8.2000000e+000  8.0452910e-001  8.7631980e-001  9.1549626e-001
  8.3000000e+000  8.0754826e-001  8.7844653e-001  9.1688564e-001
  8.4000000e+000  8.1052273e-001  8.8053637e-001  9.1825027e-001
  8.5000000e+000  8.1345313e-001  8.8258996e-001  9.1959065e-001
  8.6000000e+000  8.1634005e-001  8.8460795e-001  9.2090725e-001
  8.7000000e+000  8.1918408e-001  8.8659096e-001  9.2220054e-001
  8.8000000e+000  8.2198583e-001  8.8853960e-001  9.2347100e-001
  8.9000000e+000  8.2474586e-001  8.9045449e-001  9.2471906e-001
  9.0000000e+000  8.2746476e-001  8.9233620e-001  9.2594517e-001
  9.1000000e+000  8.3014309e-001  8.9418533e-001  9.2714976e-001
  9.2000000e+000  8.3278142e-001  8.9600244e-001  9.2833324e-001
  9.3000000e+000  8.3538030e-001  8.9778810e-001  9.2949603e-001
  9.4000000e+000  8.3794028e-001  8.9954286e-001  9.3063853e-001
  9.5000000e+000  8.4046191e-001  9.0126726e-001  9.3176113e-001
  9.6000000e+000  8.4294572e-001  9.0296183e-001  9.3286422e-001
  9.7000000e+000  8.4539225e-001  9.0462709e-001  9.3394816e-001
  9.8000000e+000  8.4780201e-001  9.0626356e-001  9.3501332e-001
  9.9000000e+000  8.5017553e-001  9.0787174e-001  9.3606007e-001
  1.0000000e+001  8.5251332e-001  9.0945212e-001  9.3708876e-001
  1.0100000e+001  8.5481588e-001  9.1100520e-001  9.3809972e-001
  1.0200000e+001  8.5708371e-001  9.1253144e-001  9.3909329e-001
  1.0300000e+001  8.5931730e-001  9.1403132e-001  9.4006980e-001
  1.0400000e+001  8.6151714e-001  9.1550529e-001  9.4102958e-001
  1.0500000e+001  8.6368372e-001  9.1695382e-001  9.4197293e-001
  1.0600000e+001  8.6581750e-001  9.1837734e-001  9.4290017e-001
  1.0700000e+001  8.6791896e-001  9.1977629e-001  9.4381159e-001
  1.0800000e+001  8.6998856e-001  9.2115110e-001  9.4470749e-001
  1.0900000e+001  8.7202675e-001  9.2250219e-001  9.4558817e-001
  1.1000000e+001  8.7403399e-001  9.2382997e-001  9.4645389e-001
  1.1100000e+001  8.7601072e-001  9.2513485e-001  9.4730494e-001
  1.1200000e+001  8.7795738e-001  9.2641722e-001  9.4814159e-001
  1.1300000e+001  8.7987441e-001  9.2767749e-001  9.4896410e-001
  1.1400000e+001  8.8176224e-001  9.2891603e-001  9.4977274e-001
  1.1500000e+001  8.8362128e-001  9.3013323e-001  9.5056775e-001
  1.1600000e+001  8.8545195e-001  9.3132945e-001  9.5134940e-001
  1.1700000e+001  8.8725467e-001  9.3250506e-001  9.5211791e-001
  1.1800000e+001  8.8902985e-001  9.3366041e-001  9.5287354e-001
  1.1900000e+001  8.9077788e-001  9.3479587e-001  9.5361651e-001
  1.2000000e+001  8.9249915e-001  9.3591177e-001  9.5434705e-001
  1.2100000e+001  8.9419407e-001  9.3700845e-001  9.5506539e-001
  1.2200000e+001  8.9586302e-001  9.3808626e-001  9.5577176e-001
  1.2300000e+001  8.9750636e-001  9.3914551e-001  9.5646635e-001
  1.2400000e+001  8.9912449e-001  9.4018654e-001  9.5714940e-001
  1.2500000e+001  9.0071778e-001  9.4120964e-001  9.5782110e-001
  1.2600000e+001  9.0228657e-001  9.4221515e-001  9.5848165e-001
  1.2700000e+001  9.0383125e-001  9.4320335e-001  9.5913127e-001
  1.2800000e+001  9.0535215e-001  9.4417456e-001  9.5977013e-001
  1.2900000e+001  9.0684964e-001  9.4512907e-001  9.6039844e-001
  1.3000000e+001  9.0832405e-001  9.4606716e-001  9.6101638e-001
  1.3100000e+001  9.0977574e-001  9.4698913e-001  9.6162414e-001
  1.3200000e+001  9.1120502e-001  9.4789524e-001  9.6222189e-001
  1.3300000e+001  9.1261225e-001  9.4878578e-001  9.6280981e-001
  1.3400000e+001  9.1399774e-001  9.4966102e-001  9.6338808e-001
  1.3500000e+001  9.1536181e-001  9.5052121e-001  9.6395686e-001
  1.3600000e+001  9.1670479e-001  9.5136663e-001  9.6451633e-001
  1.3700000e+001  9.1802698e-001  9.5219752e-001  9.6506664e-001
  1.3800000e+001  9.1932871e-001  9.5301414e-001  9.6560796e-001
  1.3900000e+001  9.2061027e-001  9.5381674e-001  9.6614045e-001
  1.4000000e+001  9.2187196e-001  9.5460555e-001  9.6666425e-001
  1.4100000e+001  9.2311408e-001  9.5538082e-001  9.6717952e-001
  1.4200000e+001  9.2433692e-001  9.5614278e-001  9.6768641e-001
  1.4300000e+001  9.2554078e-001  9.5689166e-001  9.6818507e-001
  1.4400000e+001  9.2672593e-001  9.5762768e-001  9.6867563e-001
  1.4500000e+001  9.2789265e-001  9.5835108e-001  9.6915823e-001
  1.4600000e+001  9.2904123e-001  9.5906206e-001  9.6963303e-001
  1.4700000e+001  9.3017194e-001  9.5976085e-001  9.7010014e-001
  1.4800000e+001  9.3128503e-001  9.6044764e-001  9.7055970e-001
  1.4900000e+001  9.3238079e-001  9.6112266e-001  9.7101185e-001
  1.5000000e+001  9.3345947e-001  9.6178610e-001  9.7145670e-001
  1.5100000e+001  9.3452132e-001  9.6243816e-001  9.7189439e-001
  1.5200000e+001  9.3556660e-001  9.6307904e-001  9.7232504e-001
  1.5300000e+001  9.3659556e-001  9.6370893e-001  9.7274876e-001
  1.5400000e+001  9.3760846e-001  9.6432803e-001  9.7316568e-001
  1.5500000e+001  9.3860552e-001  9.6493651e-001  9.7357592e-001
  1.5600000e+001  9.3958699e-001  9.6553457e-001  9.7397958e-001
  1.5700000e+001  9.4055311e-001  9.6612237e-001  9.7437677e-001
  1.5800000e+001  9.4150410e-001  9.6670010e-001  9.7476762e-001
  1.5900000e+001  9.4244021e-001  9.6726794e-001  9.7515222e-001
  1.6000000e+001  9.4336164e-001  9.6782605e-001  9.7553068e-001
