 -2.0000000e+002  1.5560044e+001  1.5258328e+001  1.5206368e+001
 -1.9900000e+002  1.5567090e+001  1.5255075e+001  1.5203373e+001
 -1.9800000e+002  1.5574127e+001  1.5251722e+001  1.5200467e+001
 -1.9700000e+002  1.5581139e+001  1.5248277e+001  1.5197652e+001
 -1.9600000e+002  1.5588114e+001  1.5244746e+001  1.5194930e+001
 -1.9500000e+002  1.5595037e+001  1.5241136e+001  1.5192302e+001
 -1.9400000e+002  1.5601893e+001  1.5237456e+001  1.5189770e+001
 -1.9300000e+002  1.5608668e+001  1.5233713e+001  1.5187334e+001
 -1.9200000e+002  1.5615348e+001  1.5229914e+001  1.5184997e+001
 -1.9100000e+002  1.5621921e+001  1.5226067e+001  1.5182758e+001
 -1.9000000e+002  1.5628371e+001  1.5222179e+001  1.5180619e+001
 -1.8900000e+002  1.5634685e+001  1.5218257e+001  1.5178580e+001
 -1.8800000e+002  1.5640850e+001  1.5214309e+001  1.5176643e+001
 -1.8700000e+002  1.5646853e+001  1.5210342e+001  1.5174806e+001
 -1.8600000e+002  1.5652681e+001  1.5206362e+001  1.5173072e+001
 -1.8500000e+002  1.5658322e+001  1.5202376e+001  1.5171439e+001
 -1.8400000e+002  1.5663764e+001  1.5198392e+001  1.5169908e+001
 -1.8300000e+002  1.5668996e+001  1.5194414e+001  1.5168480e+001
 -1.8200000e+002  1.5674007e+001  1.5190451e+001  1.5167155e+001
 -1.8100000e+002  1.5678786e+001  1.5186507e+001  1.5165931e+001
 -1.8000000e+002  1.5683324e+001  1.5182589e+001  1.5164810e+001
 -1.7900000e+002  1.5687611e+001  1.5178703e+001  1.5163792e+001
 -1.7800000e+002  1.5691639e+001  1.5174855e+001  1.5162875e+001
 -1.7700000e+002  1.5695400e+001  1.5171049e+001  1.5162060e+001
 -1.7600000e+002  1.5698886e+001  1.5167292e+001  1.5161347e+001
 -1.7500000e+002  1.5702091e+001  1.5163589e+001  1.5160735e+001
 -1.7400000e+002  1.5705009e+001  1.5159945e+001  1.5160224e+001
 -1.7300000e+002  1.5707635e+001  1.5156365e+001  1.5159813e+001
 -1.7200000e+002  1.5709964e+001  1.5152853e+001  1.5159503e+001
 -1.7100000e+002  1.5711993e+001  1.5149415e+001  1.5159293e+001
 -1.7000000e+002  1.5713720e+001  1.5146055e+001  1.5159182e+001
 -1.6900000e+002  1.5715141e+001  1.5142778e+001  1.5159170e+001
 -1.6800000e+002  1.5716256e+001  1.5139589e+001  1.5159257e+001
 -1.6700000e+002  1.5717064e+001  1.5136491e+001  1.5159441e+001
 -1.6600000e+002  1.5717565e+001  1.5133489e+001  1.5159723e+001
 -1.6500000e+002  1.5717761e+001  1.5130588e+001  1.5160101e+001
 -1.6400000e+002  1.5717654e+001  1.5127791e+001  1.5160575e+001
 -1.6300000e+002  1.5717246e+001  1.5125103e+001  1.5161145e+001
 -1.6200000e+002  1.5716540e+001  1.5122529e+001  1.5161808e+001
 -1.6100000e+002  1.5715541e+001  1.5120071e+001  1.5162565e+001
 -1.6000000e+002  1.5714254e+001  1.5117734e+001  1.5163415e+001
 -1.5900000e+002  1.5712685e+001  1.5115523e+001  1.5164357e+001
 -1.5800000e+002  1.5710840e+001  1.5113441e+001  1.5165390e+001
 -1.5700000e+002  1.5708727e+001  1.5111493e+001  1.5166512e+001
 -1.5600000e+002  1.5706353e+001  1.5109682e+001  1.5167724e+001
 -1.5500000e+002  1.5703727e+001  1.5108013e+001  1.5169023e+001
 -1.5400000e+002  1.5700858e+001  1.5106490e+001  1.5170409e+001
 -1.5300000e+002  1.5697757e+001  1.5105116e+001  1.5171881e+001
 -1.5200000e+002  1.5694433e+001  1.5103896e+001  1.5173437e+001
 -1.5100000e+002  1.5690899e+001  1.5102834e+001  1.5175075e+001
 -1.5000000e+002  1.5687164e+001  1.5101933e+001  1.5176796e+001
 -1.4900000e+002  1.5683243e+001  1.5101198e+001  1.5178597e+001
 -1.4800000e+002  1.5679146e+001  1.5100633e+001  1.5180477e+001
 -1.4700000e+002  1.5674888e+001  1.5100242e+001  1.5182434e+001
 -1.4600000e+002  1.5670481e+001  1.5100029e+001  1.5184467e+001
 -1.4500000e+002  1.5665941e+001  1.5099996e+001  1.5186573e+001
 -1.4400000e+002  1.5661280e+001  1.5100150e+001  1.5188752e+001
 -1.4300000e+002  1.5656514e+001  1.5100493e+001  1.5191002e+001
 -1.4200000e+002  1.5651656e+001  1.5101028e+001  1.5193319e+001
 -1.4100000e+002  1.5646723e+001  1.5101760e+001  1.5195704e+001
 -1.4000000e+002  1.5641728e+001  1.5102693e+001  1.5198153e+001
 -1.3900000e+002  1.5636688e+001  1.5103829e+001  1.5200664e+001
 -1.3800000e+002  1.5631617e+001  1.5105171e+001  1.5203234e+001
 -1.3700000e+002  1.5626530e+001  1.5106724e+001  1.5205863e+001
 -1.3600000e+002  1.5621442e+001  1.5108490e+001  1.5208546e+001
 -1.3500000e+002  1.5616370e+001  1.5110471e+001  1.5211282e+001
 -1.3400000e+002  1.5611327e+001  1.5112670e+001  1.5214069e+001
 -1.3300000e+002  1.5606330e+001  1.5115090e+001  1.5216902e+001
 -1.3200000e+002  1.5601391e+001  1.5117732e+001  1.5219780e+001
 -1.3100000e+002  1.5596527e+001  1.5120598e+001  1.5222700e+001
 -1.3000000e+002  1.5591750e+001  1.5123691e+001  1.5225659e+001
 -1.2900000e+002  1.5587076e+001  1.5127010e+001  1.5228654e+001
 -1.2800000e+002  1.5582517e+001  1.5130557e+001  1.5231681e+001
 -1.2700000e+002  1.5578086e+001  1.5134333e+001  1.5234739e+001
 -1.2600000e+002  1.5573797e+001  1.5138339e+001  1.5237823e+001
 -1.2500000e+002  1.5569661e+001  1.5142573e+001  1.5240931e+001
 -1.2400000e+002  1.5565691e+001  1.5147036e+001  1.5244059e+001
 -1.2300000e+002  1.5561897e+001  1.5151727e+001  1.5247205e+001
 -1.2200000e+002  1.5558290e+001  1.5156646e+001  1.5250365e+001
 -1.2100000e+002  1.5554882e+001  1.5161790e+001  1.5253536e+001
 -1.2000000e+002  1.5551680e+001  1.5167158e+001  1.5256715e+001
 -1.1900000e+002  1.5548695e+001  1.5172747e+001  1.5259898e+001
 -1.1800000e+002  1.5545935e+001  1.5178555e+001  1.5263084e+001
 -1.1700000e+002  1.5543407e+001  1.5184579e+001  1.5266268e+001
 -1.1600000e+002  1.5541120e+001  1.5190816e+001  1.5269447e+001
 -1.1500000e+002  1.5539078e+001  1.5197262e+001  1.5272620e+001
 -1.1400000e+002  1.5537290e+001  1.5203913e+001  1.5275783e+001
 -1.1300000e+002  1.5535759e+001  1.5210764e+001  1.5278932e+001
 -1.1200000e+002  1.5534490e+001  1.5217812e+001  1.5282067e+001
 -1.1100000e+002  1.5533488e+001  1.5225050e+001  1.5285184e+001
 -1.1000000e+002  1.5532757e+001  1.5232473e+001  1.5288281e+001
 -1.0900000e+002  1.5532297e+001  1.5240076e+001  1.5291355e+001
 -1.0800000e+002  1.5532113e+001  1.5247852e+001  1.5294405e+001
 -1.0700000e+002  1.5532206e+001  1.5255794e+001  1.5297429e+001
 -1.0600000e+002  1.5532576e+001  1.5263897e+001  1.5300425e+001
 -1.0500000e+002  1.5533223e+001  1.5272153e+001  1.5303392e+001
 -1.0400000e+002  1.5534149e+001  1.5280554e+001  1.5306329e+001
 -1.0300000e+002  1.5535351e+001  1.5289093e+001  1.5309233e+001
 -1.0200000e+002  1.5536829e+001  1.5297763e+001  1.5312105e+001
 -1.0100000e+002  1.5538580e+001  1.5306555e+001  1.5314945e+001
 -1.0000000e+002  1.5540604e+001  1.5315461e+001  1.5317751e+001
 -9.9000000e+001  1.5542895e+001  1.5324473e+001  1.5320524e+001
 -9.8000000e+001  1.5545453e+001  1.5333581e+001  1.5323264e+001
 -9.7000000e+001  1.5548272e+001  1.5342778e+001  1.5325972e+001
 -9.6000000e+001  1.5551349e+001  1.5352054e+001  1.5328649e+001
 -9.5000000e+001  1.5554680e+001  1.5361399e+001  1.5331296e+001
 -9.4000000e+001  1.5558260e+001  1.5370806e+001  1.5333915e+001
 -9.3000000e+001  1.5562083e+001  1.5380264e+001  1.5336507e+001
 -9.2000000e+001  1.5566146e+001  1.5389765e+001  1.5339075e+001
 -9.1000000e+001  1.5570441e+001  1.5399299e+001  1.5341621e+001
 -9.0000000e+001  1.5574963e+001  1.5408857e+001  1.5344149e+001
 -8.9000000e+001  1.5579706e+001  1.5418429e+001  1.5346661e+001
 -8.8000000e+001  1.5584665e+001  1.5428007e+001  1.5349162e+001
 -8.7000000e+001  1.5589832e+001  1.5437581e+001  1.5351654e+001
 -8.6000000e+001  1.5595202e+001  1.5447142e+001  1.5354143e+001
 -8.5000000e+001  1.5600767e+001  1.5456681e+001  1.5356633e+001
 -8.4000000e+001  1.5606522e+001  1.5466188e+001  1.5359129e+001
 -8.3000000e+001  1.5612459e+001  1.5475656e+001  1.5361637e+001
 -8.2000000e+001  1.5618572e+001  1.5485075e+001  1.5364161e+001
 -8.1000000e+001  1.5624854e+001  1.5494437e+001  1.5366708e+001
 -8.0000000e+001  1.5631300e+001  1.5503734e+001  1.5369284e+001
 -7.9000000e+001  1.5637901e+001  1.5512956e+001  1.5371895e+001
 -7.8000000e+001  1.5644651e+001  1.5522098e+001  1.5374547e+001
 -7.7000000e+001  1.5651545e+001  1.5531150e+001  1.5377248e+001
 -7.6000000e+001  1.5658575e+001  1.5540105e+001  1.5380004e+001
 -7.5000000e+001  1.5665736e+001  1.5548956e+001  1.5382823e+001
 -7.4000000e+001  1.5673021e+001  1.5557696e+001  1.5385711e+001
 -7.3000000e+001  1.5680424e+001  1.5566317e+001  1.5388675e+001
 -7.2000000e+001  1.5687940e+001  1.5574815e+001  1.5391724e+001
 -7.1000000e+001  1.5695563e+001  1.5583182e+001  1.5394865e+001
 -7.0000000e+001  1.5703286e+001  1.5591412e+001  1.5398104e+001
 -6.9000000e+001  1.5711105e+001  1.5599499e+001  1.5401449e+001
 -6.8000000e+001  1.5719014e+001  1.5607440e+001  1.5404907e+001
 -6.7000000e+001  1.5727007e+001  1.5615227e+001  1.5408486e+001
 -6.6000000e+001  1.5735081e+001  1.5622858e+001  1.5412192e+001
 -6.5000000e+001  1.5743229e+001  1.5630327e+001  1.5416032e+001
 -6.4000000e+001  1.5751448e+001  1.5637630e+001  1.5420013e+001
 -6.3000000e+001  1.5759731e+001  1.5644763e+001  1.5424140e+001
 -6.2000000e+001  1.5768075e+001  1.5651724e+001  1.5428419e+001
 -6.1000000e+001  1.5776475e+001  1.5658509e+001  1.5432858e+001
 -6.0000000e+001  1.5784927e+001  1.5665116e+001  1.5437460e+001
 -5.9000000e+001  1.5793427e+001  1.5671541e+001  1.5442231e+001
 -5.8000000e+001  1.5801970e+001  1.5677784e+001  1.5447176e+001
 -5.7000000e+001  1.5810552e+001  1.5683843e+001  1.5452298e+001
 -5.6000000e+001  1.5819169e+001  1.5689716e+001  1.5457600e+001
 -5.5000000e+001  1.5827817e+001  1.5695402e+001  1.5463087e+001
 -5.4000000e+001  1.5836492e+001  1.5700901e+001  1.5468760e+001
 -5.3000000e+001  1.5845191e+001  1.5706212e+001  1.5474621e+001
 -5.2000000e+001  1.5853909e+001  1.5711336e+001  1.5480673e+001
 -5.1000000e+001  1.5862643e+001  1.5716274e+001  1.5486915e+001
 -5.0000000e+001  1.5871388e+001  1.5721025e+001  1.5493348e+001
 -4.9000000e+001  1.5880141e+001  1.5725591e+001  1.5499972e+001
 -4.8000000e+001  1.5888897e+001  1.5729974e+001  1.5506785e+001
 -4.7000000e+001  1.5897654e+001  1.5734176e+001  1.5513785e+001
 -4.6000000e+001  1.5906406e+001  1.5738198e+001  1.5520970e+001
 -4.5000000e+001  1.5915151e+001  1.5742043e+001  1.5528337e+001
 -4.4000000e+001  1.5923883e+001  1.5745714e+001  1.5535882e+001
 -4.3000000e+001  1.5932598e+001  1.5749214e+001  1.5543601e+001
 -4.2000000e+001  1.5941293e+001  1.5752545e+001  1.5551488e+001
 -4.1000000e+001  1.5949963e+001  1.5755712e+001  1.5559537e+001
 -4.0000000e+001  1.5958604e+001  1.5758719e+001  1.5567741e+001
 -3.9000000e+001  1.5967211e+001  1.5761569e+001  1.5576094e+001
 -3.8000000e+001  1.5975780e+001  1.5764267e+001  1.5584588e+001
 -3.7000000e+001  1.5984305e+001  1.5766817e+001  1.5593213e+001
 -3.6000000e+001  1.5992783e+001  1.5769224e+001  1.5601960e+001
 -3.5000000e+001  1.6001207e+001  1.5771493e+001  1.5610820e+001
 -3.4000000e+001  1.6009574e+001  1.5773628e+001  1.5619783e+001
 -3.3000000e+001  1.6017878e+001  1.5775636e+001  1.5628837e+001
 -3.2000000e+001  1.6026114e+001  1.5777522e+001  1.5637970e+001
 -3.1000000e+001  1.6034276e+001  1.5779292e+001  1.5647172e+001
 -3.0000000e+001  1.6042359e+001  1.5780950e+001  1.5656430e+001
 -2.9000000e+001  1.6050359e+001  1.5782503e+001  1.5665730e+001
 -2.8000000e+001  1.6058269e+001  1.5783958e+001  1.5675060e+001
 -2.7000000e+001  1.6066083e+001  1.5785319e+001  1.5684406e+001
 -2.6000000e+001  1.6073797e+001  1.5786594e+001  1.5693755e+001
 -2.5000000e+001  1.6081405e+001  1.5787788e+001  1.5703093e+001
 -2.4000000e+001  1.6088901e+001  1.5788909e+001  1.5712405e+001
 -2.3000000e+001  1.6096279e+001  1.5789961e+001  1.5721678e+001
 -2.2000000e+001  1.6103534e+001  1.5790952e+001  1.5730898e+001
 -2.1000000e+001  1.6110660e+001  1.5791888e+001  1.5740051e+001
 -2.0000000e+001  1.6117652e+001  1.5792776e+001  1.5749121e+001
 -1.9000000e+001  1.6124504e+001  1.5793621e+001  1.5758097e+001
 -1.8000000e+001  1.6131211e+001  1.5794431e+001  1.5766963e+001
 -1.7000000e+001  1.6137768e+001  1.5795212e+001  1.5775707e+001
 -1.6000000e+001  1.6144170e+001  1.5795970e+001  1.5784316e+001
 -1.5000000e+001  1.6150411e+001  1.5796712e+001  1.5792777e+001
 -1.4000000e+001  1.6156487e+001  1.5797444e+001  1.5801078e+001
 -1.3000000e+001  1.6162394e+001  1.5798172e+001  1.5809207e+001
 -1.2000000e+001  1.6168127e+001  1.5798902e+001  1.5817154e+001
 -1.1000000e+001  1.6173682e+001  1.5799641e+001  1.5824907e+001
 -1.0000000e+001  1.6179054e+001  1.5800395e+001  1.5832458e+001
 -9.0000000e+000  1.6184240e+001  1.5801169e+001  1.5839797e+001
 -8.0000000e+000  1.6189238e+001  1.5801968e+001  1.5846916e+001
 -7.0000000e+000  1.6194043e+001  1.5802800e+001  1.5853807e+001
 -6.0000000e+000  1.6198653e+001  1.5803669e+001  1.5860465e+001
 -5.0000000e+000  1.6203065e+001  1.5804580e+001  1.5866883e+001
 -4.0000000e+000  1.6207278e+001  1.5805539e+001  1.5873057e+001
 -3.0000000e+000  1.6211289e+001  1.5806551e+001  1.5878983e+001
 -2.0000000e+000  1.6215097e+001  1.5807621e+001  1.5884659e+001
 -1.0000000e+000  1.6218700e+001  1.5808754e+001  1.5890082e+001
  0.0000000e+000  1.6222098e+001  1.5809954e+001  1.5895252e+001
  1.0000000e+000  1.6225291e+001  1.5811224e+001  1.5900169e+001
  2.0000000e+000  1.6228278e+001  1.5812571e+001  1.5904835e+001
  3.0000000e+000  1.6231061e+001  1.5813997e+001  1.5909252e+001
  4.0000000e+000  1.6233639e+001  1.5815506e+001  1.5913423e+001
  5.0000000e+000  1.6236015e+001  1.5817102e+001  1.5917353e+001
  6.0000000e+000  1.6238189e+001  1.5818788e+001  1.5921047e+001
  7.0000000e+000  1.6240164e+001  1.5820568e+001  1.5924512e+001
  8.0000000e+000  1.6241942e+001  1.5822443e+001  1.5927754e+001
  9.0000000e+000  1.6243526e+001  1.5824418e+001  1.5930783e+001
  1.0000000e+001  1.6244920e+001  1.5826493e+001  1.5933608e+001
  1.1000000e+001  1.6246127e+001  1.5828671e+001  1.5936237e+001
  1.2000000e+001  1.6247151e+001  1.5830954e+001  1.5938684e+001
  1.3000000e+001  1.6247996e+001  1.5833344e+001  1.5940958e+001
  1.4000000e+001  1.6248669e+001  1.5835841e+001  1.5943073e+001
  1.5000000e+001  1.6249173e+001  1.5838447e+001  1.5945042e+001
  1.6000000e+001  1.6249516e+001  1.5841162e+001  1.5946879e+001
  1.7000000e+001  1.6249702e+001  1.5843987e+001  1.5948597e+001
  1.8000000e+001  1.6249738e+001  1.5846922e+001  1.5950212e+001
  1.9000000e+001  1.6249631e+001  1.5849966e+001  1.5951739e+001
  2.0000000e+001  1.6249389e+001  1.5853120e+001  1.5953194e+001
  2.1000000e+001  1.6249018e+001  1.5856382e+001  1.5954593e+001
  2.2000000e+001  1.6248526e+001  1.5859752e+001  1.5955952e+001
  2.3000000e+001  1.6247922e+001  1.5863228e+001  1.5957289e+001
  2.4000000e+001  1.6247213e+001  1.5866808e+001  1.5958619e+001
  2.5000000e+001  1.6246408e+001  1.5870492e+001  1.5959960e+001
  2.6000000e+001  1.6245516e+001  1.5874275e+001  1.5961328e+001
  2.7000000e+001  1.6244546e+001  1.5878157e+001  1.5962740e+001
  2.8000000e+001  1.6243507e+001  1.5882134e+001  1.5964213e+001
  2.9000000e+001  1.6242409e+001  1.5886203e+001  1.5965763e+001
  3.0000000e+001  1.6241260e+001  1.5890362e+001  1.5967406e+001
  3.1000000e+001  1.6240071e+001  1.5894607e+001  1.5969158e+001
  3.2000000e+001  1.6238851e+001  1.5898934e+001  1.5971035e+001
  3.3000000e+001  1.6237611e+001  1.5903339e+001  1.5973052e+001
  3.4000000e+001  1.6236359e+001  1.5907819e+001  1.5975223e+001
  3.5000000e+001  1.6235106e+001  1.5912369e+001  1.5977562e+001
  3.6000000e+001  1.6233862e+001  1.5916985e+001  1.5980083e+001
  3.7000000e+001  1.6232636e+001  1.5921663e+001  1.5982797e+001
  3.8000000e+001  1.6231440e+001  1.5926398e+001  1.5985718e+001
  3.9000000e+001  1.6230281e+001  1.5931185e+001  1.5988856e+001
  4.0000000e+001  1.6229172e+001  1.5936020e+001  1.5992221e+001
  4.1000000e+001  1.6228120e+001  1.5940899e+001  1.5995824e+001
  4.2000000e+001  1.6227135e+001  1.5945815e+001  1.5999672e+001
  4.3000000e+001  1.6226228e+001  1.5950766e+001  1.6003773e+001
  4.4000000e+001  1.6225407e+001  1.5955744e+001  1.6008135e+001
  4.5000000e+001  1.6224681e+001  1.5960747e+001  1.6012762e+001
  4.6000000e+001  1.6224059e+001  1.5965769e+001  1.6017660e+001
  4.7000000e+001  1.6223549e+001  1.5970806e+001  1.6022832e+001
  4.8000000e+001  1.6223160e+001  1.5975852e+001  1.6028281e+001
  4.9000000e+001  1.6222899e+001  1.5980904e+001  1.6034009e+001
  5.0000000e+001  1.6222775e+001  1.5985957e+001  1.6040016e+001
  5.1000000e+001  1.6222793e+001  1.5991006e+001  1.6046303e+001
  5.2000000e+001  1.6222961e+001  1.5996048e+001  1.6052868e+001
  5.3000000e+001  1.6223285e+001  1.6001077e+001  1.6059708e+001
  5.4000000e+001  1.6223772e+001  1.6006091e+001  1.6066822e+001
  5.5000000e+001  1.6224425e+001  1.6011084e+001  1.6074203e+001
  5.6000000e+001  1.6225252e+001  1.6016054e+001  1.6081848e+001
  5.7000000e+001  1.6226254e+001  1.6020997e+001  1.6089750e+001
  5.8000000e+001  1.6227438e+001  1.6025910e+001  1.6097902e+001
  5.9000000e+001  1.6228806e+001  1.6030789e+001  1.6106297e+001
  6.0000000e+001  1.6230360e+001  1.6035631e+001  1.6114926e+001
  6.1000000e+001  1.6232103e+001  1.6040435e+001  1.6123780e+001
  6.2000000e+001  1.6234037e+001  1.6045196e+001  1.6132850e+001
  6.3000000e+001  1.6236163e+001  1.6049914e+001  1.6142124e+001
  6.4000000e+001  1.6238481e+001  1.6054586e+001  1.6151592e+001
  6.5000000e+001  1.6240992e+001  1.6059210e+001  1.6161242e+001
  6.6000000e+001  1.6243693e+001  1.6063785e+001  1.6171063e+001
  6.7000000e+001  1.6246585e+001  1.6068310e+001  1.6181041e+001
  6.8000000e+001  1.6249665e+001  1.6072782e+001  1.6191164e+001
  6.9000000e+001  1.6252932e+001  1.6077203e+001  1.6201418e+001
  7.0000000e+001  1.6256381e+001  1.6081570e+001  1.6211791e+001
  7.1000000e+001  1.6260009e+001  1.6085884e+001  1.6222270e+001
  7.2000000e+001  1.6263813e+001  1.6090146e+001  1.6232839e+001
  7.3000000e+001  1.6267788e+001  1.6094356e+001  1.6243487e+001
  7.4000000e+001  1.6271929e+001  1.6098514e+001  1.6254198e+001
  7.5000000e+001  1.6276229e+001  1.6102621e+001  1.6264960e+001
  7.6000000e+001  1.6280684e+001  1.6106678e+001  1.6275759e+001
  7.7000000e+001  1.6285286e+001  1.6110688e+001  1.6286582e+001
  7.8000000e+001  1.6290028e+001  1.6114651e+001  1.6297415e+001
  7.9000000e+001  1.6294904e+001  1.6118570e+001  1.6308246e+001
  8.0000000e+001  1.6299905e+001  1.6122447e+001  1.6319063e+001
  8.1000000e+001  1.6305023e+001  1.6126285e+001  1.6329852e+001
  8.2000000e+001  1.6310251e+001  1.6130086e+001  1.6340603e+001
  8.3000000e+001  1.6315579e+001  1.6133854e+001  1.6351304e+001
  8.4000000e+001  1.6320998e+001  1.6137591e+001  1.6361944e+001
  8.5000000e+001  1.6326499e+001  1.6141300e+001  1.6372512e+001
  8.6000000e+001  1.6332073e+001  1.6144985e+001  1.6382999e+001
  8.7000000e+001  1.6337711e+001  1.6148648e+001  1.6393394e+001
  8.8000000e+001  1.6343403e+001  1.6152295e+001  1.6403690e+001
  8.9000000e+001  1.6349139e+001  1.6155928e+001  1.6413878e+001
  9.0000000e+001  1.6354910e+001  1.6159550e+001  1.6423950e+001
  9.1000000e+001  1.6360705e+001  1.6163165e+001  1.6433899e+001
  9.2000000e+001  1.6366515e+001  1.6166777e+001  1.6443718e+001
  9.3000000e+001  1.6372331e+001  1.6170389e+001  1.6453402e+001
  9.4000000e+001  1.6378141e+001  1.6174004e+001  1.6462945e+001
  9.5000000e+001  1.6383938e+001  1.6177626e+001  1.6472342e+001
  9.6000000e+001  1.6389711e+001  1.6181257e+001  1.6481589e+001
  9.7000000e+001  1.6395451e+001  1.6184901e+001  1.6490683e+001
  9.8000000e+001  1.6401150e+001  1.6188560e+001  1.6499620e+001
  9.9000000e+001  1.6406797e+001  1.6192236e+001  1.6508397e+001
  1.0000000e+002  1.6412385e+001  1.6195932e+001  1.6517014e+001
  1.0100000e+002  1.6417904e+001  1.6199651e+001  1.6525468e+001
  1.0200000e+002  1.6423348e+001  1.6203393e+001  1.6533758e+001
  1.0300000e+002  1.6428707e+001  1.6207160e+001  1.6541884e+001
  1.0400000e+002  1.6433975e+001  1.6210955e+001  1.6549847e+001
  1.0500000e+002  1.6439145e+001  1.6214776e+001  1.6557647e+001
  1.0600000e+002  1.6444209e+001  1.6218627e+001  1.6565285e+001
  1.0700000e+002  1.6449160e+001  1.6222506e+001  1.6572762e+001
  1.0800000e+002  1.6453994e+001  1.6226415e+001  1.6580081e+001
  1.0900000e+002  1.6458703e+001  1.6230353e+001  1.6587244e+001
  1.1000000e+002  1.6463284e+001  1.6234321e+001  1.6594254e+001
  1.1100000e+002  1.6467729e+001  1.6238317e+001  1.6601113e+001
  1.1200000e+002  1.6472036e+001  1.6242341e+001  1.6607827e+001
  1.1300000e+002  1.6476199e+001  1.6246393e+001  1.6614399e+001
  1.1400000e+002  1.6480216e+001  1.6250471e+001  1.6620834e+001
  1.1500000e+002  1.6484082e+001  1.6254575e+001  1.6627135e+001
  1.1600000e+002  1.6487794e+001  1.6258702e+001  1.6633310e+001
  1.1700000e+002  1.6491350e+001  1.6262853e+001  1.6639362e+001
  1.1800000e+002  1.6494748e+001  1.6267026e+001  1.6645299e+001
  1.1900000e+002  1.6497984e+001  1.6271219e+001  1.6651126e+001
  1.2000000e+002  1.6501058e+001  1.6275430e+001  1.6656851e+001
  1.2100000e+002  1.6503968e+001  1.6279660e+001  1.6662479e+001
  1.2200000e+002  1.6506713e+001  1.6283905e+001  1.6668019e+001
  1.2300000e+002  1.6509292e+001  1.6288166e+001  1.6673479e+001
  1.2400000e+002  1.6511704e+001  1.6292441e+001  1.6678866e+001
  1.2500000e+002  1.6513950e+001  1.6296728e+001  1.6684189e+001
  1.2600000e+002  1.6516028e+001  1.6301028e+001  1.6689457e+001
  1.2700000e+002  1.6517940e+001  1.6305340e+001  1.6694679e+001
  1.2800000e+002  1.6519684e+001  1.6309662e+001  1.6699864e+001
  1.2900000e+002  1.6521262e+001  1.6313996e+001  1.6705023e+001
  1.3000000e+002  1.6522675e+001  1.6318340e+001  1.6710166e+001
  1.3100000e+002  1.6523922e+001  1.6322696e+001  1.6715303e+001
  1.3200000e+002  1.6525005e+001  1.6327064e+001  1.6720446e+001
  1.3300000e+002  1.6525924e+001  1.6331444e+001  1.6725606e+001
  1.3400000e+002  1.6526680e+001  1.6335838e+001  1.6730794e+001
  1.3500000e+002  1.6527275e+001  1.6340247e+001  1.6736023e+001
  1.3600000e+002  1.6527709e+001  1.6344673e+001  1.6741305e+001
  1.3700000e+002  1.6527983e+001  1.6349119e+001  1.6746654e+001
  1.3800000e+002  1.6528098e+001  1.6353585e+001  1.6752081e+001
  1.3900000e+002  1.6528055e+001  1.6358076e+001  1.6757601e+001
  1.4000000e+002  1.6527856e+001  1.6362593e+001  1.6763228e+001
  1.4100000e+002  1.6527499e+001  1.6367140e+001  1.6768975e+001
  1.4200000e+002  1.6526987e+001  1.6371721e+001  1.6774856e+001
  1.4300000e+002  1.6526320e+001  1.6376338e+001  1.6780887e+001
  1.4400000e+002  1.6525498e+001  1.6380995e+001  1.6787082e+001
  1.4500000e+002  1.6524523e+001  1.6385697e+001  1.6793457e+001
  1.4600000e+002  1.6523394e+001  1.6390447e+001  1.6800026e+001
  1.4700000e+002  1.6522111e+001  1.6395249e+001  1.6806804e+001
  1.4800000e+002  1.6520675e+001  1.6400107e+001  1.6813809e+001
  1.4900000e+002  1.6519085e+001  1.6405025e+001  1.6821053e+001
  1.5000000e+002  1.6517342e+001  1.6410007e+001  1.6828554e+001
  1.5100000e+002  1.6515444e+001  1.6415058e+001  1.6836327e+001
  1.5200000e+002  1.6513391e+001  1.6420180e+001  1.6844387e+001
  1.5300000e+002  1.6511181e+001  1.6425377e+001  1.6852750e+001
  1.5400000e+002  1.6508816e+001  1.6430652e+001  1.6861430e+001
  1.5500000e+002  1.6506293e+001  1.6436009e+001  1.6870443e+001
  1.5600000e+002  1.6503610e+001  1.6441451e+001  1.6879803e+001
  1.5700000e+002  1.6500768e+001  1.6446979e+001  1.6889525e+001
  1.5800000e+002  1.6497764e+001  1.6452596e+001  1.6899623e+001
  1.5900000e+002  1.6494597e+001  1.6458302e+001  1.6910110e+001
  1.6000000e+002  1.6491265e+001  1.6464099e+001  1.6920999e+001
  1.6100000e+002  1.6487765e+001  1.6469988e+001  1.6932303e+001
  1.6200000e+002  1.6484096e+001  1.6475966e+001  1.6944034e+001
  1.6300000e+002  1.6480256e+001  1.6482035e+001  1.6956202e+001
  1.6400000e+002  1.6476242e+001  1.6488191e+001  1.6968819e+001
  1.6500000e+002  1.6472052e+001  1.6494434e+001  1.6981893e+001
  1.6600000e+002  1.6467684e+001  1.6500760e+001  1.6995435e+001
  1.6700000e+002  1.6463135e+001  1.6507165e+001  1.7009452e+001
  1.6800000e+002  1.6458403e+001  1.6513644e+001  1.7023951e+001
  1.6900000e+002  1.6453485e+001  1.6520194e+001  1.7038938e+001
  1.7000000e+002  1.6448378e+001  1.6526806e+001  1.7054419e+001
  1.7100000e+002  1.6443080e+001  1.6533475e+001  1.7070398e+001
  1.7200000e+002  1.6437589e+001  1.6540193e+001  1.7086878e+001
  1.7300000e+002  1.6431901e+001  1.6546952e+001  1.7103861e+001
  1.7400000e+002  1.6426015e+001  1.6553742e+001  1.7121350e+001
  1.7500000e+002  1.6419929e+001  1.6560554e+001  1.7139342e+001
  1.7600000e+002  1.6413639e+001  1.6567377e+001  1.7157839e+001
  1.7700000e+002  1.6407143e+001  1.6574201e+001  1.7176837e+001
  1.7800000e+002  1.6400441e+001  1.6581013e+001  1.7196335e+001
  1.7900000e+002  1.6393529e+001  1.6587801e+001  1.7216327e+001
  1.8000000e+002  1.6386405e+001  1.6594552e+001  1.7236808e+001
  1.8100000e+002  1.6379070e+001  1.6601254e+001  1.7257774e+001
  1.8200000e+002  1.6371520e+001  1.6607892e+001  1.7279216e+001
  1.8300000e+002  1.6363755e+001  1.6614453e+001  1.7301126e+001
  1.8400000e+002  1.6355774e+001  1.6620923e+001  1.7323496e+001
  1.8500000e+002  1.6347576e+001  1.6627287e+001  1.7346317e+001
  1.8600000e+002  1.6339161e+001  1.6633530e+001  1.7369577e+001
  1.8700000e+002  1.6330528e+001  1.6639639e+001  1.7393265e+001
  1.8800000e+002  1.6321679e+001  1.6645598e+001  1.7417370e+001
  1.8900000e+002  1.6312612e+001  1.6651395e+001  1.7441880e+001
  1.9000000e+002  1.6303330e+001  1.6657015e+001  1.7466781e+001
  1.9100000e+002  1.6293832e+001  1.6662445e+001  1.7492059e+001
  1.9200000e+002  1.6284120e+001  1.6667672e+001  1.7517701e+001
  1.9300000e+002  1.6274196e+001  1.6672682e+001  1.7543693e+001
  1.9400000e+002  1.6264062e+001  1.6677466e+001  1.7570020e+001
  1.9500000e+002  1.6253721e+001  1.6682010e+001  1.7596667e+001
  1.9600000e+002  1.6243174e+001  1.6686305e+001  1.7623620e+001
  1.9700000e+002  1.6232426e+001  1.6690341e+001  1.7650863e+001
  1.9800000e+002  1.6221479e+001  1.6694111e+001  1.7678381e+001
  1.9900000e+002  1.6210338e+001  1.6697605e+001  1.7706160e+001
  2.0000000e+002  1.6199006e+001  1.6700819e+001  1.7734185e+001
  2.0100000e+002  1.6187489e+001  1.6703746e+001  1.7762441e+001
  2.0200000e+002  1.6175792e+001  1.6706382e+001  1.7790913e+001
  2.0300000e+002  1.6163919e+001  1.6708725e+001  1.7819588e+001
  2.0400000e+002  1.6151877e+001  1.6710773e+001  1.7848451e+001
  2.0500000e+002  1.6139671e+001  1.6712526e+001  1.7877490e+001
  2.0600000e+002  1.6127309e+001  1.6713985e+001  1.7906691e+001
  2.0700000e+002  1.6114797e+001  1.6715153e+001  1.7936042e+001
  2.0800000e+002  1.6102143e+001  1.6716033e+001  1.7965531e+001
  2.0900000e+002  1.6089354e+001  1.6716630e+001  1.7995147e+001
  2.1000000e+002  1.6076438e+001  1.6716953e+001  1.8024877e+001
  2.1100000e+002  1.6063404e+001  1.6717007e+001  1.8054713e+001
  2.1200000e+002  1.6050260e+001  1.6716804e+001  1.8084645e+001
  2.1300000e+002  1.6037016e+001  1.6716353e+001  1.8114663e+001
  2.1400000e+002  1.6023681e+001  1.6715667e+001  1.8144759e+001
  2.1500000e+002  1.6010265e+001  1.6714760e+001  1.8174924e+001
  2.1600000e+002  1.5996778e+001  1.6713645e+001  1.8205152e+001
  2.1700000e+002  1.5983229e+001  1.6712340e+001  1.8235435e+001
  2.1800000e+002  1.5969631e+001  1.6710860e+001  1.8265769e+001
  2.1900000e+002  1.5955992e+001  1.6709224e+001  1.8296146e+001
  2.2000000e+002  1.5942324e+001  1.6707451e+001  1.8326563e+001
  2.2100000e+002  1.5928639e+001  1.6705560e+001  1.8357013e+001
  2.2200000e+002  1.5914948e+001  1.6703573e+001  1.8387494e+001
  2.2300000e+002  1.5901262e+001  1.6701510e+001  1.8418001e+001
  2.2400000e+002  1.5887593e+001  1.6699394e+001  1.8448531e+001
  2.2500000e+002  1.5873953e+001  1.6697248e+001  1.8479081e+001
  2.2600000e+002  1.5860354e+001  1.6695095e+001  1.8509649e+001
  2.2700000e+002  1.5846807e+001  1.6692958e+001  1.8540231e+001
  2.2800000e+002  1.5833325e+001  1.6690862e+001  1.8570825e+001
  2.2900000e+002  1.5819919e+001  1.6688830e+001  1.8601429e+001
  2.3000000e+002  1.5806603e+001  1.6686886e+001  1.8632041e+001
  2.3100000e+002  1.5793387e+001  1.6685054e+001  1.8662657e+001
  2.3200000e+002  1.5780284e+001  1.6683360e+001  1.8693277e+001
  2.3300000e+002  1.5767306e+001  1.6681825e+001  1.8723898e+001
  2.3400000e+002  1.5754465e+001  1.6680474e+001  1.8754516e+001
  2.3500000e+002  1.5741772e+001  1.6679329e+001  1.8785129e+001
  2.3600000e+002  1.5729240e+001  1.6678414e+001  1.8815735e+001
  2.3700000e+002  1.5716878e+001  1.6677749e+001  1.8846328e+001
  2.3800000e+002  1.5704700e+001  1.6677357e+001  1.8876907e+001
  2.3900000e+002  1.5692715e+001  1.6677258e+001  1.8907466e+001
  2.4000000e+002  1.5680934e+001  1.6677472e+001  1.8938000e+001
  2.4100000e+002  1.5669368e+001  1.6678017e+001  1.8968505e+001
  2.4200000e+002  1.5658028e+001  1.6678911e+001  1.8998974e+001
  2.4300000e+002  1.5646923e+001  1.6680170e+001  1.9029402e+001
  2.4400000e+002  1.5636062e+001  1.6681810e+001  1.9059780e+001
  2.4500000e+002  1.5625456e+001  1.6683847e+001  1.9090103e+001
  2.4600000e+002  1.5615112e+001  1.6686291e+001  1.9120360e+001
  2.4700000e+002  1.5605040e+001  1.6689157e+001  1.9150545e+001
  2.4800000e+002  1.5595248e+001  1.6692453e+001  1.9180646e+001
  2.4900000e+002  1.5585742e+001  1.6696191e+001  1.9210655e+001
  2.5000000e+002  1.5576531e+001  1.6700377e+001  1.9240561e+001
  2.5100000e+002  1.5567620e+001  1.6705019e+001  1.9270352e+001
  2.5200000e+002  1.5559017e+001  1.6710121e+001  1.9300016e+001
  2.5300000e+002  1.5550726e+001  1.6715688e+001  1.9329541e+001
  2.5400000e+002  1.5542754e+001  1.6721723e+001  1.9358915e+001
  2.5500000e+002  1.5535104e+001  1.6728225e+001  1.9388124e+001
  2.5600000e+002  1.5527781e+001  1.6735196e+001  1.9417153e+001
  2.5700000e+002  1.5520787e+001  1.6742634e+001  1.9445988e+001
  2.5800000e+002  1.5514127e+001  1.6750536e+001  1.9474616e+001
  2.5900000e+002  1.5507802e+001  1.6758899e+001  1.9503020e+001
  2.6000000e+002  1.5501814e+001  1.6767717e+001  1.9531186e+001
  2.6100000e+002  1.5496164e+001  1.6776984e+001  1.9559097e+001
  2.6200000e+002  1.5490854e+001  1.6786693e+001  1.9586740e+001
  2.6300000e+002  1.5485882e+001  1.6796835e+001  1.9614096e+001
  2.6400000e+002  1.5481247e+001  1.6807401e+001  1.9641151e+001
  2.6500000e+002  1.5476949e+001  1.6818380e+001  1.9667889e+001
  2.6600000e+002  1.5472986e+001  1.6829762e+001  1.9694295e+001
  2.6700000e+002  1.5469355e+001  1.6841534e+001  1.9720352e+001
  2.6800000e+002  1.5466053e+001  1.6853683e+001  1.9746044e+001
  2.6900000e+002  1.5463076e+001  1.6866196e+001  1.9771358e+001
  2.7000000e+002  1.5460419e+001  1.6879058e+001  1.9796277e+001
  2.7100000e+002  1.5458078e+001  1.6892254e+001  1.9820789e+001
  2.7200000e+002  1.5456047e+001  1.6905771e+001  1.9844877e+001
  2.7300000e+002  1.5454320e+001  1.6919590e+001  1.9868529e+001
  2.7400000e+002  1.5452890e+001  1.6933698e+001  1.9891733e+001
  2.7500000e+002  1.5451750e+001  1.6948076e+001  1.9914474e+001
  2.7600000e+002  1.5450892e+001  1.6962709e+001  1.9936742e+001
  2.7700000e+002  1.5450309e+001  1.6977580e+001  1.9958525e+001
  2.7800000e+002  1.5449990e+001  1.6992670e+001  1.9979813e+001
  2.7900000e+002  1.5449927e+001  1.7007964e+001  2.0000596e+001
  2.8000000e+002  1.5450110e+001  1.7023443e+001  2.0020866e+001
  2.8100000e+002  1.5450530e+001  1.7039091e+001  2.0040613e+001
  2.8200000e+002  1.5451175e+001  1.7054890e+001  2.0059831e+001
  2.8300000e+002  1.5452035e+001  1.7070823e+001  2.0078514e+001
  2.8400000e+002  1.5453098e+001  1.7086872e+001  2.0096655e+001
  2.8500000e+002  1.5454353e+001  1.7103021e+001  2.0114250e+001
  2.8600000e+002  1.5455788e+001  1.7119252e+001  2.0131295e+001
  2.8700000e+002  1.5457390e+001  1.7135548e+001  2.0147787e+001
  2.8800000e+002  1.5459149e+001  1.7151892e+001  2.0163724e+001
  2.8900000e+002  1.5461050e+001  1.7168269e+001  2.0179105e+001
  2.9000000e+002  1.5463082e+001  1.7184662e+001  2.0193929e+001
  2.9100000e+002  1.5465231e+001  1.7201053e+001  2.0208198e+001
  2.9200000e+002  1.5467486e+001  1.7217428e+001  2.0221911e+001
  2.9300000e+002  1.5469832e+001  1.7233771e+001  2.0235072e+001
  2.9400000e+002  1.5472257e+001  1.7250066e+001  2.0247684e+001
  2.9500000e+002  1.5474747e+001  1.7266297e+001  2.0259750e+001
  2.9600000e+002  1.5477290e+001  1.7282449e+001  2.0271274e+001
  2.9700000e+002  1.5479873e+001  1.7298507e+001  2.0282262e+001
  2.9800000e+002  1.5482483e+001  1.7314457e+001  2.0292720e+001
  2.9900000e+002  1.5485107e+001  1.7330284e+001  2.0302654e+001
  3.0000000e+002  1.5487733e+001  1.7345973e+001  2.0312071e+001
  3.0100000e+002  1.5490348e+001  1.7361510e+001  2.0320980e+001
  3.0200000e+002  1.5492940e+001  1.7376881e+001  2.0329388e+001
  3.0300000e+002  1.5495498e+001  1.7392073e+001  2.0337304e+001
  3.0400000e+002  1.5498009e+001  1.7407071e+001  2.0344738e+001
  3.0500000e+002  1.5500463e+001  1.7421863e+001  2.0351700e+001
  3.0600000e+002  1.5502848e+001  1.7436435e+001  2.0358199e+001
  3.0700000e+002  1.5505155e+001  1.7450775e+001  2.0364247e+001
  3.0800000e+002  1.5507372e+001  1.7464870e+001  2.0369855e+001
  3.0900000e+002  1.5509491e+001  1.7478707e+001  2.0375033e+001
  3.1000000e+002  1.5511501e+001  1.7492274e+001  2.0379794e+001
  3.1100000e+002  1.5513394e+001  1.7505560e+001  2.0384149e+001
  3.1200000e+002  1.5515161e+001  1.7518552e+001  2.0388111e+001
  3.1300000e+002  1.5516795e+001  1.7531240e+001  2.0391692e+001
  3.1400000e+002  1.5518287e+001  1.7543613e+001  2.0394904e+001
  3.1500000e+002  1.5519632e+001  1.7555661e+001  2.0397761e+001
  3.1600000e+002  1.5520822e+001  1.7567372e+001  2.0400275e+001
  3.1700000e+002  1.5521852e+001  1.7578738e+001  2.0402460e+001
  3.1800000e+002  1.5522716e+001  1.7589748e+001  2.0404328e+001
  3.1900000e+002  1.5523410e+001  1.7600395e+001  2.0405894e+001
  3.2000000e+002  1.5523929e+001  1.7610669e+001  2.0407170e+001
  3.2100000e+002  1.5524270e+001  1.7620562e+001  2.0408170e+001
  3.2200000e+002  1.5524430e+001  1.7630067e+001  2.0408907e+001
  3.2300000e+002  1.5524407e+001  1.7639178e+001  2.0409395e+001
  3.2400000e+002  1.5524198e+001  1.7647887e+001  2.0409648e+001
  3.2500000e+002  1.5523803e+001  1.7656189e+001  2.0409680e+001
  3.2600000e+002  1.5523220e+001  1.7664079e+001  2.0409503e+001
  3.2700000e+002  1.5522450e+001  1.7671552e+001  2.0409131e+001
  3.2800000e+002  1.5521493e+001  1.7678604e+001  2.0408578e+001
  3.2900000e+002  1.5520350e+001  1.7685233e+001  2.0407857e+001
  3.3000000e+002  1.5519022e+001  1.7691435e+001  2.0406983e+001
  3.3100000e+002  1.5517513e+001  1.7697210e+001  2.0405968e+001
  3.3200000e+002  1.5515823e+001  1.7702554e+001  2.0404827e+001
  3.3300000e+002  1.5513958e+001  1.7707470e+001  2.0403573e+001
  3.3400000e+002  1.5511919e+001  1.7711957e+001  2.0402219e+001
  3.3500000e+002  1.5509712e+001  1.7716016e+001  2.0400778e+001
  3.3600000e+002  1.5507340e+001  1.7719649e+001  2.0399264e+001
  3.3700000e+002  1.5504809e+001  1.7722860e+001  2.0397691e+001
  3.3800000e+002  1.5502123e+001  1.7725651e+001  2.0396071e+001
  3.3900000e+002  1.5499290e+001  1.7728027e+001  2.0394418e+001
  3.4000000e+002  1.5496314e+001  1.7729995e+001  2.0392744e+001
  3.4100000e+002  1.5493203e+001  1.7731559e+001  2.0391064e+001
  3.4200000e+002  1.5489962e+001  1.7732726e+001  2.0389390e+001
  3.4300000e+002  1.5486600e+001  1.7733505e+001  2.0387735e+001
  3.4400000e+002  1.5483124e+001  1.7733903e+001  2.0386112e+001
  3.4500000e+002  1.5479541e+001  1.7733931e+001  2.0384534e+001
  3.4600000e+002  1.5475858e+001  1.7733598e+001  2.0383013e+001
  3.4700000e+002  1.5472085e+001  1.7732915e+001  2.0381563e+001
  3.4800000e+002  1.5468228e+001  1.7731894e+001  2.0380196e+001
  3.4900000e+002  1.5464297e+001  1.7730547e+001  2.0378924e+001
  3.5000000e+002  1.5460300e+001  1.7728887e+001  2.0377760e+001
  3.5100000e+002  1.5456245e+001  1.7726929e+001  2.0376716e+001
  3.5200000e+002  1.5452141e+001  1.7724685e+001  2.0375804e+001
  3.5300000e+002  1.5447996e+001  1.7722172e+001  2.0375037e+001
  3.5400000e+002  1.5443819e+001  1.7719405e+001  2.0374426e+001
  3.5500000e+002  1.5439619e+001  1.7716401e+001  2.0373983e+001
  3.5600000e+002  1.5435404e+001  1.7713175e+001  2.0373719e+001
  3.5700000e+002  1.5431183e+001  1.7709745e+001  2.0373647e+001
  3.5800000e+002  1.5426965e+001  1.7706129e+001  2.0373776e+001
  3.5900000e+002  1.5422757e+001  1.7702345e+001  2.0374119e+001
  3.6000000e+002  1.5418569e+001  1.7698410e+001  2.0374685e+001
  3.6100000e+002  1.5414408e+001  1.7694344e+001  2.0375486e+001
  3.6200000e+002  1.5410283e+001  1.7690166e+001  2.0376532e+001
  3.6300000e+002  1.5406201e+001  1.7685894e+001  2.0377833e+001
  3.6400000e+002  1.5402170e+001  1.7681547e+001  2.0379399e+001
  3.6500000e+002  1.5398198e+001  1.7677145e+001  2.0381240e+001
  3.6600000e+002  1.5394293e+001  1.7672707e+001  2.0383363e+001
  3.6700000e+002  1.5390461e+001  1.7668252e+001  2.0385780e+001
  3.6800000e+002  1.5386710e+001  1.7663798e+001  2.0388497e+001
  3.6900000e+002  1.5383046e+001  1.7659365e+001  2.0391523e+001
  3.7000000e+002  1.5379477e+001  1.7654971e+001  2.0394866e+001
  3.7100000e+002  1.5376007e+001  1.7650634e+001  2.0398533e+001
  3.7200000e+002  1.5372645e+001  1.7646373e+001  2.0402532e+001
  3.7300000e+002  1.5369395e+001  1.7642204e+001  2.0406869e+001
  3.7400000e+002  1.5366263e+001  1.7638145e+001  2.0411551e+001
  3.7500000e+002  1.5363255e+001  1.7634213e+001  2.0416583e+001
  3.7600000e+002  1.5360375e+001  1.7630422e+001  2.0421969e+001
  3.7700000e+002  1.5357628e+001  1.7626790e+001  2.0427716e+001
  3.7800000e+002  1.5355019e+001  1.7623329e+001  2.0433827e+001
  3.7900000e+002  1.5352551e+001  1.7620055e+001  2.0440307e+001
  3.8000000e+002  1.5350229e+001  1.7616981e+001  2.0447159e+001
  3.8100000e+002  1.5348057e+001  1.7614118e+001  2.0454386e+001
  3.8200000e+002  1.5346036e+001  1.7611479e+001  2.0461991e+001
  3.8300000e+002  1.5344171e+001  1.7609075e+001  2.0469976e+001
  3.8400000e+002  1.5342463e+001  1.7606916e+001  2.0478341e+001
  3.8500000e+002  1.5340916e+001  1.7605010e+001  2.0487090e+001
  3.8600000e+002  1.5339531e+001  1.7603366e+001  2.0496221e+001
  3.8700000e+002  1.5338310e+001  1.7601992e+001  2.0505735e+001
  3.8800000e+002  1.5337254e+001  1.7600894e+001  2.0515633e+001
  3.8900000e+002  1.5336364e+001  1.7600078e+001  2.0525912e+001
  3.9000000e+002  1.5335641e+001  1.7599549e+001  2.0536573e+001
  3.9100000e+002  1.5335087e+001  1.7599310e+001  2.0547612e+001
  3.9200000e+002  1.5334699e+001  1.7599365e+001  2.0559028e+001
  3.9300000e+002  1.5334480e+001  1.7599716e+001  2.0570819e+001
  3.9400000e+002  1.5334428e+001  1.7600364e+001  2.0582981e+001
  3.9500000e+002  1.5334543e+001  1.7601309e+001  2.0595510e+001
  3.9600000e+002  1.5334824e+001  1.7602552e+001  2.0608403e+001
  3.9700000e+002  1.5335271e+001  1.7604091e+001  2.0621655e+001
  3.9800000e+002  1.5335882e+001  1.7605924e+001  2.0635262e+001
  3.9900000e+002  1.5336656e+001  1.7608049e+001  2.0649218e+001
  4.0000000e+002  1.5337591e+001  1.7610463e+001  2.0663517e+001
  4.0100000e+002  1.5338687e+001  1.7613162e+001  2.0678154e+001
  4.0200000e+002  1.5339941e+001  1.7616141e+001  2.0693121e+001
  4.0300000e+002  1.5341352e+001  1.7619396e+001  2.0708414e+001
  4.0400000e+002  1.5342919e+001  1.7622921e+001  2.0724023e+001
  4.0500000e+002  1.5344638e+001  1.7626711e+001  2.0739941e+001
  4.0600000e+002  1.5346509e+001  1.7630757e+001  2.0756162e+001
  4.0700000e+002  1.5348529e+001  1.7635055e+001  2.0772676e+001
  4.0800000e+002  1.5350697e+001  1.7639598e+001  2.0789474e+001
  4.0900000e+002  1.5353010e+001  1.7644376e+001  2.0806549e+001
  4.1000000e+002  1.5355468e+001  1.7649384e+001  2.0823890e+001
  4.1100000e+002  1.5358068e+001  1.7654613e+001  2.0841490e+001
  4.1200000e+002  1.5360808e+001  1.7660056e+001  2.0859338e+001
  4.1300000e+002  1.5363688e+001  1.7665703e+001  2.0877424e+001
  4.1400000e+002  1.5366704e+001  1.7671549e+001  2.0895739e+001
  4.1500000e+002  1.5369857e+001  1.7677583e+001  2.0914272e+001
  4.1600000e+002  1.5373145e+001  1.7683800e+001  2.0933012e+001
  4.1700000e+002  1.5376568e+001  1.7690190e+001  2.0951951e+001
  4.1800000e+002  1.5380123e+001  1.7696746e+001  2.0971075e+001
  4.1900000e+002  1.5383810e+001  1.7703461e+001  2.0990376e+001
  4.2000000e+002  1.5387629e+001  1.7710326e+001  2.1009843e+001
  4.2100000e+002  1.5391580e+001  1.7717336e+001  2.1029463e+001
  4.2200000e+002  1.5395661e+001  1.7724483e+001  2.1049227e+001
  4.2300000e+002  1.5399874e+001  1.7731761e+001  2.1069123e+001
  4.2400000e+002  1.5404217e+001  1.7739164e+001  2.1089141e+001
  4.2500000e+002  1.5408692e+001  1.7746687e+001  2.1109269e+001
  4.2600000e+002  1.5413299e+001  1.7754323e+001  2.1129497e+001
  4.2700000e+002  1.5418039e+001  1.7762068e+001  2.1149815e+001
  4.2800000e+002  1.5422913e+001  1.7769918e+001  2.1170210e+001
  4.2900000e+002  1.5427921e+001  1.7777869e+001  2.1190673e+001
  4.3000000e+002  1.5433065e+001  1.7785916e+001  2.1211193e+001
  4.3100000e+002  1.5438347e+001  1.7794057e+001  2.1231759e+001
  4.3200000e+002  1.5443768e+001  1.7802288e+001  2.1252362e+001
  4.3300000e+002  1.5449329e+001  1.7810609e+001  2.1272990e+001
  4.3400000e+002  1.5455032e+001  1.7819016e+001  2.1293635e+001
  4.3500000e+002  1.5460881e+001  1.7827509e+001  2.1314285e+001
  4.3600000e+002  1.5466875e+001  1.7836087e+001  2.1334933e+001
  4.3700000e+002  1.5473018e+001  1.7844748e+001  2.1355568e+001
  4.3800000e+002  1.5479313e+001  1.7853493e+001  2.1376181e+001
  4.3900000e+002  1.5485760e+001  1.7862323e+001  2.1396763e+001
  4.4000000e+002  1.5492364e+001  1.7871237e+001  2.1417307e+001
  4.4100000e+002  1.5499125e+001  1.7880236e+001  2.1437802e+001
  4.4200000e+002  1.5506046e+001  1.7889323e+001  2.1458242e+001
  4.4300000e+002  1.5513130e+001  1.7898498e+001  2.1478618e+001
  4.4400000e+002  1.5520379e+001  1.7907764e+001  2.1498923e+001
  4.4500000e+002  1.5527795e+001  1.7917123e+001  2.1519151e+001
  4.4600000e+002  1.5535381e+001  1.7926576e+001  2.1539293e+001
  4.4700000e+002  1.5543138e+001  1.7936127e+001  2.1559344e+001
  4.4800000e+002  1.5551069e+001  1.7945778e+001  2.1579298e+001
  4.4900000e+002  1.5559174e+001  1.7955532e+001  2.1599149e+001
  4.5000000e+002  1.5567457e+001  1.7965392e+001  2.1618891e+001
  4.5100000e+002  1.5575919e+001  1.7975362e+001  2.1638520e+001
  4.5200000e+002  1.5584560e+001  1.7985443e+001  2.1658031e+001
  4.5300000e+002  1.5593382e+001  1.7995640e+001  2.1677419e+001
  4.5400000e+002  1.5602385e+001  1.8005956e+001  2.1696682e+001
  4.5500000e+002  1.5611570e+001  1.8016393e+001  2.1715816e+001
  4.5600000e+002  1.5620938e+001  1.8026954e+001  2.1734818e+001
  4.5700000e+002  1.5630489e+001  1.8037643e+001  2.1753685e+001
  4.5800000e+002  1.5640222e+001  1.8048463e+001  2.1772416e+001
  4.5900000e+002  1.5650136e+001  1.8059415e+001  2.1791008e+001
  4.6000000e+002  1.5660231e+001  1.8070503e+001  2.1809461e+001
  4.6100000e+002  1.5670505e+001  1.8081730e+001  2.1827773e+001
  4.6200000e+002  1.5680957e+001  1.8093097e+001  2.1845944e+001
  4.6300000e+002  1.5691584e+001  1.8104606e+001  2.1863974e+001
  4.6400000e+002  1.5702385e+001  1.8116259e+001  2.1881864e+001
  4.6500000e+002  1.5713356e+001  1.8128057e+001  2.1899615e+001
  4.6600000e+002  1.5724495e+001  1.8140003e+001  2.1917227e+001
  4.6700000e+002  1.5735798e+001  1.8152098e+001  2.1934703e+001
  4.6800000e+002  1.5747260e+001  1.8164341e+001  2.1952044e+001
  4.6900000e+002  1.5758879e+001  1.8176736e+001  2.1969253e+001
  4.7000000e+002  1.5770648e+001  1.8189280e+001  2.1986331e+001
  4.7100000e+002  1.5782564e+001  1.8201976e+001  2.2003283e+001
  4.7200000e+002  1.5794620e+001  1.8214823e+001  2.2020111e+001
  4.7300000e+002  1.5806811e+001  1.8227820e+001  2.2036820e+001
  4.7400000e+002  1.5819131e+001  1.8240968e+001  2.2053413e+001
  4.7500000e+002  1.5831573e+001  1.8254266e+001  2.2069894e+001
  4.7600000e+002  1.5844130e+001  1.8267713e+001  2.2086267e+001
  4.7700000e+002  1.5856795e+001  1.8281309e+001  2.2102539e+001
  4.7800000e+002  1.5869560e+001  1.8295052e+001  2.2118713e+001
  4.7900000e+002  1.5882419e+001  1.8308940e+001  2.2134794e+001
  4.8000000e+002  1.5895362e+001  1.8322974e+001  2.2150789e+001
  4.8100000e+002  1.5908382e+001  1.8337150e+001  2.2166702e+001
  4.8200000e+002  1.5921469e+001  1.8351467e+001  2.2182539e+001
  4.8300000e+002  1.5934616e+001  1.8365924e+001  2.2198307e+001
  4.8400000e+002  1.5947813e+001  1.8380518e+001  2.2214010e+001
  4.8500000e+002  1.5961050e+001  1.8395247e+001  2.2229654e+001
  4.8600000e+002  1.5974320e+001  1.8410111e+001  2.2245246e+001
  4.8700000e+002  1.5987611e+001  1.8425106e+001  2.2260792e+001
  4.8800000e+002  1.6000914e+001  1.8440230e+001  2.2276297e+001
  4.8900000e+002  1.6014221e+001  1.8455482e+001  2.2291767e+001
  4.9000000e+002  1.6027521e+001  1.8470859e+001  2.2307209e+001
  4.9100000e+002  1.6040806e+001  1.8486358e+001  2.2322628e+001
  4.9200000e+002  1.6054064e+001  1.8501977e+001  2.2338030e+001
  4.9300000e+002  1.6067287e+001  1.8517715e+001  2.2353421e+001
  4.9400000e+002  1.6080466e+001  1.8533568e+001  2.2368805e+001
  4.9500000e+002  1.6093591e+001  1.8549535e+001  2.2384189e+001
  4.9600000e+002  1.6106652e+001  1.8565614e+001  2.2399578e+001
  4.9700000e+002  1.6119642e+001  1.8581801e+001  2.2414975e+001
  4.9800000e+002  1.6132551e+001  1.8598096e+001  2.2430387e+001
  4.9900000e+002  1.6145370e+001  1.8614496e+001  2.2445818e+001
  5.0000000e+002  1.6158092e+001  1.8630999e+001  2.2461272e+001
  5.0100000e+002  1.6170708e+001  1.8647603e+001  2.2476753e+001
  5.0200000e+002  1.6183211e+001  1.8664307e+001  2.2492264e+001
  5.0300000e+002  1.6195593e+001  1.8681108e+001  2.2507810e+001
  5.0400000e+002  1.6207848e+001  1.8698006e+001  2.2523393e+001
  5.0500000e+002  1.6219968e+001  1.8714998e+001  2.2539017e+001
  5.0600000e+002  1.6231948e+001  1.8732084e+001  2.2554683e+001
  5.0700000e+002  1.6243781e+001  1.8749260e+001  2.2570395e+001
  5.0800000e+002  1.6255462e+001  1.8766527e+001  2.2586155e+001
  5.0900000e+002  1.6266987e+001  1.8783883e+001  2.2601963e+001
  5.1000000e+002  1.6278351e+001  1.8801328e+001  2.2617822e+001
  5.1100000e+002  1.6289550e+001  1.8818859e+001  2.2633733e+001
  5.1200000e+002  1.6300581e+001  1.8836477e+001  2.2649696e+001
  5.1300000e+002  1.6311440e+001  1.8854181e+001  2.2665712e+001
  5.1400000e+002  1.6322125e+001  1.8871969e+001  2.2681781e+001
  5.1500000e+002  1.6332635e+001  1.8889842e+001  2.2697903e+001
  5.1600000e+002  1.6342967e+001  1.8907798e+001  2.2714077e+001
  5.1700000e+002  1.6353121e+001  1.8925839e+001  2.2730303e+001
  5.1800000e+002  1.6363096e+001  1.8943963e+001  2.2746581e+001
  5.1900000e+002  1.6372894e+001  1.8962171e+001  2.2762908e+001
  5.2000000e+002  1.6382514e+001  1.8980462e+001  2.2779283e+001
  5.2100000e+002  1.6391958e+001  1.8998837e+001  2.2795706e+001
  5.2200000e+002  1.6401229e+001  1.9017295e+001  2.2812173e+001
  5.2300000e+002  1.6410328e+001  1.9035837e+001  2.2828682e+001
  5.2400000e+002  1.6419258e+001  1.9054463e+001  2.2845232e+001
  5.2500000e+002  1.6428023e+001  1.9073173e+001  2.2861820e+001
  5.2600000e+002  1.6436627e+001  1.9091967e+001  2.2878443e+001
  5.2700000e+002  1.6445076e+001  1.9110846e+001  2.2895098e+001
  5.2800000e+002  1.6453372e+001  1.9129810e+001  2.2911783e+001
  5.2900000e+002  1.6461524e+001  1.9148859e+001  2.2928494e+001
  5.3000000e+002  1.6469536e+001  1.9167993e+001  2.2945228e+001
  5.3100000e+002  1.6477416e+001  1.9187214e+001  2.2961981e+001
  5.3200000e+002  1.6485170e+001  1.9206519e+001  2.2978751e+001
  5.3300000e+002  1.6492806e+001  1.9225911e+001  2.2995533e+001
  5.3400000e+002  1.6500332e+001  1.9245389e+001  2.3012325e+001
  5.3500000e+002  1.6507757e+001  1.9264952e+001  2.3029122e+001
  5.3600000e+002  1.6515089e+001  1.9284601e+001  2.3045920e+001
  5.3700000e+002  1.6522337e+001  1.9304336e+001  2.3062717e+001
  5.3800000e+002  1.6529511e+001  1.9324156e+001  2.3079509e+001
  5.3900000e+002  1.6536621e+001  1.9344061e+001  2.3096290e+001
  5.4000000e+002  1.6543676e+001  1.9364050e+001  2.3113058e+001
  5.4100000e+002  1.6550687e+001  1.9384122e+001  2.3129809e+001
  5.4200000e+002  1.6557664e+001  1.9404277e+001  2.3146538e+001
  5.4300000e+002  1.6564619e+001  1.9424515e+001  2.3163242e+001
  5.4400000e+002  1.6571561e+001  1.9444832e+001  2.3179917e+001
  5.4500000e+002  1.6578503e+001  1.9465230e+001  2.3196558e+001
  5.4600000e+002  1.6585454e+001  1.9485706e+001  2.3213161e+001
  5.4700000e+002  1.6592427e+001  1.9506258e+001  2.3229723e+001
  5.4800000e+002  1.6599432e+001  1.9526886e+001  2.3246238e+001
  5.4900000e+002  1.6606480e+001  1.9547587e+001  2.3262703e+001
  5.5000000e+002  1.6613584e+001  1.9568360e+001  2.3279114e+001
  5.5100000e+002  1.6620753e+001  1.9589202e+001  2.3295465e+001
  5.5200000e+002  1.6628000e+001  1.9610112e+001  2.3311752e+001
  5.5300000e+002  1.6635334e+001  1.9631087e+001  2.3327971e+001
  5.5400000e+002  1.6642767e+001  1.9652125e+001  2.3344116e+001
  5.5500000e+002  1.6650310e+001  1.9673222e+001  2.3360183e+001
  5.5600000e+002  1.6657973e+001  1.9694377e+001  2.3376166e+001
  5.5700000e+002  1.6665766e+001  1.9715587e+001  2.3392061e+001
  5.5800000e+002  1.6673700e+001  1.9736848e+001  2.3407862e+001
  5.5900000e+002  1.6681784e+001  1.9758157e+001  2.3423564e+001
  5.6000000e+002  1.6690027e+001  1.9779512e+001  2.3439161e+001
  5.6100000e+002  1.6698440e+001  1.9800909e+001  2.3454647e+001
  5.6200000e+002  1.6707031e+001  1.9822344e+001  2.3470017e+001
  5.6300000e+002  1.6715808e+001  1.9843814e+001  2.3485264e+001
  5.6400000e+002  1.6724781e+001  1.9865315e+001  2.3500382e+001
  5.6500000e+002  1.6733956e+001  1.9886844e+001  2.3515364e+001
  5.6600000e+002  1.6743342e+001  1.9908396e+001  2.3530205e+001
  5.6700000e+002  1.6752945e+001  1.9929968e+001  2.3544897e+001
  5.6800000e+002  1.6762773e+001  1.9951556e+001  2.3559434e+001
  5.6900000e+002  1.6772832e+001  1.9973154e+001  2.3573810e+001
  5.7000000e+002  1.6783127e+001  1.9994760e+001  2.3588016e+001
  5.7100000e+002  1.6793664e+001  2.0016369e+001  2.3602047e+001
  5.7200000e+002  1.6804449e+001  2.0037975e+001  2.3615896e+001
  5.7300000e+002  1.6815486e+001  2.0059576e+001  2.3629555e+001
  5.7400000e+002  1.6826779e+001  2.0081166e+001  2.3643018e+001
  5.7500000e+002  1.6838333e+001  2.0102742e+001  2.3656279e+001
  5.7600000e+002  1.6850151e+001  2.0124297e+001  2.3669330e+001
  5.7700000e+002  1.6862235e+001  2.0145829e+001  2.3682165e+001
  5.7800000e+002  1.6874589e+001  2.0167332e+001  2.3694778e+001
  5.7900000e+002  1.6887215e+001  2.0188803e+001  2.3707162e+001
  5.8000000e+002  1.6900113e+001  2.0210236e+001  2.3719312e+001
  5.8100000e+002  1.6913287e+001  2.0231628e+001  2.3731221e+001
  5.8200000e+002  1.6926736e+001  2.0252974e+001  2.3742885e+001
  5.8300000e+002  1.6940462e+001  2.0274270e+001  2.3754298e+001
  5.8400000e+002  1.6954463e+001  2.0295513e+001  2.3765456e+001
  5.8500000e+002  1.6968742e+001  2.0316698e+001  2.3776355e+001
  5.8600000e+002  1.6983297e+001  2.0337821e+001  2.3786991e+001
  5.8700000e+002  1.6998127e+001  2.0358880e+001  2.3797360e+001
  5.8800000e+002  1.7013232e+001  2.0379871e+001  2.3807460e+001
  5.8900000e+002  1.7028610e+001  2.0400790e+001  2.3817289e+001
  5.9000000e+002  1.7044260e+001  2.0421636e+001  2.3826846e+001
  5.9100000e+002  1.7060180e+001  2.0442404e+001  2.3836128e+001
  5.9200000e+002  1.7076369e+001  2.0463094e+001  2.3845135e+001
  5.9300000e+002  1.7092824e+001  2.0483703e+001  2.3853869e+001
  5.9400000e+002  1.7109542e+001  2.0504228e+001  2.3862328e+001
  5.9500000e+002  1.7126521e+001  2.0524669e+001  2.3870516e+001
  5.9600000e+002  1.7143759e+001  2.0545025e+001  2.3878434e+001
  5.9700000e+002  1.7161253e+001  2.0565295e+001  2.3886086e+001
  5.9800000e+002  1.7178999e+001  2.0585478e+001  2.3893474e+001
  5.9900000e+002  1.7196995e+001  2.0605574e+001  2.3900603e+001
  6.0000000e+002  1.7215237e+001  2.0625583e+001  2.3907478e+001
