  0.0000000e+000  2.6603061e-001  5.1781885e-001  7.3696647e-001  2.7650629e-001  4.7520537e-001  7.0360560e-001
  4.0000000e+000  3.3315043e-001  5.7588953e-001  8.2767493e-001  3.6507114e-001  6.0109491e-001  7.7451647e-001
  8.0000000e+000  4.5471001e-001  6.6522746e-001  8.6399901e-001  4.8542126e-001  6.7281873e-001  8.4712824e-001
  1.6000000e+001  5.9792727e-001  7.9490726e-001  9.1119497e-001  6.0687324e-001  7.9800251e-001  8.9232424e-001
  3.2000000e+001  8.0152211e-001  9.1868541e-001  9.7451204e-001  7.7903534e-001  9.2480317e-001  9.6258861e-001
  0.0000000e+000  2.4816312e-002  1.5506966e-002  1.7271434e-002  2.2334566e-002  1.4625209e-002  1.8978306e-002
  4.0000000e+000  2.1418436e-002  1.8049678e-002  1.3306645e-002  2.5436830e-002  1.8825444e-002  1.5036479e-002
  8.0000000e+000  3.2726356e-002  1.9813063e-002  1.3094320e-002  2.6795382e-002  2.0168805e-002  1.4027316e-002
  1.6000000e+001  2.9123763e-002  1.8619952e-002  1.0490869e-002  2.7311637e-002  1.6801869e-002  1.3233044e-002
  3.2000000e+001  2.4040298e-002  1.2046346e-002  6.0606863e-003  2.4879902e-002  1.1045671e-002  8.5061062e-003
  0.0000000e+000  2.8571787e-001  5.1467927e-001  7.5597950e-001  2.7301856e-001  4.7806847e-001  7.0288378e-001
  1.0000000e-001  2.8726836e-001  5.1658493e-001  7.5745434e-001  2.7636062e-001  4.8137931e-001  7.0616595e-001
  2.0000000e-001  2.8882385e-001  5.1849011e-001  7.5892310e-001  2.7952555e-001  4.8462025e-001  7.0899293e-001
  3.0000000e-001  2.9038434e-001  5.2039475e-001  7.6038578e-001  2.8261857e-001  4.8782285e-001  7.1165486e-001
  4.0000000e-001  2.9194980e-001  5.2229880e-001  7.6184237e-001  2.8566136e-001  4.9099394e-001  7.1420745e-001
  5.0000000e-001  2.9352020e-001  5.2420220e-001  7.6329287e-001  2.8866417e-001  4.9413683e-001  7.1667660e-001
  6.0000000e-001  2.9509553e-001  5.2610490e-001  7.6473726e-001  2.9163304e-001  4.9725355e-001  7.1907740e-001
  7.0000000e-001  2.9667577e-001  5.2800683e-001  7.6617553e-001  2.9457199e-001  5.0034550e-001  7.2141975e-001
  8.0000000e-001  2.9826089e-001  5.2990796e-001  7.6760769e-001  2.9748389e-001  5.0341369e-001  7.2371072e-001
  9.0000000e-001  2.9985087e-001  5.3180822e-001  7.6903371e-001  3.0037088e-001  5.0645893e-001  7.2595557e-001
  1.0000000e+000  3.0144568e-001  5.3370756e-001  7.7045361e-001  3.0323467e-001  5.0948187e-001  7.2815844e-001
  1.1000000e+000  3.0304530e-001  5.3560592e-001  7.7186736e-001  3.0607660e-001  5.1248306e-001  7.3032260e-001
  1.2000000e+000  3.0464971e-001  5.3750325e-001  7.7327497e-001  3.0889780e-001  5.1546297e-001  7.3245079e-001
  1.3000000e+000  3.0625888e-001  5.3939949e-001  7.7467643e-001  3.1169922e-001  5.1842200e-001  7.3454529e-001
  1.4000000e+000  3.0787279e-001  5.4129459e-001  7.7607173e-001  3.1448166e-001  5.2136053e-001  7.3660802e-001
  1.5000000e+000  3.0949141e-001  5.4318850e-001  7.7746088e-001  3.1724583e-001  5.2427888e-001  7.3864068e-001
  1.6000000e+000  3.1111471e-001  5.4508117e-001  7.7884386e-001  3.1999234e-001  5.2717735e-001  7.4064472e-001
  1.7000000e+000  3.1274267e-001  5.4697253e-001  7.8022068e-001  3.2272172e-001  5.3005623e-001  7.4262145e-001
  1.8000000e+000  3.1437526e-001  5.4886253e-001  7.8159133e-001  3.2543448e-001  5.3291577e-001  7.4457202e-001
  1.9000000e+000  3.1601246e-001  5.5075113e-001  7.8295581e-001  3.2813104e-001  5.3575620e-001  7.4649747e-001
  2.0000000e+000  3.1765423e-001  5.5263826e-001  7.8431412e-001  3.3081180e-001  5.3857777e-001  7.4839873e-001
  2.1000000e+000  3.1930055e-001  5.5452388e-001  7.8566626e-001  3.3347713e-001  5.4138067e-001  7.5027666e-001
  2.2000000e+000  3.2095139e-001  5.5640793e-001  7.8701222e-001  3.3612735e-001  5.4416513e-001  7.5213204e-001
  2.3000000e+000  3.2260671e-001  5.5829036e-001  7.8835200e-001  3.3876277e-001  5.4693132e-001  7.5396558e-001
  2.4000000e+000  3.2426650e-001  5.6017112e-001  7.8968561e-001  3.4138368e-001  5.4967944e-001  7.5577794e-001
  2.5000000e+000  3.2593072e-001  5.6205015e-001  7.9101305e-001  3.4399034e-001  5.5240966e-001  7.5756974e-001
  2.6000000e+000  3.2759934e-001  5.6392740e-001  7.9233431e-001  3.4658300e-001  5.5512217e-001  7.5934155e-001
  2.7000000e+000  3.2927233e-001  5.6580282e-001  7.9364939e-001  3.4916188e-001  5.5781712e-001  7.6109391e-001
  2.8000000e+000  3.3094966e-001  5.6767636e-001  7.9495830e-001  3.5172721e-001  5.6049468e-001  7.6282730e-001
  2.9000000e+000  3.3263129e-001  5.6954797e-001  7.9626105e-001  3.5427918e-001  5.6315500e-001  7.6454220e-001
  3.0000000e+000  3.3431720e-001  5.7141759e-001  7.9755762e-001  3.5681800e-001  5.6579823e-001  7.6623905e-001
  3.1000000e+000  3.3600736e-001  5.7328517e-001  7.9884802e-001  3.5934384e-001  5.6842453e-001  7.6791827e-001
  3.2000000e+000  3.3770172e-001  5.7515067e-001  8.0013226e-001  3.6185689e-001  5.7103404e-001  7.6958026e-001
  3.3000000e+000  3.3940026e-001  5.7701402e-001  8.0141034e-001  3.6435729e-001  5.7362690e-001  7.7122537e-001
  3.4000000e+000  3.4110294e-001  5.7887519e-001  8.0268227e-001  3.6684522e-001  5.7620325e-001  7.7285398e-001
  3.5000000e+000  3.4280973e-001  5.8073412e-001  8.0394803e-001  3.6932082e-001  5.7876321e-001  7.7446642e-001
  3.6000000e+000  3.4452060e-001  5.8259076e-001  8.0520765e-001  3.7178424e-001  5.8130694e-001  7.7606300e-001
  3.7000000e+000  3.4623551e-001  5.8444507e-001  8.0646113e-001  3.7423562e-001  5.8383454e-001  7.7764405e-001
  3.8000000e+000  3.4795442e-001  5.8629698e-001  8.0770847e-001  3.7667509e-001  5.8634616e-001  7.7920984e-001
  3.9000000e+000  3.4967730e-001  5.8814646e-001  8.0894967e-001  3.7910278e-001  5.8884191e-001  7.8076068e-001
  4.0000000e+000  3.5140411e-001  5.8999345e-001  8.1018474e-001  3.8151882e-001  5.9132191e-001  7.8229681e-001
  4.1000000e+000  3.5313482e-001  5.9183791e-001  8.1141369e-001  3.8392331e-001  5.9378630e-001  7.8381852e-001
  4.2000000e+000  3.5486940e-001  5.9367978e-001  8.1263652e-001  3.8631638e-001  5.9623518e-001  7.8532603e-001
  4.3000000e+000  3.5660779e-001  5.9551902e-001  8.1385324e-001  3.8869815e-001  5.9866868e-001  7.8681961e-001
  4.4000000e+000  3.5834997e-001  5.9735559e-001  8.1506386e-001  3.9106870e-001  6.0108690e-001  7.8829947e-001
  4.5000000e+000  3.6009590e-001  5.9918942e-001  8.1626839e-001  3.9342816e-001  6.0348996e-001  7.8976584e-001
  4.6000000e+000  3.6184553e-001  6.0102049e-001  8.1746682e-001  3.9577663e-001  6.0587798e-001  7.9121894e-001
  4.7000000e+000  3.6359884e-001  6.0284873e-001  8.1865917e-001  3.9811419e-001  6.0825106e-001  7.9265897e-001
  4.8000000e+000  3.6535578e-001  6.0467411e-001  8.1984546e-001  4.0044095e-001  6.1060931e-001  7.9408615e-001
  4.9000000e+000  3.6711631e-001  6.0649657e-001  8.2102568e-001  4.0275701e-001  6.1295284e-001  7.9550065e-001
  5.0000000e+000  3.6888040e-001  6.0831607e-001  8.2219984e-001  4.0506244e-001  6.1528175e-001  7.9690268e-001
  5.1000000e+000  3.7064799e-001  6.1013257e-001  8.2336796e-001  4.0735734e-001  6.1759615e-001  7.9829241e-001
  5.2000000e+000  3.7241906e-001  6.1194602e-001  8.2453004e-001  4.0964180e-001  6.1989615e-001  7.9967003e-001
  5.3000000e+000  3.7419356e-001  6.1375637e-001  8.2568609e-001  4.1191590e-001  6.2218183e-001  8.0103570e-001
  5.4000000e+000  3.7597145e-001  6.1556358e-001  8.2683613e-001  4.1417972e-001  6.2445331e-001  8.0238960e-001
  5.5000000e+000  3.7775269e-001  6.1736761e-001  8.2798016e-001  4.1643335e-001  6.2671069e-001  8.0373189e-001
  5.6000000e+000  3.7953723e-001  6.1916841e-001  8.2911819e-001  4.1867685e-001  6.2895405e-001  8.0506272e-001
  5.7000000e+000  3.8132504e-001  6.2096594e-001  8.3025024e-001  4.2091031e-001  6.3118351e-001  8.0638226e-001
  5.8000000e+000  3.8311607e-001  6.2276015e-001  8.3137632e-001  4.2313381e-001  6.3339915e-001  8.0769065e-001
  5.9000000e+000  3.8491028e-001  6.2455100e-001  8.3249643e-001  4.2534741e-001  6.3560107e-001  8.0898805e-001
  6.0000000e+000  3.8670762e-001  6.2633846e-001  8.3361059e-001  4.2755119e-001  6.3778937e-001  8.1027458e-001
  6.1000000e+000  3.8850806e-001  6.2812247e-001  8.3471881e-001  4.2974522e-001  6.3996414e-001  8.1155040e-001
  6.2000000e+000  3.9031154e-001  6.2990300e-001  8.3582110e-001  4.3192956e-001  6.4212546e-001  8.1281564e-001
  6.3000000e+000  3.9211803e-001  6.3168000e-001  8.3691748e-001  4.3410430e-001  6.4427344e-001  8.1407043e-001
  6.4000000e+000  3.9392747e-001  6.3345343e-001  8.3800796e-001  4.3626949e-001  6.4640817e-001  8.1531490e-001
  6.5000000e+000  3.9573983e-001  6.3522326e-001  8.3909254e-001  4.3842519e-001  6.4852972e-001  8.1654918e-001
  6.6000000e+000  3.9755506e-001  6.3698943e-001  8.4017125e-001  4.4057148e-001  6.5063820e-001  8.1777340e-001
  6.7000000e+000  3.9937311e-001  6.3875192e-001  8.4124410e-001  4.4270842e-001  6.5273368e-001  8.1898767e-001
  6.8000000e+000  4.0119394e-001  6.4051068e-001  8.4231110e-001  4.4483606e-001  6.5481627e-001  8.2019212e-001
  6.9000000e+000  4.0301750e-001  6.4226568e-001  8.4337226e-001  4.4695448e-001  6.5688603e-001  8.2138686e-001
  7.0000000e+000  4.0484374e-001  6.4401686e-001  8.4442759e-001  4.4906372e-001  6.5894307e-001  8.2257200e-001
  7.1000000e+000  4.0667262e-001  6.4576421e-001  8.4547712e-001  4.5116386e-001  6.6098746e-001  8.2374766e-001
  7.2000000e+000  4.0850410e-001  6.4750767e-001  8.4652086e-001  4.5325494e-001  6.6301928e-001  8.2491394e-001
  7.3000000e+000  4.1033811e-001  6.4924721e-001  8.4755882e-001  4.5533703e-001  6.6503863e-001  8.2607096e-001
  7.4000000e+000  4.1217463e-001  6.5098279e-001  8.4859101e-001  4.5741018e-001  6.6704558e-001  8.2721881e-001
  7.5000000e+000  4.1401359e-001  6.5271438e-001  8.4961746e-001  4.5947444e-001  6.6904021e-001  8.2835761e-001
  7.6000000e+000  4.1585495e-001  6.5444194e-001  8.5063817e-001  4.6152988e-001  6.7102261e-001  8.2948744e-001
  7.7000000e+000  4.1769867e-001  6.5616543e-001  8.5165316e-001  4.6357655e-001  6.7299286e-001  8.3060841e-001
  7.8000000e+000  4.1954468e-001  6.5788482e-001  8.5266245e-001  4.6561450e-001  6.7495103e-001  8.3172063e-001
  7.9000000e+000  4.2139296e-001  6.5960008e-001  8.5366605e-001  4.6764378e-001  6.7689721e-001  8.3282417e-001
  8.0000000e+000  4.2324343e-001  6.6131116e-001  8.5466398e-001  4.6966445e-001  6.7883147e-001  8.3391914e-001
  8.1000000e+000  4.2509607e-001  6.6301803e-001  8.5565626e-001  4.7167655e-001  6.8075390e-001  8.3500563e-001
  8.2000000e+000  4.2695081e-001  6.6472066e-001  8.5664290e-001  4.7368014e-001  6.8266456e-001  8.3608372e-001
  8.3000000e+000  4.2880760e-001  6.6641902e-001  8.5762392e-001  4.7567526e-001  6.8456354e-001  8.3715352e-001
  8.4000000e+000  4.3066640e-001  6.6811307e-001  8.5859933e-001  4.7766198e-001  6.8645091e-001  8.3821509e-001
  8.5000000e+000  4.3252716e-001  6.6980278e-001  8.5956915e-001  4.7964033e-001  6.8832675e-001  8.3926854e-001
  8.6000000e+000  4.3438983e-001  6.7148811e-001  8.6053340e-001  4.8161036e-001  6.9019113e-001  8.4031394e-001
  8.7000000e+000  4.3625435e-001  6.7316905e-001  8.6149210e-001  4.8357212e-001  6.9204412e-001  8.4135138e-001
  8.8000000e+000  4.3812067e-001  6.7484554e-001  8.6244526e-001  4.8552566e-001  6.9388581e-001  8.4238094e-001
  8.9000000e+000  4.3998875e-001  6.7651757e-001  8.6339291e-001  4.8747103e-001  6.9571625e-001  8.4340269e-001
  9.0000000e+000  4.4185852e-001  6.7818510e-001  8.6433505e-001  4.8940827e-001  6.9753553e-001  8.4441673e-001
  9.1000000e+000  4.4372995e-001  6.7984810e-001  8.6527170e-001  4.9133742e-001  6.9934372e-001  8.4542311e-001
  9.2000000e+000  4.4560297e-001  6.8150655e-001  8.6620290e-001  4.9325853e-001  7.0114089e-001  8.4642193e-001
  9.3000000e+000  4.4747755e-001  6.8316041e-001  8.6712864e-001  4.9517165e-001  7.0292710e-001  8.4741326e-001
  9.4000000e+000  4.4935361e-001  6.8480965e-001  8.6804895e-001  4.9707682e-001  7.0470243e-001  8.4839717e-001
  9.5000000e+000  4.5123112e-001  6.8645424e-001  8.6896386e-001  4.9897408e-001  7.0646695e-001  8.4937373e-001
  9.6000000e+000  4.5311002e-001  6.8809417e-001  8.6987337e-001  5.0086348e-001  7.0822073e-001  8.5034301e-001
  9.7000000e+000  4.5499025e-001  6.8972939e-001  8.7077750e-001  5.0274506e-001  7.0996384e-001  8.5130509e-001
  9.8000000e+000  4.5687177e-001  6.9135989e-001  8.7167628e-001  5.0461885e-001  7.1169634e-001  8.5226004e-001
  9.9000000e+000  4.5875452e-001  6.9298563e-001  8.7256973e-001  5.0648491e-001  7.1341830e-001  8.5320792e-001
  1.0000000e+001  4.6063845e-001  6.9460659e-001  8.7345785e-001  5.0834328e-001  7.1512979e-001  8.5414880e-001
  1.0100000e+001  4.6252350e-001  6.9622274e-001  8.7434068e-001  5.1019398e-001  7.1683087e-001  8.5508276e-001
  1.0200000e+001  4.6440962e-001  6.9783407e-001  8.7521823e-001  5.1203708e-001  7.1852162e-001  8.5600984e-001
  1.0300000e+001  4.6629677e-001  6.9944053e-001  8.7609052e-001  5.1387260e-001  7.2020210e-001  8.5693012e-001
  1.0400000e+001  4.6818488e-001  7.0104211e-001  8.7695757e-001  5.1570058e-001  7.2187236e-001  8.5784367e-001
  1.0500000e+001  4.7007390e-001  7.0263879e-001  8.7781940e-001  5.1752107e-001  7.2353249e-001  8.5875054e-001
  1.0600000e+001  4.7196378e-001  7.0423054e-001  8.7867602e-001  5.1933410e-001  7.2518254e-001  8.5965080e-001
  1.0700000e+001  4.7385446e-001  7.0581733e-001  8.7952747e-001  5.2113971e-001  7.2682257e-001  8.6054451e-001
  1.0800000e+001  4.7574589e-001  7.0739915e-001  8.8037375e-001  5.2293794e-001  7.2845265e-001  8.6143173e-001
  1.0900000e+001  4.7763802e-001  7.0897597e-001  8.8121489e-001  5.2472883e-001  7.3007284e-001  8.6231252e-001
  1.1000000e+001  4.7953079e-001  7.1054777e-001  8.8205091e-001  5.2651242e-001  7.3168321e-001  8.6318693e-001
  1.1100000e+001  4.8142415e-001  7.1211453e-001  8.8288183e-001  5.2828874e-001  7.3328381e-001  8.6405503e-001
  1.1200000e+001  4.8331804e-001  7.1367622e-001  8.8370766e-001  5.3005783e-001  7.3487471e-001  8.6491687e-001
  1.1300000e+001  4.8521241e-001  7.1523283e-001  8.8452844e-001  5.3181972e-001  7.3645597e-001  8.6577252e-001
  1.1400000e+001  4.8710721e-001  7.1678433e-001  8.8534417e-001  5.3357446e-001  7.3802765e-001  8.6662201e-001
  1.1500000e+001  4.8900237e-001  7.1833072e-001  8.8615488e-001  5.3532208e-001  7.3958981e-001  8.6746542e-001
  1.1600000e+001  4.9089786e-001  7.1987195e-001  8.8696059e-001  5.3706261e-001  7.4114251e-001  8.6830279e-001
  1.1700000e+001  4.9279360e-001  7.2140803e-001  8.8776132e-001  5.3879609e-001  7.4268580e-001  8.6913418e-001
  1.1800000e+001  4.9468955e-001  7.2293892e-001  8.8855709e-001  5.4052256e-001  7.4421976e-001  8.6995964e-001
  1.1900000e+001  4.9658566e-001  7.2446462e-001  8.8934793e-001  5.4224204e-001  7.4574443e-001  8.7077923e-001
  1.2000000e+001  4.9848186e-001  7.2598509e-001  8.9013384e-001  5.4395458e-001  7.4725988e-001  8.7159298e-001
  1.2100000e+001  5.0037811e-001  7.2750034e-001  8.9091486e-001  5.4566021e-001  7.4876615e-001  8.7240097e-001
  1.2200000e+001  5.0227434e-001  7.2901033e-001  8.9169100e-001  5.4735895e-001  7.5026332e-001  8.7320323e-001
  1.2300000e+001  5.0417051e-001  7.3051505e-001  8.9246228e-001  5.4905086e-001  7.5175143e-001  8.7399982e-001
  1.2400000e+001  5.0606656e-001  7.3201449e-001  8.9322873e-001  5.5073595e-001  7.5323055e-001  8.7479078e-001
  1.2500000e+001  5.0796244e-001  7.3350863e-001  8.9399037e-001  5.5241427e-001  7.5470073e-001  8.7557617e-001
  1.2600000e+001  5.0985808e-001  7.3499746e-001  8.9474721e-001  5.5408584e-001  7.5616202e-001  8.7635602e-001
  1.2700000e+001  5.1175345e-001  7.3648096e-001  8.9549929e-001  5.5575070e-001  7.5761448e-001  8.7713040e-001
  1.2800000e+001  5.1364847e-001  7.3795911e-001  8.9624661e-001  5.5740888e-001  7.5905817e-001  8.7789934e-001
  1.2900000e+001  5.1554311e-001  7.3943190e-001  8.9698920e-001  5.5906041e-001  7.6049314e-001  8.7866290e-001
  1.3000000e+001  5.1743729e-001  7.4089933e-001  8.9772708e-001  5.6070532e-001  7.6191945e-001  8.7942111e-001
  1.3100000e+001  5.1933098e-001  7.4236136e-001  8.9846028e-001  5.6234366e-001  7.6333714e-001  8.8017403e-001
  1.3200000e+001  5.2122411e-001  7.4381801e-001  8.9918881e-001  5.6397543e-001  7.6474627e-001  8.8092170e-001
  1.3300000e+001  5.2311663e-001  7.4526924e-001  8.9991269e-001  5.6560069e-001  7.6614691e-001  8.8166415e-001
  1.3400000e+001  5.2500849e-001  7.4671505e-001  9.0063195e-001  5.6721946e-001  7.6753908e-001  8.8240145e-001
  1.3500000e+001  5.2689963e-001  7.4815542e-001  9.0134661e-001  5.6883177e-001  7.6892286e-001  8.8313362e-001
  1.3600000e+001  5.2878999e-001  7.4959036e-001  9.0205669e-001  5.7043764e-001  7.7029830e-001  8.8386072e-001
  1.3700000e+001  5.3067954e-001  7.5101983e-001  9.0276221e-001  5.7203712e-001  7.7166544e-001  8.8458278e-001
  1.3800000e+001  5.3256820e-001  7.5244385e-001  9.0346319e-001  5.7363023e-001  7.7302433e-001  8.8529984e-001
  1.3900000e+001  5.3445593e-001  7.5386238e-001  9.0415965e-001  5.7521701e-001  7.7437503e-001  8.8601195e-001
  1.4000000e+001  5.3634267e-001  7.5527544e-001  9.0485162e-001  5.7679747e-001  7.7571759e-001  8.8671915e-001
  1.4100000e+001  5.3822838e-001  7.5668299e-001  9.0553912e-001  5.7837165e-001  7.7705206e-001  8.8742148e-001
  1.4200000e+001  5.4011299e-001  7.5808505e-001  9.0622216e-001  5.7993958e-001  7.7837849e-001  8.8811898e-001
  1.4300000e+001  5.4199645e-001  7.5948160e-001  9.0690077e-001  5.8150129e-001  7.7969692e-001  8.8881169e-001
  1.4400000e+001  5.4387872e-001  7.6087262e-001  9.0757497e-001  5.8305681e-001  7.8100742e-001  8.8949964e-001
  1.4500000e+001  5.4575973e-001  7.6225812e-001  9.0824478e-001  5.8460616e-001  7.8231002e-001  8.9018288e-001
  1.4600000e+001  5.4763944e-001  7.6363809e-001  9.0891023e-001  5.8614938e-001  7.8360477e-001  8.9086144e-001
  1.4700000e+001  5.4951779e-001  7.6501251e-001  9.0957133e-001  5.8768649e-001  7.8489173e-001  8.9153536e-001
  1.4800000e+001  5.5139473e-001  7.6638139e-001  9.1022810e-001  5.8921752e-001  7.8617095e-001  8.9220469e-001
  1.4900000e+001  5.5327020e-001  7.6774471e-001  9.1088057e-001  5.9074250e-001  7.8744246e-001  8.9286945e-001
  1.5000000e+001  5.5514416e-001  7.6910248e-001  9.1152876e-001  5.9226146e-001  7.8870632e-001  8.9352968e-001
  1.5100000e+001  5.5701656e-001  7.7045468e-001  9.1217270e-001  5.9377442e-001  7.8996258e-001  8.9418542e-001
  1.5200000e+001  5.5888733e-001  7.7180131e-001  9.1281239e-001  5.9528141e-001  7.9121128e-001  8.9483671e-001
  1.5300000e+001  5.6075644e-001  7.7314237e-001  9.1344786e-001  5.9678247e-001  7.9245246e-001  8.9548358e-001
  1.5400000e+001  5.6262382e-001  7.7447785e-001  9.1407914e-001  5.9827760e-001  7.9368618e-001  8.9612606e-001
  1.5500000e+001  5.6448943e-001  7.7580775e-001  9.1470625e-001  5.9976685e-001  7.9491249e-001  8.9676420e-001
  1.5600000e+001  5.6635321e-001  7.7713206e-001  9.1532920e-001  6.0125024e-001  7.9613141e-001  8.9739802e-001
  1.5700000e+001  5.6821512e-001  7.7845078e-001  9.1594802e-001  6.0272779e-001  7.9734301e-001  8.9802756e-001
  1.5800000e+001  5.7007511e-001  7.7976391e-001  9.1656273e-001  6.0419954e-001  7.9854733e-001  8.9865285e-001
  1.5900000e+001  5.7193312e-001  7.8107145e-001  9.1717336e-001  6.0566550e-001  7.9974441e-001  8.9927393e-001
  1.6000000e+001  5.7378910e-001  7.8237339e-001  9.1777991e-001  6.0712571e-001  8.0093430e-001  8.9989083e-001
  1.6100000e+001  5.7564301e-001  7.8366973e-001  9.1838242e-001  6.0858019e-001  8.0211703e-001  9.0050359e-001
  1.6200000e+001  5.7749478e-001  7.8496048e-001  9.1898090e-001  6.1002896e-001  8.0329266e-001  9.0111222e-001
  1.6300000e+001  5.7934439e-001  7.8624562e-001  9.1957537e-001  6.1147206e-001  8.0446123e-001  9.0171678e-001
  1.6400000e+001  5.8119177e-001  7.8752516e-001  9.2016587e-001  6.1290950e-001  8.0562278e-001  9.0231728e-001
  1.6500000e+001  5.8303687e-001  7.8879910e-001  9.2075240e-001  6.1434131e-001  8.0677735e-001  9.0291376e-001
  1.6600000e+001  5.8487965e-001  7.9006744e-001  9.2133499e-001  6.1576752e-001  8.0792499e-001  9.0350625e-001
  1.6700000e+001  5.8672007e-001  7.9133018e-001  9.2191366e-001  6.1718815e-001  8.0906574e-001  9.0409479e-001
  1.6800000e+001  5.8855806e-001  7.9258731e-001  9.2248844e-001  6.1860323e-001  8.1019964e-001  9.0467940e-001
  1.6900000e+001  5.9039358e-001  7.9383884e-001  9.2305933e-001  6.2001278e-001  8.1132674e-001  9.0526011e-001
  1.7000000e+001  5.9222659e-001  7.9508478e-001  9.2362637e-001  6.2141682e-001  8.1244707e-001  9.0583696e-001
  1.7100000e+001  5.9405704e-001  7.9632511e-001  9.2418957e-001  6.2281538e-001  8.1356067e-001  9.0640996e-001
  1.7200000e+001  5.9588487e-001  7.9755985e-001  9.2474896e-001  6.2420849e-001  8.1466760e-001  9.0697916e-001
  1.7300000e+001  5.9771005e-001  7.9878900e-001  9.2530456e-001  6.2559617e-001  8.1576789e-001  9.0754458e-001
  1.7400000e+001  5.9953253e-001  8.0001256e-001  9.2585638e-001  6.2697844e-001  8.1686157e-001  9.0810625e-001
  1.7500000e+001  6.0135225e-001  8.0123052e-001  9.2640445e-001  6.2835532e-001  8.1794870e-001  9.0866420e-001
  1.7600000e+001  6.0316918e-001  8.0244290e-001  9.2694878e-001  6.2972684e-001  8.1902930e-001  9.0921846e-001
  1.7700000e+001  6.0498327e-001  8.0364970e-001  9.2748941e-001  6.3109303e-001  8.2010343e-001  9.0976905e-001
  1.7800000e+001  6.0679447e-001  8.0485092e-001  9.2802634e-001  6.3245390e-001  8.2117111e-001  9.1031600e-001
  1.7900000e+001  6.0860274e-001  8.0604656e-001  9.2855961e-001  6.3380948e-001  8.2223240e-001  9.1085935e-001
  1.8000000e+001  6.1040804e-001  8.0723663e-001  9.2908923e-001  6.3515979e-001  8.2328732e-001  9.1139911e-001
  1.8100000e+001  6.1221031e-001  8.0842114e-001  9.2961521e-001  6.3650486e-001  8.2433592e-001  9.1193531e-001
  1.8200000e+001  6.1400952e-001  8.0960008e-001  9.3013759e-001  6.3784471e-001  8.2537824e-001  9.1246799e-001
  1.8300000e+001  6.1580562e-001  8.1077347e-001  9.3065639e-001  6.3917935e-001  8.2641431e-001  9.1299716e-001
  1.8400000e+001  6.1759856e-001  8.1194130e-001  9.3117161e-001  6.4050882e-001  8.2744417e-001  9.1352286e-001
  1.8500000e+001  6.1938831e-001  8.1310359e-001  9.3168329e-001  6.4183314e-001  8.2846786e-001  9.1404511e-001
  1.8600000e+001  6.2117482e-001  8.1426034e-001  9.3219144e-001  6.4315232e-001  8.2948542e-001  9.1456393e-001
  1.8700000e+001  6.2295805e-001  8.1541156e-001  9.3269608e-001  6.4446640e-001  8.3049688e-001  9.1507935e-001
  1.8800000e+001  6.2473796e-001  8.1655724e-001  9.3319724e-001  6.4577539e-001  8.3150229e-001  9.1559140e-001
  1.8900000e+001  6.2651450e-001  8.1769741e-001  9.3369493e-001  6.4707931e-001  8.3250168e-001  9.1610010e-001
  1.9000000e+001  6.2828764e-001  8.1883206e-001  9.3418918e-001  6.4837818e-001  8.3349508e-001  9.1660548e-001
  1.9100000e+001  6.3005733e-001  8.1996121e-001  9.3468000e-001  6.4967204e-001  8.3448253e-001  9.1710756e-001
  1.9200000e+001  6.3182353e-001  8.2108485e-001  9.3516741e-001  6.5096089e-001  8.3546408e-001  9.1760637e-001
  1.9300000e+001  6.3358620e-001  8.2220300e-001  9.3565143e-001  6.5224477e-001  8.3643975e-001  9.1810192e-001
  1.9400000e+001  6.3534531e-001  8.2331567e-001  9.3613209e-001  6.5352368e-001  8.3740957e-001  9.1859425e-001
  1.9500000e+001  6.3710080e-001  8.2442286e-001  9.3660940e-001  6.5479766e-001  8.3837360e-001  9.1908337e-001
  1.9600000e+001  6.3885265e-001  8.2552459e-001  9.3708339e-001  6.5606673e-001  8.3933185e-001  9.1956932e-001
  1.9700000e+001  6.4060081e-001  8.2662085e-001  9.3755406e-001  6.5733090e-001  8.4028438e-001  9.2005210e-001
  1.9800000e+001  6.4234525e-001  8.2771167e-001  9.3802145e-001  6.5859019e-001  8.4123120e-001  9.2053176e-001
  1.9900000e+001  6.4408592e-001  8.2879704e-001  9.3848557e-001  6.5984464e-001  8.4217236e-001  9.2100831e-001
  2.0000000e+001  6.4582280e-001  8.2987698e-001  9.3894644e-001  6.6109425e-001  8.4310789e-001  9.2148177e-001
  2.0100000e+001  6.4755584e-001  8.3095150e-001  9.3940408e-001  6.6233905e-001  8.4403782e-001  9.2195216e-001
  2.0200000e+001  6.4928500e-001  8.3202060e-001  9.3985851e-001  6.6357906e-001  8.4496219e-001  9.2241951e-001
  2.0300000e+001  6.5101025e-001  8.3308431e-001  9.4030975e-001  6.6481429e-001  8.4588104e-001  9.2288385e-001
  2.0400000e+001  6.5273155e-001  8.3414261e-001  9.4075781e-001  6.6604478e-001  8.4679439e-001  9.2334518e-001
  2.0500000e+001  6.5444887e-001  8.3519554e-001  9.4120272e-001  6.6727053e-001  8.4770228e-001  9.2380354e-001
  2.0600000e+001  6.5616217e-001  8.3624309e-001  9.4164450e-001  6.6849158e-001  8.4860474e-001  9.2425894e-001
  2.0700000e+001  6.5787141e-001  8.3728529e-001  9.4208317e-001  6.6970793e-001  8.4950181e-001  9.2471141e-001
  2.0800000e+001  6.5957657e-001  8.3832213e-001  9.4251873e-001  6.7091962e-001  8.5039352e-001  9.2516096e-001
  2.0900000e+001  6.6127760e-001  8.3935363e-001  9.4295122e-001  6.7212665e-001  8.5127989e-001  9.2560763e-001
  2.1000000e+001  6.6297448e-001  8.4037981e-001  9.4338065e-001  6.7332905e-001  8.5216097e-001  9.2605142e-001
  2.1100000e+001  6.6466717e-001  8.4140067e-001  9.4380705e-001  6.7452684e-001  8.5303679e-001  9.2649237e-001
  2.1200000e+001  6.6635563e-001  8.4241622e-001  9.4423042e-001  6.7572003e-001  8.5390737e-001  9.2693048e-001
  2.1300000e+001  6.6803984e-001  8.4342648e-001  9.4465078e-001  6.7690865e-001  8.5477275e-001  9.2736578e-001
  2.1400000e+001  6.6971977e-001  8.4443146e-001  9.4506817e-001  6.7809272e-001  8.5563296e-001  9.2779830e-001
  2.1500000e+001  6.7139537e-001  8.4543117e-001  9.4548258e-001  6.7927225e-001  8.5648804e-001  9.2822805e-001
  2.1600000e+001  6.7306662e-001  8.4642563e-001  9.4589405e-001  6.8044727e-001  8.5733800e-001  9.2865504e-001
  2.1700000e+001  6.7473349e-001  8.4741484e-001  9.4630260e-001  6.8161779e-001  8.5818289e-001  9.2907931e-001
  2.1800000e+001  6.7639594e-001  8.4839882e-001  9.4670822e-001  6.8278383e-001  8.5902274e-001  9.2950087e-001
  2.1900000e+001  6.7805396e-001  8.4937759e-001  9.4711096e-001  6.8394541e-001  8.5985757e-001  9.2991973e-001
  2.2000000e+001  6.7970750e-001  8.5035115e-001  9.4751082e-001  6.8510255e-001  8.6068741e-001  9.3033593e-001
  2.2100000e+001  6.8135654e-001  8.5131952e-001  9.4790783e-001  6.8625526e-001  8.6151231e-001  9.3074947e-001
  2.2200000e+001  6.8300105e-001  8.5228271e-001  9.4830200e-001  6.8740357e-001  8.6233227e-001  9.3116038e-001
  2.2300000e+001  6.8464099e-001  8.5324074e-001  9.4869334e-001  6.8854750e-001  8.6314735e-001  9.3156867e-001
  2.2400000e+001  6.8627636e-001  8.5419361e-001  9.4908188e-001  6.8968706e-001  8.6395755e-001  9.3197436e-001
  2.2500000e+001  6.8790711e-001  8.5514135e-001  9.4946764e-001  6.9082227e-001  8.6476293e-001  9.3237748e-001
  2.2600000e+001  6.8953321e-001  8.5608397e-001  9.4985063e-001  6.9195315e-001  8.6556349e-001  9.3277803e-001
  2.2700000e+001  6.9115465e-001  8.5702148e-001  9.5023086e-001  6.9307971e-001  8.6635928e-001  9.3317604e-001
  2.2800000e+001  6.9277139e-001  8.5795390e-001  9.5060837e-001  6.9420198e-001  8.6715032e-001  9.3357153e-001
  2.2900000e+001  6.9438341e-001  8.5888123e-001  9.5098316e-001  6.9531997e-001  8.6793665e-001  9.3396451e-001
  2.3000000e+001  6.9599069e-001  8.5980351e-001  9.5135525e-001  6.9643370e-001  8.6871828e-001  9.3435500e-001
  2.3100000e+001  6.9759319e-001  8.6072073e-001  9.5172466e-001  6.9754319e-001  8.6949525e-001  9.3474302e-001
  2.3200000e+001  6.9919090e-001  8.6163291e-001  9.5209140e-001  6.9864845e-001  8.7026758e-001  9.3512859e-001
  2.3300000e+001  7.0078379e-001  8.6254008e-001  9.5245550e-001  6.9974951e-001  8.7103531e-001  9.3551172e-001
  2.3400000e+001  7.0237183e-001  8.6344224e-001  9.5281697e-001  7.0084637e-001  8.7179846e-001  9.3589242e-001
  2.3500000e+001  7.0395500e-001  8.6433941e-001  9.5317582e-001  7.0193906e-001  8.7255706e-001  9.3627073e-001
  2.3600000e+001  7.0553329e-001  8.6523161e-001  9.5353208e-001  7.0302760e-001  8.7331113e-001  9.3664664e-001
  2.3700000e+001  7.0710666e-001  8.6611885e-001  9.5388576e-001  7.0411200e-001  8.7406071e-001  9.3702019e-001
  2.3800000e+001  7.0867509e-001  8.6700115e-001  9.5423688e-001  7.0519227e-001  8.7480582e-001  9.3739138e-001
  2.3900000e+001  7.1023857e-001  8.6787851e-001  9.5458545e-001  7.0626845e-001  8.7554649e-001  9.3776024e-001
  2.4000000e+001  7.1179707e-001  8.6875097e-001  9.5493149e-001  7.0734053e-001  8.7628274e-001  9.3812678e-001
  2.4100000e+001  7.1335057e-001  8.6961853e-001  9.5527502e-001  7.0840854e-001  8.7701461e-001  9.3849101e-001
  2.4200000e+001  7.1489905e-001  8.7048121e-001  9.5561605e-001  7.0947250e-001  8.7774211e-001  9.3885295e-001
  2.4300000e+001  7.1644249e-001  8.7133903e-001  9.5595460e-001  7.1053242e-001  8.7846528e-001  9.3921262e-001
  2.4400000e+001  7.1798087e-001  8.7219200e-001  9.5629069e-001  7.1158832e-001  8.7918414e-001  9.3957003e-001
  2.4500000e+001  7.1951417e-001  8.7304014e-001  9.5662433e-001  7.1264021e-001  8.7989871e-001  9.3992520e-001
  2.4600000e+001  7.2104238e-001  8.7388346e-001  9.5695553e-001  7.1368812e-001  8.8060903e-001  9.4027814e-001
  2.4700000e+001  7.2256547e-001  8.7472199e-001  9.5728432e-001  7.1473205e-001  8.8131511e-001  9.4062887e-001
  2.4800000e+001  7.2408342e-001  8.7555574e-001  9.5761071e-001  7.1577203e-001  8.8201699e-001  9.4097740e-001
  2.4900000e+001  7.2559623e-001  8.7638472e-001  9.5793472e-001  7.1680807e-001  8.8271469e-001  9.4132376e-001
  2.5000000e+001  7.2710386e-001  8.7720895e-001  9.5825636e-001  7.1784019e-001  8.8340823e-001  9.4166795e-001
  2.5100000e+001  7.2860631e-001  8.7802845e-001  9.5857564e-001  7.1886839e-001  8.8409764e-001  9.4200999e-001
  2.5200000e+001  7.3010356e-001  8.7884324e-001  9.5889259e-001  7.1989271e-001  8.8478295e-001  9.4234989e-001
  2.5300000e+001  7.3159559e-001  8.7965333e-001  9.5920721e-001  7.2091315e-001  8.8546417e-001  9.4268767e-001
  2.5400000e+001  7.3308239e-001  8.8045874e-001  9.5951953e-001  7.2192972e-001  8.8614134e-001  9.4302334e-001
  2.5500000e+001  7.3456394e-001  8.8125949e-001  9.5982956e-001  7.2294246e-001  8.8681447e-001  9.4335692e-001
  2.5600000e+001  7.3604023e-001  8.8205560e-001  9.6013731e-001  7.2395136e-001  8.8748360e-001  9.4368842e-001
  2.5700000e+001  7.3751124e-001  8.8284707e-001  9.6044280e-001  7.2495645e-001  8.8814874e-001  9.4401786e-001
  2.5800000e+001  7.3897696e-001  8.8363394e-001  9.6074604e-001  7.2595775e-001  8.8880993e-001  9.4434525e-001
  2.5900000e+001  7.4043738e-001  8.8441621e-001  9.6104706e-001  7.2695526e-001  8.8946717e-001  9.4467060e-001
  2.6000000e+001  7.4189248e-001  8.8519391e-001  9.6134586e-001  7.2794900e-001  8.9012051e-001  9.4499393e-001
  2.6100000e+001  7.4334225e-001  8.8596705e-001  9.6164246e-001  7.2893900e-001  8.9076996e-001  9.4531525e-001
  2.6200000e+001  7.4478668e-001  8.8673564e-001  9.6193687e-001  7.2992525e-001  8.9141554e-001  9.4563457e-001
  2.6300000e+001  7.4622576e-001  8.8749972e-001  9.6222912e-001  7.3090778e-001  8.9205728e-001  9.4595192e-001
  2.6400000e+001  7.4765947e-001  8.8825929e-001  9.6251920e-001  7.3188661e-001  8.9269520e-001  9.4626729e-001
  2.6500000e+001  7.4908780e-001  8.8901437e-001  9.6280715e-001  7.3286175e-001  8.9332933e-001  9.4658071e-001
  2.6600000e+001  7.5051075e-001  8.8976499e-001  9.6309296e-001  7.3383320e-001  8.9395968e-001  9.4689219e-001
  2.6700000e+001  7.5192830e-001  8.9051115e-001  9.6337667e-001  7.3480100e-001  8.9458628e-001  9.4720174e-001
  2.6800000e+001  7.5334044e-001  8.9125288e-001  9.6365827e-001  7.3576515e-001  8.9520916e-001  9.4750938e-001
  2.6900000e+001  7.5474716e-001  8.9199020e-001  9.6393779e-001  7.3672566e-001  8.9582832e-001  9.4781511e-001
  2.7000000e+001  7.5614846e-001  8.9272311e-001  9.6421525e-001  7.3768256e-001  8.9644381e-001  9.4811896e-001
  2.7100000e+001  7.5754433e-001  8.9345165e-001  9.6449064e-001  7.3863586e-001  8.9705564e-001  9.4842092e-001
  2.7200000e+001  7.5893475e-001  8.9417583e-001  9.6476399e-001  7.3958556e-001  8.9766382e-001  9.4872103e-001
  2.7300000e+001  7.6031972e-001  8.9489566e-001  9.6503532e-001  7.4053170e-001  8.9826839e-001  9.4901928e-001
  2.7400000e+001  7.6169923e-001  8.9561117e-001  9.6530463e-001  7.4147427e-001  8.9886936e-001  9.4931569e-001
  2.7500000e+001  7.6307328e-001  8.9632237e-001  9.6557194e-001  7.4241329e-001  8.9946676e-001  9.4961027e-001
  2.7600000e+001  7.6444185e-001  8.9702929e-001  9.6583727e-001  7.4334879e-001  9.0006061e-001  9.4990304e-001
  2.7700000e+001  7.6580495e-001  8.9773193e-001  9.6610062e-001  7.4428076e-001  9.0065093e-001  9.5019400e-001
  2.7800000e+001  7.6716256e-001  8.9843032e-001  9.6636201e-001  7.4520924e-001  9.0123774e-001  9.5048318e-001
  2.7900000e+001  7.6851468e-001  8.9912448e-001  9.6662145e-001  7.4613422e-001  9.0182106e-001  9.5077058e-001
  2.8000000e+001  7.6986130e-001  8.9981443e-001  9.6687897e-001  7.4705573e-001  9.0240091e-001  9.5105621e-001
  2.8100000e+001  7.7120242e-001  9.0050017e-001  9.6713456e-001  7.4797378e-001  9.0297731e-001  9.5134008e-001
  2.8200000e+001  7.7253803e-001  9.0118174e-001  9.6738825e-001  7.4888837e-001  9.0355029e-001  9.5162221e-001
  2.8300000e+001  7.7386814e-001  9.0185915e-001  9.6764005e-001  7.4979954e-001  9.0411986e-001  9.5190261e-001
  2.8400000e+001  7.7519273e-001  9.0253242e-001  9.6788996e-001  7.5070729e-001  9.0468605e-001  9.5218129e-001
  2.8500000e+001  7.7651180e-001  9.0320156e-001  9.6813801e-001  7.5161162e-001  9.0524887e-001  9.5245826e-001
  2.8600000e+001  7.7782535e-001  9.0386660e-001  9.6838421e-001  7.5251257e-001  9.0580835e-001  9.5273354e-001
  2.8700000e+001  7.7913337e-001  9.0452755e-001  9.6862856e-001  7.5341014e-001  9.0636451e-001  9.5300712e-001
  2.8800000e+001  7.8043587e-001  9.0518444e-001  9.6887109e-001  7.5430434e-001  9.0691735e-001  9.5327904e-001
  2.8900000e+001  7.8173284e-001  9.0583728e-001  9.6911180e-001  7.5519519e-001  9.0746692e-001  9.5354928e-001
  2.9000000e+001  7.8302428e-001  9.0648608e-001  9.6935071e-001  7.5608269e-001  9.0801322e-001  9.5381788e-001
  2.9100000e+001  7.8431018e-001  9.0713088e-001  9.6958783e-001  7.5696688e-001  9.0855627e-001  9.5408483e-001
  2.9200000e+001  7.8559055e-001  9.0777168e-001  9.6982318e-001  7.5784775e-001  9.0909610e-001  9.5435016e-001
  2.9300000e+001  7.8686539e-001  9.0840850e-001  9.7005675e-001  7.5872532e-001  9.0963272e-001  9.5461386e-001
  2.9400000e+001  7.8813469e-001  9.0904137e-001  9.7028858e-001  7.5959960e-001  9.1016616e-001  9.5487595e-001
  2.9500000e+001  7.8939845e-001  9.0967030e-001  9.7051866e-001  7.6047061e-001  9.1069642e-001  9.5513645e-001
  2.9600000e+001  7.9065668e-001  9.1029532e-001  9.7074702e-001  7.6133837e-001  9.1122354e-001  9.5539535e-001
  2.9700000e+001  7.9190937e-001  9.1091643e-001  9.7097366e-001  7.6220287e-001  9.1174753e-001  9.5565268e-001
  2.9800000e+001  7.9315653e-001  9.1153365e-001  9.7119860e-001  7.6306414e-001  9.1226840e-001  9.5590844e-001
  2.9900000e+001  7.9439816e-001  9.1214702e-001  9.7142184e-001  7.6392219e-001  9.1278618e-001  9.5616264e-001
  3.0000000e+001  7.9563425e-001  9.1275653e-001  9.7164341e-001  7.6477702e-001  9.1330089e-001  9.5641530e-001
  3.0100000e+001  7.9686481e-001  9.1336222e-001  9.7186330e-001  7.6562867e-001  9.1381254e-001  9.5666641e-001
  3.0200000e+001  7.9808984e-001  9.1396411e-001  9.7208155e-001  7.6647712e-001  9.1432116e-001  9.5691601e-001
  3.0300000e+001  7.9930934e-001  9.1456220e-001  9.7229814e-001  7.6732241e-001  9.1482675e-001  9.5716408e-001
  3.0400000e+001  8.0052332e-001  9.1515652e-001  9.7251311e-001  7.6816454e-001  9.1532934e-001  9.5741065e-001
  3.0500000e+001  8.0173177e-001  9.1574708e-001  9.7272645e-001  7.6900352e-001  9.1582895e-001  9.5765572e-001
  3.0600000e+001  8.0293471e-001  9.1633392e-001  9.7293818e-001  7.6983937e-001  9.1632560e-001  9.5789930e-001
  3.0700000e+001  8.0413213e-001  9.1691703e-001  9.7314831e-001  7.7067210e-001  9.1681929e-001  9.5814141e-001
  3.0800000e+001  8.0532405e-001  9.1749645e-001  9.7335686e-001  7.7150172e-001  9.1731006e-001  9.5838205e-001
  3.0900000e+001  8.0651045e-001  9.1807219e-001  9.7356383e-001  7.7232824e-001  9.1779791e-001  9.5862123e-001
  3.1000000e+001  8.0769135e-001  9.1864426e-001  9.7376924e-001  7.7315168e-001  9.1828287e-001  9.5885896e-001
  3.1100000e+001  8.0886675e-001  9.1921269e-001  9.7397309e-001  7.7397205e-001  9.1876495e-001  9.5909525e-001
  3.1200000e+001  8.1003665e-001  9.1977750e-001  9.7417540e-001  7.7478936e-001  9.1924417e-001  9.5933011e-001
  3.1300000e+001  8.1120107e-001  9.2033870e-001  9.7437618e-001  7.7560361e-001  9.1972055e-001  9.5956355e-001
  3.1400000e+001  8.1236000e-001  9.2089632e-001  9.7457544e-001  7.7641484e-001  9.2019410e-001  9.5979558e-001
  3.1500000e+001  8.1351345e-001  9.2145036e-001  9.7477319e-001  7.7722303e-001  9.2066484e-001  9.6002621e-001
  3.1600000e+001  8.1466143e-001  9.2200085e-001  9.7496945e-001  7.7802822e-001  9.2113279e-001  9.6025544e-001
  3.1700000e+001  8.1580395e-001  9.2254781e-001  9.7516421e-001  7.7883041e-001  9.2159796e-001  9.6048329e-001
  3.1800000e+001  8.1694100e-001  9.2309125e-001  9.7535750e-001  7.7962960e-001  9.2206037e-001  9.6070977e-001
  3.1900000e+001  8.1807260e-001  9.2363120e-001  9.7554932e-001  7.8042582e-001  9.2252004e-001  9.6093488e-001
  3.2000000e+001  8.1919875e-001  9.2416766e-001  9.7573968e-001  7.8121908e-001  9.2297698e-001  9.6115863e-001
