  0.0000000e+000  2.4730087e+002  2.5442651e+002  2.5403451e+002  2.7677331e+002  2.5673561e+002
  2.0000000e+000  2.5512800e+002  2.5074244e+002  2.4306808e+002  2.7677331e+002  2.5403595e+002
  4.0000000e+000  2.5083943e+002  2.4941654e+002  2.4271139e+002  2.7677331e+002  2.5167759e+002
  8.0000000e+000  2.4873439e+002  2.4262137e+002  2.3625692e+002  2.7677331e+002  2.4711496e+002
  1.6000000e+001  2.3203377e+002  2.2667654e+002  2.2337804e+002  2.7677331e+002  2.3443934e+002
  0.0000000e+000  5.2325591e+000  4.8791491e+000  4.8126336e+000  5.7453849e+000  4.6411107e+000
  2.0000000e+000  5.7538974e+000  4.7125146e+000  5.2684588e+000  5.7453849e+000  4.8893858e+000
  4.0000000e+000  4.4602636e+000  5.8360514e+000  5.1678706e+000  5.7453849e+000  4.7951418e+000
  8.0000000e+000  6.1242156e+000  5.3563908e+000  5.7334404e+000  5.7453849e+000  5.1589234e+000
  1.6000000e+001  5.8711864e+000  5.5008300e+000  5.3359771e+000  5.7453849e+000  5.1060442e+000
