  0.0000000e+000  1.9757178e+002  1.9516037e+002  2.0204806e+002  2.8845660e+002  2.1326888e+002
  4.0000000e+000  2.0041252e+002  1.9712162e+002  2.0036148e+002  2.8845660e+002  2.1490759e+002
  8.0000000e+000  2.0397010e+002  1.9046884e+002  1.9111730e+002  2.8845660e+002  2.0883242e+002
  1.6000000e+001  1.9278869e+002  1.7857074e+002  1.7601258e+002  2.8845660e+002  1.9835596e+002
  3.2000000e+001  1.7039520e+002  1.5829492e+002  1.6016116e+002  2.8845660e+002  1.8240353e+002
  0.0000000e+000  6.9165214e+000  7.2847818e+000  6.1076475e+000  5.4601076e+000  5.6038993e+000
  4.0000000e+000  6.4304109e+000  7.3935857e+000  6.5336826e+000  5.4601076e+000  5.8741100e+000
  8.0000000e+000  6.4269211e+000  6.3755780e+000  6.7190656e+000  5.4601076e+000  5.4656788e+000
  1.6000000e+001  6.7617940e+000  7.1173582e+000  5.8513726e+000  5.4601076e+000  5.5409390e+000
  3.2000000e+001  8.5147431e+000  7.6042309e+000  6.7850882e+000  5.4601076e+000  6.0895494e+000
