  0.0000000e+000 -2.1177794e+000  4.7893084e-001  0.0000000e+000  0.0000000e+000  3.6618631e+000  6.0018015e-001
  2.5000000e+001 -2.3332457e+000  4.8089991e-001  0.0000000e+000  0.0000000e+000  3.5702809e+000  5.9798882e-001
  5.0000000e+001 -2.5676484e+000  4.6444519e-001  0.0000000e+000  0.0000000e+000  3.3798945e+000  5.9424883e-001
  7.5000000e+001 -2.7712085e+000  4.5022161e-001  0.0000000e+000  0.0000000e+000  3.2021822e+000  5.8378666e-001
  1.0000000e+002 -2.9306446e+000  4.7297108e-001  0.0000000e+000  0.0000000e+000  3.1777839e+000  5.7112336e-001
  1.2500000e+002 -3.0642479e+000  5.1144638e-001  0.0000000e+000  0.0000000e+000  3.2931268e+000  5.6946727e-001
  1.5000000e+002 -3.1860728e+000  5.3173502e-001  0.0000000e+000  0.0000000e+000  3.4023743e+000  5.7488517e-001
  1.7500000e+002 -3.2356053e+000  5.2531387e-001  0.0000000e+000  0.0000000e+000  3.3912060e+000  5.7146961e-001
  2.0000000e+002 -3.1000229e+000  5.0998394e-001  0.0000000e+000  0.0000000e+000  3.1897989e+000  5.4296722e-001
  2.2500000e+002 -2.7587240e+000  4.9157750e-001  0.0000000e+000  0.0000000e+000  2.7685728e+000  5.0539231e-001
  2.5000000e+002 -2.2885223e+000  4.6602080e-001  0.0000000e+000  0.0000000e+000  2.2434383e+000  4.9938196e-001
  2.7500000e+002 -1.7571879e+000  4.5112402e-001  0.0000000e+000  0.0000000e+000  1.8131373e+000  5.2242989e-001
  3.0000000e+002 -1.2243365e+000  4.4128125e-001  0.0000000e+000  0.0000000e+000  1.5928308e+000  5.4066914e-001
  3.2500000e+002 -7.6849110e-001  4.1703898e-001  0.0000000e+000  0.0000000e+000  1.5259261e+000  5.4188597e-001
  3.5000000e+002 -4.4579819e-001  3.8233588e-001  0.0000000e+000  0.0000000e+000  1.4505001e+000  5.5051929e-001
  3.7500000e+002 -2.4034074e-001  3.5190086e-001  0.0000000e+000  0.0000000e+000  1.3306004e+000  5.8533999e-001
  4.0000000e+002 -1.0108557e-001  3.4227051e-001  0.0000000e+000  0.0000000e+000  1.2463067e+000  6.1633968e-001
  4.2500000e+002 -2.5772322e-002  3.6037608e-001  0.0000000e+000  0.0000000e+000  1.1645336e+000  6.1746469e-001
  4.5000000e+002 -2.5106852e-002  3.7978607e-001  0.0000000e+000  0.0000000e+000  9.9906555e-001  5.9194999e-001
  4.7500000e+002 -6.8943566e-002  3.9061161e-001  0.0000000e+000  0.0000000e+000  7.7899694e-001  5.5138833e-001
  5.0000000e+002 -1.5101535e-001  4.0056903e-001  0.0000000e+000  0.0000000e+000  5.8743266e-001  5.1839334e-001
  5.2500000e+002 -2.7899690e-001  4.0410770e-001  0.0000000e+000  0.0000000e+000  4.6832222e-001  5.0383595e-001
  5.5000000e+002 -3.7375861e-001  3.9867470e-001  0.0000000e+000  0.0000000e+000  4.0760847e-001  4.7600422e-001
  5.7500000e+002 -3.4696309e-001  3.8836648e-001  0.0000000e+000  0.0000000e+000  3.3664613e-001  4.1038251e-001
  6.0000000e+002 -2.7050847e-001  3.7671458e-001  0.0000000e+000  0.0000000e+000  2.2766933e-001  3.3974454e-001
  6.2500000e+002 -2.7246434e-001  3.6486813e-001  0.0000000e+000  0.0000000e+000  1.6502345e-001  3.2400411e-001
  6.5000000e+002 -3.0558384e-001  3.5343302e-001  0.0000000e+000  0.0000000e+000  2.0302048e-001  3.7294678e-001
  6.7500000e+002 -2.2740234e-001  3.5752045e-001  0.0000000e+000  0.0000000e+000  2.5423699e-001  4.3403390e-001
  7.0000000e+002 -4.4376617e-002  3.7869310e-001  0.0000000e+000  0.0000000e+000  2.6118673e-001  4.6141954e-001
