 -3.2000000e+001  1.8099207e+002  1.7994090e+002  1.9737428e+002  2.9409038e+002  2.0145196e+002
 -1.6000000e+001  1.9240595e+002  1.9180015e+002  2.0404616e+002  2.9409038e+002  2.1142738e+002
 -8.0000000e+000  1.9335247e+002  1.9428837e+002  2.0806778e+002  2.9409038e+002  2.1322231e+002
 -4.0000000e+000  1.9751077e+002  1.9838085e+002  2.0553393e+002  2.9409038e+002  2.1519001e+002
  0.0000000e+000  1.9696406e+002  1.9405102e+002  1.9880016e+002  2.9409038e+002  2.1288993e+002
  4.0000000e+000  1.9331377e+002  1.9946496e+002  1.9486903e+002  2.9409038e+002  2.1303544e+002
  8.0000000e+000  1.9414771e+002  1.8991624e+002  1.8689399e+002  2.9409038e+002  2.0615519e+002
  1.6000000e+001  1.8404020e+002  1.7677666e+002  1.7307004e+002  2.9409038e+002  1.9566372e+002
  3.2000000e+001  1.6680672e+002  1.5211082e+002  1.4463409e+002  2.9409038e+002  1.7648127e+002
 -3.2000000e+001  6.1069063e+000  6.3689327e+000  6.9036266e+000  3.4721667e+000  5.1726629e+000
 -1.6000000e+001  6.2644999e+000  6.5782130e+000  7.4787729e+000  3.4721667e+000  5.2855246e+000
 -8.0000000e+000  5.9507707e+000  5.5776026e+000  5.2565302e+000  3.4721667e+000  4.4990424e+000
 -4.0000000e+000  5.8847334e+000  6.0356500e+000  6.6426697e+000  3.4721667e+000  4.9356994e+000
  0.0000000e+000  5.5668831e+000  5.8356368e+000  5.5924641e+000  3.4721667e+000  4.7212873e+000
  4.0000000e+000  6.6996341e+000  6.2769293e+000  6.5661471e+000  3.4721667e+000  5.1975225e+000
  8.0000000e+000  6.7083029e+000  5.9825550e+000  5.5984701e+000  3.4721667e+000  4.8656781e+000
  1.6000000e+001  6.5785376e+000  6.5088748e+000  5.4924562e+000  3.4721667e+000  5.0171859e+000
  3.2000000e+001  7.7824694e+000  7.3499857e+000  6.5185840e+000  3.4721667e+000  5.8642801e+000
