  0.0000000e+000  2.6603061e-001  5.1781885e-001  7.3696647e-001  2.7650629e-001  4.7520537e-001  7.0360560e-001
  4.0000000e+000  3.3315043e-001  5.7588953e-001  8.2767493e-001  3.6507114e-001  6.0109491e-001  7.7451647e-001
  8.0000000e+000  4.5471001e-001  6.6522746e-001  8.6399901e-001  4.8542126e-001  6.7281873e-001  8.4712824e-001
  1.6000000e+001  5.9792727e-001  7.9490726e-001  9.1119497e-001  6.0687324e-001  7.9800251e-001  8.9232424e-001
  3.2000000e+001  8.0152211e-001  9.1868541e-001  9.7451204e-001  7.7903534e-001  9.2480317e-001  9.6258861e-001
  0.0000000e+000  2.4816312e-002  1.5506966e-002  1.7271434e-002  2.2334566e-002  1.4625209e-002  1.8978306e-002
  4.0000000e+000  2.1418436e-002  1.8049678e-002  1.3306645e-002  2.5436830e-002  1.8825444e-002  1.5036479e-002
  8.0000000e+000  3.2726356e-002  1.9813063e-002  1.3094320e-002  2.6795382e-002  2.0168805e-002  1.4027316e-002
  1.6000000e+001  2.9123763e-002  1.8619952e-002  1.0490869e-002  2.7311637e-002  1.6801869e-002  1.3233044e-002
  3.2000000e+001  2.4040298e-002  1.2046346e-002  6.0606863e-003  2.4879902e-002  1.1045671e-002  8.5061062e-003
  0.0000000e+000  2.6146715e-001  5.1217416e-001  7.4085570e-001  2.7301856e-001  4.7806847e-001  7.0288378e-001
  1.0000000e-001  2.6294373e-001  5.1336416e-001  7.4440823e-001  2.7636062e-001  4.8137931e-001  7.0616595e-001
  2.0000000e-001  2.6468585e-001  5.1480650e-001  7.4734586e-001  2.7952555e-001  4.8462025e-001  7.0899293e-001
  3.0000000e-001  2.6654170e-001  5.1635935e-001  7.5007020e-001  2.8261857e-001  4.8782285e-001  7.1165486e-001
  4.0000000e-001  2.6847358e-001  5.1798655e-001  7.5265591e-001  2.8566136e-001  4.9099394e-001  7.1420745e-001
  5.0000000e-001  2.7046254e-001  5.1966970e-001  7.5513737e-001  2.8866417e-001  4.9413683e-001  7.1667660e-001
  6.0000000e-001  2.7249693e-001  5.2139743e-001  7.5753445e-001  2.9163304e-001  4.9725355e-001  7.1907740e-001
  7.0000000e-001  2.7456881e-001  5.2316190e-001  7.5986017e-001  2.9457199e-001  5.0034550e-001  7.2141975e-001
  8.0000000e-001  2.7667235e-001  5.2495736e-001  7.6212374e-001  2.9748389e-001  5.0341369e-001  7.2371072e-001
  9.0000000e-001  2.7880310e-001  5.2677937e-001  7.6433203e-001  3.0037088e-001  5.0645893e-001  7.2595557e-001
  1.0000000e+000  2.8095752e-001  5.2862438e-001  7.6649036e-001  3.0323467e-001  5.0948187e-001  7.2815844e-001
  1.1000000e+000  2.8313273e-001  5.3048951e-001  7.6860301e-001  3.0607660e-001  5.1248306e-001  7.3032260e-001
  1.2000000e+000  2.8532632e-001  5.3237231e-001  7.7067347e-001  3.0889780e-001  5.1546297e-001  7.3245079e-001
  1.3000000e+000  2.8753626e-001  5.3427074e-001  7.7270467e-001  3.1169922e-001  5.1842200e-001  7.3454529e-001
  1.4000000e+000  2.8976079e-001  5.3618302e-001  7.7469909e-001  3.1448166e-001  5.2136053e-001  7.3660802e-001
  1.5000000e+000  2.9199840e-001  5.3810759e-001  7.7665888e-001  3.1724583e-001  5.2427888e-001  7.3864068e-001
  1.6000000e+000  2.9424774e-001  5.4004309e-001  7.7858591e-001  3.1999234e-001  5.2717735e-001  7.4064472e-001
  1.7000000e+000  2.9650764e-001  5.4198830e-001  7.8048181e-001  3.2272172e-001  5.3005623e-001  7.4262145e-001
  1.8000000e+000  2.9877703e-001  5.4394215e-001  7.8234806e-001  3.2543448e-001  5.3291577e-001  7.4457202e-001
  1.9000000e+000  3.0105496e-001  5.4590364e-001  7.8418596e-001  3.2813104e-001  5.3575620e-001  7.4649747e-001
  2.0000000e+000  3.0334058e-001  5.4787189e-001  7.8599670e-001  3.3081180e-001  5.3857777e-001  7.4839873e-001
  2.1000000e+000  3.0563309e-001  5.4984610e-001  7.8778134e-001  3.3347713e-001  5.4138067e-001  7.5027666e-001
  2.2000000e+000  3.0793178e-001  5.5182551e-001  7.8954086e-001  3.3612735e-001  5.4416513e-001  7.5213204e-001
  2.3000000e+000  3.1023599e-001  5.5380946e-001  7.9127615e-001  3.3876277e-001  5.4693132e-001  7.5396558e-001
  2.4000000e+000  3.1254512e-001  5.5579730e-001  7.9298805e-001  3.4138368e-001  5.4967944e-001  7.5577794e-001
  2.5000000e+000  3.1485861e-001  5.5778847e-001  7.9467731e-001  3.4399034e-001  5.5240966e-001  7.5756974e-001
  2.6000000e+000  3.1717595e-001  5.5978242e-001  7.9634464e-001  3.4658300e-001  5.5512217e-001  7.5934155e-001
  2.7000000e+000  3.1949664e-001  5.6177866e-001  7.9799070e-001  3.4916188e-001  5.5781712e-001  7.6109391e-001
  2.8000000e+000  3.2182023e-001  5.6377670e-001  7.9961611e-001  3.5172721e-001  5.6049468e-001  7.6282730e-001
  2.9000000e+000  3.2414632e-001  5.6577612e-001  8.0122144e-001  3.5427918e-001  5.6315500e-001  7.6454220e-001
  3.0000000e+000  3.2647450e-001  5.6777650e-001  8.0280723e-001  3.5681800e-001  5.6579823e-001  7.6623905e-001
  3.1000000e+000  3.2880440e-001  5.6977746e-001  8.0437400e-001  3.5934384e-001  5.6842453e-001  7.6791827e-001
  3.2000000e+000  3.3113568e-001  5.7177864e-001  8.0592222e-001  3.6185689e-001  5.7103404e-001  7.6958026e-001
  3.3000000e+000  3.3346801e-001  5.7377970e-001  8.0745235e-001  3.6435729e-001  5.7362690e-001  7.7122537e-001
  3.4000000e+000  3.3580108e-001  5.7578030e-001  8.0896483e-001  3.6684522e-001  5.7620325e-001  7.7285398e-001
  3.5000000e+000  3.3813459e-001  5.7778016e-001  8.1046006e-001  3.6932082e-001  5.7876321e-001  7.7446642e-001
  3.6000000e+000  3.4046827e-001  5.7977898e-001  8.1193843e-001  3.7178424e-001  5.8130694e-001  7.7606300e-001
  3.7000000e+000  3.4280186e-001  5.8177648e-001  8.1340031e-001  3.7423562e-001  5.8383454e-001  7.7764405e-001
  3.8000000e+000  3.4513511e-001  5.8377241e-001  8.1484606e-001  3.7667509e-001  5.8634616e-001  7.7920984e-001
  3.9000000e+000  3.4746777e-001  5.8576653e-001  8.1627602e-001  3.7910278e-001  5.8884191e-001  7.8076068e-001
  4.0000000e+000  3.4979964e-001  5.8775860e-001  8.1769051e-001  3.8151882e-001  5.9132191e-001  7.8229681e-001
  4.1000000e+000  3.5213048e-001  5.8974839e-001  8.1908985e-001  3.8392331e-001  5.9378630e-001  7.8381852e-001
  4.2000000e+000  3.5446010e-001  5.9173570e-001  8.2047432e-001  3.8631638e-001  5.9623518e-001  7.8532603e-001
  4.3000000e+000  3.5678830e-001  5.9372033e-001  8.2184422e-001  3.8869815e-001  5.9866868e-001  7.8681961e-001
  4.4000000e+000  3.5911489e-001  5.9570208e-001  8.2319981e-001  3.9106870e-001  6.0108690e-001  7.8829947e-001
  4.5000000e+000  3.6143970e-001  5.9768077e-001  8.2454138e-001  3.9342816e-001  6.0348996e-001  7.8976584e-001
  4.6000000e+000  3.6376256e-001  5.9965623e-001  8.2586916e-001  3.9577663e-001  6.0587798e-001  7.9121894e-001
  4.7000000e+000  3.6608330e-001  6.0162828e-001  8.2718341e-001  3.9811419e-001  6.0825106e-001  7.9265897e-001
  4.8000000e+000  3.6840177e-001  6.0359678e-001  8.2848437e-001  4.0044095e-001  6.1060931e-001  7.9408615e-001
  4.9000000e+000  3.7071781e-001  6.0556157e-001  8.2977225e-001  4.0275701e-001  6.1295284e-001  7.9550065e-001
  5.0000000e+000  3.7303130e-001  6.0752249e-001  8.3104730e-001  4.0506244e-001  6.1528175e-001  7.9690268e-001
  5.1000000e+000  3.7534207e-001  6.0947942e-001  8.3230971e-001  4.0735734e-001  6.1759615e-001  7.9829241e-001
  5.2000000e+000  3.7765001e-001  6.1143222e-001  8.3355970e-001  4.0964180e-001  6.1989615e-001  7.9967003e-001
  5.3000000e+000  3.7995499e-001  6.1338076e-001  8.3479747e-001  4.1191590e-001  6.2218183e-001  8.0103570e-001
  5.4000000e+000  3.8225689e-001  6.1532492e-001  8.3602322e-001  4.1417972e-001  6.2445331e-001  8.0238960e-001
  5.5000000e+000  3.8455558e-001  6.1726458e-001  8.3723712e-001  4.1643335e-001  6.2671069e-001  8.0373189e-001
  5.6000000e+000  3.8685096e-001  6.1919963e-001  8.3843938e-001  4.1867685e-001  6.2895405e-001  8.0506272e-001
  5.7000000e+000  3.8914292e-001  6.2112997e-001  8.3963016e-001  4.2091031e-001  6.3118351e-001  8.0638226e-001
  5.8000000e+000  3.9143135e-001  6.2305548e-001  8.4080964e-001  4.2313381e-001  6.3339915e-001  8.0769065e-001
  5.9000000e+000  3.9371616e-001  6.2497607e-001  8.4197799e-001  4.2534741e-001  6.3560107e-001  8.0898805e-001
  6.0000000e+000  3.9599724e-001  6.2689165e-001  8.4313537e-001  4.2755119e-001  6.3778937e-001  8.1027458e-001
  6.1000000e+000  3.9827450e-001  6.2880213e-001  8.4428194e-001  4.2974522e-001  6.3996414e-001  8.1155040e-001
  6.2000000e+000  4.0054786e-001  6.3070741e-001  8.4541786e-001  4.3192956e-001  6.4212546e-001  8.1281564e-001
  6.3000000e+000  4.0281722e-001  6.3260742e-001  8.4654329e-001  4.3410430e-001  6.4427344e-001  8.1407043e-001
  6.4000000e+000  4.0508251e-001  6.3450207e-001  8.4765836e-001  4.3626949e-001  6.4640817e-001  8.1531490e-001
  6.5000000e+000  4.0734364e-001  6.3639129e-001  8.4876322e-001  4.3842519e-001  6.4852972e-001  8.1654918e-001
  6.6000000e+000  4.0960054e-001  6.3827501e-001  8.4985801e-001  4.4057148e-001  6.5063820e-001  8.1777340e-001
  6.7000000e+000  4.1185313e-001  6.4015315e-001  8.5094288e-001  4.4270842e-001  6.5273368e-001  8.1898767e-001
  6.8000000e+000  4.1410134e-001  6.4202564e-001  8.5201795e-001  4.4483606e-001  6.5481627e-001  8.2019212e-001
  6.9000000e+000  4.1634509e-001  6.4389243e-001  8.5308335e-001  4.4695448e-001  6.5688603e-001  8.2138686e-001
  7.0000000e+000  4.1858433e-001  6.4575344e-001  8.5413922e-001  4.4906372e-001  6.5894307e-001  8.2257200e-001
  7.1000000e+000  4.2081899e-001  6.4760863e-001  8.5518567e-001  4.5116386e-001  6.6098746e-001  8.2374766e-001
  7.2000000e+000  4.2304900e-001  6.4945792e-001  8.5622284e-001  4.5325494e-001  6.6301928e-001  8.2491394e-001
  7.3000000e+000  4.2527431e-001  6.5130128e-001  8.5725084e-001  4.5533703e-001  6.6503863e-001  8.2607096e-001
  7.4000000e+000  4.2749485e-001  6.5313864e-001  8.5826978e-001  4.5741018e-001  6.6704558e-001  8.2721881e-001
  7.5000000e+000  4.2971058e-001  6.5496996e-001  8.5927979e-001  4.5947444e-001  6.6904021e-001  8.2835761e-001
  7.6000000e+000  4.3192143e-001  6.5679519e-001  8.6028097e-001  4.6152988e-001  6.7102261e-001  8.2948744e-001
  7.7000000e+000  4.3412735e-001  6.5861428e-001  8.6127344e-001  4.6357655e-001  6.7299286e-001  8.3060841e-001
  7.8000000e+000  4.3632830e-001  6.6042719e-001  8.6225730e-001  4.6561450e-001  6.7495103e-001  8.3172063e-001
  7.9000000e+000  4.3852423e-001  6.6223387e-001  8.6323266e-001  4.6764378e-001  6.7689721e-001  8.3282417e-001
  8.0000000e+000  4.4071508e-001  6.6403430e-001  8.6419961e-001  4.6966445e-001  6.7883147e-001  8.3391914e-001
  8.1000000e+000  4.4290081e-001  6.6582842e-001  8.6515827e-001  4.7167655e-001  6.8075390e-001  8.3500563e-001
  8.2000000e+000  4.4508139e-001  6.6761621e-001  8.6610873e-001  4.7368014e-001  6.8266456e-001  8.3608372e-001
  8.3000000e+000  4.4725675e-001  6.6939763e-001  8.6705109e-001  4.7567526e-001  6.8456354e-001  8.3715352e-001
  8.4000000e+000  4.4942688e-001  6.7117264e-001  8.6798545e-001  4.7766198e-001  6.8645091e-001  8.3821509e-001
  8.5000000e+000  4.5159172e-001  6.7294122e-001  8.6891189e-001  4.7964033e-001  6.8832675e-001  8.3926854e-001
  8.6000000e+000  4.5375124e-001  6.7470333e-001  8.6983052e-001  4.8161036e-001  6.9019113e-001  8.4031394e-001
  8.7000000e+000  4.5590540e-001  6.7645895e-001  8.7074141e-001  4.8357212e-001  6.9204412e-001  8.4135138e-001
  8.8000000e+000  4.5805417e-001  6.7820805e-001  8.7164466e-001  4.8552566e-001  6.9388581e-001  8.4238094e-001
  8.9000000e+000  4.6019751e-001  6.7995060e-001  8.7254037e-001  4.8747103e-001  6.9571625e-001  8.4340269e-001
  9.0000000e+000  4.6233540e-001  6.8168659e-001  8.7342860e-001  4.8940827e-001  6.9753553e-001  8.4441673e-001
  9.1000000e+000  4.6446779e-001  6.8341598e-001  8.7430945e-001  4.9133742e-001  6.9934372e-001  8.4542311e-001
  9.2000000e+000  4.6659465e-001  6.8513876e-001  8.7518300e-001  4.9325853e-001  7.0114089e-001  8.4642193e-001
  9.3000000e+000  4.6871597e-001  6.8685491e-001  8.7604933e-001  4.9517165e-001  7.0292710e-001  8.4741326e-001
  9.4000000e+000  4.7083171e-001  6.8856441e-001  8.7690852e-001  4.9707682e-001  7.0470243e-001  8.4839717e-001
  9.5000000e+000  4.7294184e-001  6.9026724e-001  8.7776065e-001  4.9897408e-001  7.0646695e-001  8.4937373e-001
  9.6000000e+000  4.7504634e-001  6.9196338e-001  8.7860580e-001  5.0086348e-001  7.0822073e-001  8.5034301e-001
  9.7000000e+000  4.7714518e-001  6.9365282e-001  8.7944404e-001  5.0274506e-001  7.0996384e-001  8.5130509e-001
  9.8000000e+000  4.7923834e-001  6.9533555e-001  8.8027544e-001  5.0461885e-001  7.1169634e-001  8.5226004e-001
  9.9000000e+000  4.8132580e-001  6.9701154e-001  8.8110009e-001  5.0648491e-001  7.1341830e-001  8.5320792e-001
  1.0000000e+001  4.8340753e-001  6.9868080e-001  8.8191804e-001  5.0834328e-001  7.1512979e-001  8.5414880e-001
  1.0100000e+001  4.8548351e-001  7.0034330e-001  8.8272939e-001  5.1019398e-001  7.1683087e-001  8.5508276e-001
  1.0200000e+001  4.8755372e-001  7.0199904e-001  8.8353418e-001  5.1203708e-001  7.1852162e-001  8.5600984e-001
  1.0300000e+001  4.8961815e-001  7.0364801e-001  8.8433250e-001  5.1387260e-001  7.2020210e-001  8.5693012e-001
  1.0400000e+001  4.9167677e-001  7.0529020e-001  8.8512441e-001  5.1570058e-001  7.2187236e-001  8.5784367e-001
  1.0500000e+001  4.9372957e-001  7.0692560e-001  8.8590997e-001  5.1752107e-001  7.2353249e-001  8.5875054e-001
  1.0600000e+001  4.9577652e-001  7.0855420e-001  8.8668926e-001  5.1933410e-001  7.2518254e-001  8.5965080e-001
  1.0700000e+001  4.9781761e-001  7.1017600e-001  8.8746233e-001  5.2113971e-001  7.2682257e-001  8.6054451e-001
  1.0800000e+001  4.9985284e-001  7.1179100e-001  8.8822926e-001  5.2293794e-001  7.2845265e-001  8.6143173e-001
  1.0900000e+001  5.0188217e-001  7.1339919e-001  8.8899010e-001  5.2472883e-001  7.3007284e-001  8.6231252e-001
  1.1000000e+001  5.0390560e-001  7.1500056e-001  8.8974492e-001  5.2651242e-001  7.3168321e-001  8.6318693e-001
  1.1100000e+001  5.0592312e-001  7.1659512e-001  8.9049378e-001  5.2828874e-001  7.3328381e-001  8.6405503e-001
  1.1200000e+001  5.0793471e-001  7.1818286e-001  8.9123673e-001  5.3005783e-001  7.3487471e-001  8.6491687e-001
  1.1300000e+001  5.0994035e-001  7.1976378e-001  8.9197384e-001  5.3181972e-001  7.3645597e-001  8.6577252e-001
  1.1400000e+001  5.1194005e-001  7.2133788e-001  8.9270517e-001  5.3357446e-001  7.3802765e-001  8.6662201e-001
  1.1500000e+001  5.1393378e-001  7.2290515e-001  8.9343077e-001  5.3532208e-001  7.3958981e-001  8.6746542e-001
  1.1600000e+001  5.1592153e-001  7.2446561e-001  8.9415069e-001  5.3706261e-001  7.4114251e-001  8.6830279e-001
  1.1700000e+001  5.1790331e-001  7.2601925e-001  8.9486501e-001  5.3879609e-001  7.4268580e-001  8.6913418e-001
  1.1800000e+001  5.1987909e-001  7.2756607e-001  8.9557376e-001  5.4052256e-001  7.4421976e-001  8.6995964e-001
  1.1900000e+001  5.2184887e-001  7.2910608e-001  8.9627701e-001  5.4224204e-001  7.4574443e-001  8.7077923e-001
  1.2000000e+001  5.2381264e-001  7.3063927e-001  8.9697481e-001  5.4395458e-001  7.4725988e-001  8.7159298e-001
  1.2100000e+001  5.2577040e-001  7.3216566e-001  8.9766721e-001  5.4566021e-001  7.4876615e-001  8.7240097e-001
  1.2200000e+001  5.2772213e-001  7.3368525e-001  8.9835427e-001  5.4735895e-001  7.5026332e-001  8.7320323e-001
  1.2300000e+001  5.2966784e-001  7.3519804e-001  8.9903603e-001  5.4905086e-001  7.5175143e-001  8.7399982e-001
  1.2400000e+001  5.3160750e-001  7.3670403e-001  8.9971255e-001  5.5073595e-001  7.5323055e-001  8.7479078e-001
  1.2500000e+001  5.3354113e-001  7.3820324e-001  9.0038387e-001  5.5241427e-001  7.5470073e-001  8.7557617e-001
  1.2600000e+001  5.3546871e-001  7.3969566e-001  9.0105005e-001  5.5408584e-001  7.5616202e-001  8.7635602e-001
  1.2700000e+001  5.3739025e-001  7.4118131e-001  9.0171114e-001  5.5575070e-001  7.5761448e-001  8.7713040e-001
  1.2800000e+001  5.3930573e-001  7.4266019e-001  9.0236718e-001  5.5740888e-001  7.5905817e-001  8.7789934e-001
  1.2900000e+001  5.4121515e-001  7.4413232e-001  9.0301822e-001  5.5906041e-001  7.6049314e-001  8.7866290e-001
  1.3000000e+001  5.4311851e-001  7.4559769e-001  9.0366431e-001  5.6070532e-001  7.6191945e-001  8.7942111e-001
  1.3100000e+001  5.4501580e-001  7.4705632e-001  9.0430549e-001  5.6234366e-001  7.6333714e-001  8.8017403e-001
  1.3200000e+001  5.4690703e-001  7.4850822e-001  9.0494181e-001  5.6397543e-001  7.6474627e-001  8.8092170e-001
  1.3300000e+001  5.4879220e-001  7.4995339e-001  9.0557332e-001  5.6560069e-001  7.6614691e-001  8.8166415e-001
  1.3400000e+001  5.5067129e-001  7.5139185e-001  9.0620006e-001  5.6721946e-001  7.6753908e-001  8.8240145e-001
  1.3500000e+001  5.5254432e-001  7.5282360e-001  9.0682207e-001  5.6883177e-001  7.6892286e-001  8.8313362e-001
  1.3600000e+001  5.5441127e-001  7.5424866e-001  9.0743940e-001  5.7043764e-001  7.7029830e-001  8.8386072e-001
  1.3700000e+001  5.5627215e-001  7.5566704e-001  9.0805209e-001  5.7203712e-001  7.7166544e-001  8.8458278e-001
  1.3800000e+001  5.5812696e-001  7.5707874e-001  9.0866019e-001  5.7363023e-001  7.7302433e-001  8.8529984e-001
  1.3900000e+001  5.5997571e-001  7.5848379e-001  9.0926373e-001  5.7521701e-001  7.7437503e-001  8.8601195e-001
  1.4000000e+001  5.6181838e-001  7.5988219e-001  9.0986275e-001  5.7679747e-001  7.7571759e-001  8.8671915e-001
  1.4100000e+001  5.6365498e-001  7.6127395e-001  9.1045731e-001  5.7837165e-001  7.7705206e-001  8.8742148e-001
  1.4200000e+001  5.6548552e-001  7.6265909e-001  9.1104743e-001  5.7993958e-001  7.7837849e-001  8.8811898e-001
  1.4300000e+001  5.6730999e-001  7.6403762e-001  9.1163316e-001  5.8150129e-001  7.7969692e-001  8.8881169e-001
  1.4400000e+001  5.6912839e-001  7.6540955e-001  9.1221453e-001  5.8305681e-001  7.8100742e-001  8.8949964e-001
  1.4500000e+001  5.7094074e-001  7.6677490e-001  9.1279160e-001  5.8460616e-001  7.8231002e-001  8.9018288e-001
  1.4600000e+001  5.7274702e-001  7.6813369e-001  9.1336438e-001  5.8614938e-001  7.8360477e-001  8.9086144e-001
  1.4700000e+001  5.7454726e-001  7.6948592e-001  9.1393294e-001  5.8768649e-001  7.8489173e-001  8.9153536e-001
  1.4800000e+001  5.7634143e-001  7.7083160e-001  9.1449729e-001  5.8921752e-001  7.8617095e-001  8.9220469e-001
  1.4900000e+001  5.7812956e-001  7.7217076e-001  9.1505748e-001  5.9074250e-001  7.8744246e-001  8.9286945e-001
  1.5000000e+001  5.7991165e-001  7.7350342e-001  9.1561354e-001  5.9226146e-001  7.8870632e-001  8.9352968e-001
  1.5100000e+001  5.8168769e-001  7.7482957e-001  9.1616552e-001  5.9377442e-001  7.8996258e-001  8.9418542e-001
  1.5200000e+001  5.8345770e-001  7.7614925e-001  9.1671344e-001  5.9528141e-001  7.9121128e-001  8.9483671e-001
  1.5300000e+001  5.8522168e-001  7.7746246e-001  9.1725735e-001  5.9678247e-001  7.9245246e-001  8.9548358e-001
  1.5400000e+001  5.8697963e-001  7.7876922e-001  9.1779727e-001  5.9827760e-001  7.9368618e-001  8.9612606e-001
  1.5500000e+001  5.8873156e-001  7.8006956e-001  9.1833325e-001  5.9976685e-001  7.9491249e-001  8.9676420e-001
  1.5600000e+001  5.9047747e-001  7.8136347e-001  9.1886531e-001  6.0125024e-001  7.9613141e-001  8.9739802e-001
  1.5700000e+001  5.9221737e-001  7.8265099e-001  9.1939349e-001  6.0272779e-001  7.9734301e-001  8.9802756e-001
  1.5800000e+001  5.9395126e-001  7.8393212e-001  9.1991783e-001  6.0419954e-001  7.9854733e-001  8.9865285e-001
  1.5900000e+001  5.9567916e-001  7.8520689e-001  9.2043835e-001  6.0566550e-001  7.9974441e-001  8.9927393e-001
  1.6000000e+001  5.9740107e-001  7.8647532e-001  9.2095510e-001  6.0712571e-001  8.0093430e-001  8.9989083e-001
  1.6100000e+001  5.9911698e-001  7.8773741e-001  9.2146810e-001  6.0858019e-001  8.0211703e-001  9.0050359e-001
  1.6200000e+001  6.0082692e-001  7.8899318e-001  9.2197738e-001  6.1002896e-001  8.0329266e-001  9.0111222e-001
  1.6300000e+001  6.0253089e-001  7.9024266e-001  9.2248298e-001  6.1147206e-001  8.0446123e-001  9.0171678e-001
  1.6400000e+001  6.0422889e-001  7.9148587e-001  9.2298493e-001  6.1290950e-001  8.0562278e-001  9.0231728e-001
  1.6500000e+001  6.0592093e-001  7.9272281e-001  9.2348326e-001  6.1434131e-001  8.0677735e-001  9.0291376e-001
  1.6600000e+001  6.0760702e-001  7.9395352e-001  9.2397799e-001  6.1576752e-001  8.0792499e-001  9.0350625e-001
  1.6700000e+001  6.0928717e-001  7.9517800e-001  9.2446917e-001  6.1718815e-001  8.0906574e-001  9.0409479e-001
  1.6800000e+001  6.1096139e-001  7.9639628e-001  9.2495682e-001  6.1860323e-001  8.1019964e-001  9.0467940e-001
  1.6900000e+001  6.1262968e-001  7.9760837e-001  9.2544097e-001  6.2001278e-001  8.1132674e-001  9.0526011e-001
  1.7000000e+001  6.1429205e-001  7.9881429e-001  9.2592164e-001  6.2141682e-001  8.1244707e-001  9.0583696e-001
  1.7100000e+001  6.1594851e-001  8.0001407e-001  9.2639888e-001  6.2281538e-001  8.1356067e-001  9.0640996e-001
  1.7200000e+001  6.1759906e-001  8.0120772e-001  9.2687271e-001  6.2420849e-001  8.1466760e-001  9.0697916e-001
  1.7300000e+001  6.1924373e-001  8.0239525e-001  9.2734315e-001  6.2559617e-001  8.1576789e-001  9.0754458e-001
  1.7400000e+001  6.2088251e-001  8.0357670e-001  9.2781023e-001  6.2697844e-001  8.1686157e-001  9.0810625e-001
  1.7500000e+001  6.2251542e-001  8.0475208e-001  9.2827399e-001  6.2835532e-001  8.1794870e-001  9.0866420e-001
  1.7600000e+001  6.2414246e-001  8.0592141e-001  9.2873445e-001  6.2972684e-001  8.1902930e-001  9.0921846e-001
  1.7700000e+001  6.2576365e-001  8.0708470e-001  9.2919163e-001  6.3109303e-001  8.2010343e-001  9.0976905e-001
  1.7800000e+001  6.2737899e-001  8.0824199e-001  9.2964557e-001  6.3245390e-001  8.2117111e-001  9.1031600e-001
  1.7900000e+001  6.2898849e-001  8.0939328e-001  9.3009629e-001  6.3380948e-001  8.2223240e-001  9.1085935e-001
  1.8000000e+001  6.3059216e-001  8.1053860e-001  9.3054382e-001  6.3515979e-001  8.2328732e-001  9.1139911e-001
  1.8100000e+001  6.3219002e-001  8.1167797e-001  9.3098818e-001  6.3650486e-001  8.2433592e-001  9.1193531e-001
  1.8200000e+001  6.3378208e-001  8.1281141e-001  9.3142940e-001  6.3784471e-001  8.2537824e-001  9.1246799e-001
  1.8300000e+001  6.3536833e-001  8.1393894e-001  9.3186751e-001  6.3917935e-001  8.2641431e-001  9.1299716e-001
  1.8400000e+001  6.3694880e-001  8.1506057e-001  9.3230252e-001  6.4050882e-001  8.2744417e-001  9.1352286e-001
  1.8500000e+001  6.3852350e-001  8.1617634e-001  9.3273448e-001  6.4183314e-001  8.2846786e-001  9.1404511e-001
  1.8600000e+001  6.4009243e-001  8.1728626e-001  9.3316339e-001  6.4315232e-001  8.2948542e-001  9.1456393e-001
  1.8700000e+001  6.4165560e-001  8.1839035e-001  9.3358929e-001  6.4446640e-001  8.3049688e-001  9.1507935e-001
  1.8800000e+001  6.4321304e-001  8.1948863e-001  9.3401221e-001  6.4577539e-001  8.3150229e-001  9.1559140e-001
  1.8900000e+001  6.4476474e-001  8.2058112e-001  9.3443215e-001  6.4707931e-001  8.3250168e-001  9.1610010e-001
  1.9000000e+001  6.4631072e-001  8.2166784e-001  9.3484916e-001  6.4837818e-001  8.3349508e-001  9.1660548e-001
  1.9100000e+001  6.4785099e-001  8.2274882e-001  9.3526324e-001  6.4967204e-001  8.3448253e-001  9.1710756e-001
  1.9200000e+001  6.4938556e-001  8.2382408e-001  9.3567443e-001  6.5096089e-001  8.3546408e-001  9.1760637e-001
  1.9300000e+001  6.5091444e-001  8.2489363e-001  9.3608276e-001  6.5224477e-001  8.3643975e-001  9.1810192e-001
  1.9400000e+001  6.5243765e-001  8.2595750e-001  9.3648823e-001  6.5352368e-001  8.3740957e-001  9.1859425e-001
  1.9500000e+001  6.5395520e-001  8.2701571e-001  9.3689088e-001  6.5479766e-001  8.3837360e-001  9.1908337e-001
  1.9600000e+001  6.5546709e-001  8.2806827e-001  9.3729072e-001  6.5606673e-001  8.3933185e-001  9.1956932e-001
  1.9700000e+001  6.5697334e-001  8.2911522e-001  9.3768779e-001  6.5733090e-001  8.4028438e-001  9.2005210e-001
  1.9800000e+001  6.5847397e-001  8.3015657e-001  9.3808209e-001  6.5859019e-001  8.4123120e-001  9.2053176e-001
  1.9900000e+001  6.5996897e-001  8.3119234e-001  9.3847366e-001  6.5984464e-001  8.4217236e-001  9.2100831e-001
  2.0000000e+001  6.6145838e-001  8.3222256e-001  9.3886252e-001  6.6109425e-001  8.4310789e-001  9.2148177e-001
  2.0100000e+001  6.6294219e-001  8.3324724e-001  9.3924868e-001  6.6233905e-001  8.4403782e-001  9.2195216e-001
  2.0200000e+001  6.6442042e-001  8.3426641e-001  9.3963217e-001  6.6357906e-001  8.4496219e-001  9.2241951e-001
  2.0300000e+001  6.6589309e-001  8.3528009e-001  9.4001301e-001  6.6481429e-001  8.4588104e-001  9.2288385e-001
  2.0400000e+001  6.6736020e-001  8.3628830e-001  9.4039122e-001  6.6604478e-001  8.4679439e-001  9.2334518e-001
  2.0500000e+001  6.6882176e-001  8.3729106e-001  9.4076682e-001  6.6727053e-001  8.4770228e-001  9.2380354e-001
  2.0600000e+001  6.7027780e-001  8.3828840e-001  9.4113984e-001  6.6849158e-001  8.4860474e-001  9.2425894e-001
  2.0700000e+001  6.7172832e-001  8.3928032e-001  9.4151028e-001  6.6970793e-001  8.4950181e-001  9.2471141e-001
  2.0800000e+001  6.7317334e-001  8.4026687e-001  9.4187818e-001  6.7091962e-001  8.5039352e-001  9.2516096e-001
  2.0900000e+001  6.7461286e-001  8.4124805e-001  9.4224354e-001  6.7212665e-001  8.5127989e-001  9.2560763e-001
  2.1000000e+001  6.7604691e-001  8.4222389e-001  9.4260640e-001  6.7332905e-001  8.5216097e-001  9.2605142e-001
  2.1100000e+001  6.7747549e-001  8.4319442e-001  9.4296677e-001  6.7452684e-001  8.5303679e-001  9.2649237e-001
  2.1200000e+001  6.7889862e-001  8.4415964e-001  9.4332468e-001  6.7572003e-001  8.5390737e-001  9.2693048e-001
  2.1300000e+001  6.8031631e-001  8.4511959e-001  9.4368013e-001  6.7690865e-001  8.5477275e-001  9.2736578e-001
  2.1400000e+001  6.8172857e-001  8.4607429e-001  9.4403315e-001  6.7809272e-001  8.5563296e-001  9.2779830e-001
  2.1500000e+001  6.8313542e-001  8.4702375e-001  9.4438375e-001  6.7927225e-001  8.5648804e-001  9.2822805e-001
  2.1600000e+001  6.8453687e-001  8.4796800e-001  9.4473197e-001  6.8044727e-001  8.5733800e-001  9.2865504e-001
  2.1700000e+001  6.8593293e-001  8.4890707e-001  9.4507780e-001  6.8161779e-001  8.5818289e-001  9.2907931e-001
  2.1800000e+001  6.8732362e-001  8.4984096e-001  9.4542128e-001  6.8278383e-001  8.5902274e-001  9.2950087e-001
  2.1900000e+001  6.8870895e-001  8.5076971e-001  9.4576243e-001  6.8394541e-001  8.5985757e-001  9.2991973e-001
  2.2000000e+001  6.9008893e-001  8.5169334e-001  9.4610125e-001  6.8510255e-001  8.6068741e-001  9.3033593e-001
  2.2100000e+001  6.9146358e-001  8.5261186e-001  9.4643776e-001  6.8625526e-001  8.6151231e-001  9.3074947e-001
  2.2200000e+001  6.9283291e-001  8.5352530e-001  9.4677200e-001  6.8740357e-001  8.6233227e-001  9.3116038e-001
  2.2300000e+001  6.9419694e-001  8.5443368e-001  9.4710396e-001  6.8854750e-001  8.6314735e-001  9.3156867e-001
  2.2400000e+001  6.9555567e-001  8.5533703e-001  9.4743367e-001  6.8968706e-001  8.6395755e-001  9.3197436e-001
  2.2500000e+001  6.9690913e-001  8.5623535e-001  9.4776115e-001  6.9082227e-001  8.6476293e-001  9.3237748e-001
  2.2600000e+001  6.9825732e-001  8.5712868e-001  9.4808642e-001  6.9195315e-001  8.6556349e-001  9.3277803e-001
  2.2700000e+001  6.9960026e-001  8.5801704e-001  9.4840948e-001  6.9307971e-001  8.6635928e-001  9.3317604e-001
  2.2800000e+001  7.0093796e-001  8.5890045e-001  9.4873036e-001  6.9420198e-001  8.6715032e-001  9.3357153e-001
  2.2900000e+001  7.0227044e-001  8.5977893e-001  9.4904908e-001  6.9531997e-001  8.6793665e-001  9.3396451e-001
  2.3000000e+001  7.0359772e-001  8.6065250e-001  9.4936564e-001  6.9643370e-001  8.6871828e-001  9.3435500e-001
  2.3100000e+001  7.0491979e-001  8.6152118e-001  9.4968007e-001  6.9754319e-001  8.6949525e-001  9.3474302e-001
  2.3200000e+001  7.0623669e-001  8.6238500e-001  9.4999239e-001  6.9864845e-001  8.7026758e-001  9.3512859e-001
  2.3300000e+001  7.0754842e-001  8.6324397e-001  9.5030260e-001  6.9974951e-001  8.7103531e-001  9.3551172e-001
  2.3400000e+001  7.0885500e-001  8.6409812e-001  9.5061073e-001  7.0084637e-001  8.7179846e-001  9.3589242e-001
  2.3500000e+001  7.1015643e-001  8.6494747e-001  9.5091678e-001  7.0193906e-001  8.7255706e-001  9.3627073e-001
  2.3600000e+001  7.1145275e-001  8.6579204e-001  9.5122079e-001  7.0302760e-001  8.7331113e-001  9.3664664e-001
  2.3700000e+001  7.1274395e-001  8.6663185e-001  9.5152275e-001  7.0411200e-001  8.7406071e-001  9.3702019e-001
  2.3800000e+001  7.1403006e-001  8.6746692e-001  9.5182269e-001  7.0519227e-001  8.7480582e-001  9.3739138e-001
  2.3900000e+001  7.1531108e-001  8.6829728e-001  9.5212062e-001  7.0626845e-001  8.7554649e-001  9.3776024e-001
  2.4000000e+001  7.1658704e-001  8.6912294e-001  9.5241656e-001  7.0734053e-001  8.7628274e-001  9.3812678e-001
  2.4100000e+001  7.1785794e-001  8.6994393e-001  9.5271052e-001  7.0840854e-001  8.7701461e-001  9.3849101e-001
  2.4200000e+001  7.1912380e-001  8.7076027e-001  9.5300252e-001  7.0947250e-001  8.7774211e-001  9.3885295e-001
  2.4300000e+001  7.2038464e-001  8.7157198e-001  9.5329257e-001  7.1053242e-001  8.7846528e-001  9.3921262e-001
  2.4400000e+001  7.2164047e-001  8.7237907e-001  9.5358068e-001  7.1158832e-001  8.7918414e-001  9.3957003e-001
  2.4500000e+001  7.2289130e-001  8.7318158e-001  9.5386687e-001  7.1264021e-001  8.7989871e-001  9.3992520e-001
  2.4600000e+001  7.2413715e-001  8.7397952e-001  9.5415116e-001  7.1368812e-001  8.8060903e-001  9.4027814e-001
  2.4700000e+001  7.2537803e-001  8.7477292e-001  9.5443355e-001  7.1473205e-001  8.8131511e-001  9.4062887e-001
  2.4800000e+001  7.2661396e-001  8.7556178e-001  9.5471407e-001  7.1577203e-001  8.8201699e-001  9.4097740e-001
  2.4900000e+001  7.2784495e-001  8.7634615e-001  9.5499272e-001  7.1680807e-001  8.8271469e-001  9.4132376e-001
  2.5000000e+001  7.2907102e-001  8.7712603e-001  9.5526952e-001  7.1784019e-001  8.8340823e-001  9.4166795e-001
  2.5100000e+001  7.3029217e-001  8.7790145e-001  9.5554449e-001  7.1886839e-001  8.8409764e-001  9.4200999e-001
  2.5200000e+001  7.3150844e-001  8.7867242e-001  9.5581763e-001  7.1989271e-001  8.8478295e-001  9.4234989e-001
  2.5300000e+001  7.3271981e-001  8.7943898e-001  9.5608897e-001  7.2091315e-001  8.8546417e-001  9.4268767e-001
  2.5400000e+001  7.3392633e-001  8.8020113e-001  9.5635850e-001  7.2192972e-001  8.8614134e-001  9.4302334e-001
  2.5500000e+001  7.3512799e-001  8.8095891e-001  9.5662626e-001  7.2294246e-001  8.8681447e-001  9.4335692e-001
  2.5600000e+001  7.3632481e-001  8.8171233e-001  9.5689224e-001  7.2395136e-001  8.8748360e-001  9.4368842e-001
  2.5700000e+001  7.3751681e-001  8.8246140e-001  9.5715647e-001  7.2495645e-001  8.8814874e-001  9.4401786e-001
  2.5800000e+001  7.3870400e-001  8.8320616e-001  9.5741895e-001  7.2595775e-001  8.8880993e-001  9.4434525e-001
  2.5900000e+001  7.3988640e-001  8.8394663e-001  9.5767971e-001  7.2695526e-001  8.8946717e-001  9.4467060e-001
  2.6000000e+001  7.4106402e-001  8.8468281e-001  9.5793874e-001  7.2794900e-001  8.9012051e-001  9.4499393e-001
  2.6100000e+001  7.4223687e-001  8.8541474e-001  9.5819607e-001  7.2893900e-001  8.9076996e-001  9.4531525e-001
  2.6200000e+001  7.4340498e-001  8.8614244e-001  9.5845170e-001  7.2992525e-001  8.9141554e-001  9.4563457e-001
  2.6300000e+001  7.4456834e-001  8.8686592e-001  9.5870565e-001  7.3090778e-001  8.9205728e-001  9.4595192e-001
  2.6400000e+001  7.4572699e-001  8.8758520e-001  9.5895793e-001  7.3188661e-001  8.9269520e-001  9.4626729e-001
  2.6500000e+001  7.4688093e-001  8.8830031e-001  9.5920856e-001  7.3286175e-001  8.9332933e-001  9.4658071e-001
  2.6600000e+001  7.4803018e-001  8.8901127e-001  9.5945754e-001  7.3383320e-001  8.9395968e-001  9.4689219e-001
  2.6700000e+001  7.4917475e-001  8.8971809e-001  9.5970489e-001  7.3480100e-001  8.9458628e-001  9.4720174e-001
  2.6800000e+001  7.5031466e-001  8.9042079e-001  9.5995061e-001  7.3576515e-001  8.9520916e-001  9.4750938e-001
  2.6900000e+001  7.5144992e-001  8.9111941e-001  9.6019473e-001  7.3672566e-001  8.9582832e-001  9.4781511e-001
  2.7000000e+001  7.5258054e-001  8.9181394e-001  9.6043725e-001  7.3768256e-001  8.9644381e-001  9.4811896e-001
  2.7100000e+001  7.5370655e-001  8.9250443e-001  9.6067818e-001  7.3863586e-001  8.9705564e-001  9.4842092e-001
  2.7200000e+001  7.5482795e-001  8.9319087e-001  9.6091754e-001  7.3958556e-001  8.9766382e-001  9.4872103e-001
  2.7300000e+001  7.5594476e-001  8.9387331e-001  9.6115533e-001  7.4053170e-001  8.9826839e-001  9.4901928e-001
  2.7400000e+001  7.5705699e-001  8.9455175e-001  9.6139158e-001  7.4147427e-001  8.9886936e-001  9.4931569e-001
  2.7500000e+001  7.5816467e-001  8.9522621e-001  9.6162628e-001  7.4241329e-001  8.9946676e-001  9.4961027e-001
  2.7600000e+001  7.5926780e-001  8.9589672e-001  9.6185945e-001  7.4334879e-001  9.0006061e-001  9.4990304e-001
  2.7700000e+001  7.6036639e-001  8.9656329e-001  9.6209110e-001  7.4428076e-001  9.0065093e-001  9.5019400e-001
  2.7800000e+001  7.6146047e-001  8.9722595e-001  9.6232124e-001  7.4520924e-001  9.0123774e-001  9.5048318e-001
  2.7900000e+001  7.6255005e-001  8.9788470e-001  9.6254989e-001  7.4613422e-001  9.0182106e-001  9.5077058e-001
  2.8000000e+001  7.6363513e-001  8.9853959e-001  9.6277704e-001  7.4705573e-001  9.0240091e-001  9.5105621e-001
  2.8100000e+001  7.6471575e-001  8.9919061e-001  9.6300273e-001  7.4797378e-001  9.0297731e-001  9.5134008e-001
  2.8200000e+001  7.6579190e-001  8.9983779e-001  9.6322694e-001  7.4888837e-001  9.0355029e-001  9.5162221e-001
  2.8300000e+001  7.6686361e-001  9.0048116e-001  9.6344970e-001  7.4979954e-001  9.0411986e-001  9.5190261e-001
  2.8400000e+001  7.6793089e-001  9.0112072e-001  9.6367102e-001  7.5070729e-001  9.0468605e-001  9.5218129e-001
  2.8500000e+001  7.6899375e-001  9.0175651e-001  9.6389090e-001  7.5161162e-001  9.0524887e-001  9.5245826e-001
  2.8600000e+001  7.7005222e-001  9.0238853e-001  9.6410936e-001  7.5251257e-001  9.0580835e-001  9.5273354e-001
  2.8700000e+001  7.7110629e-001  9.0301681e-001  9.6432641e-001  7.5341014e-001  9.0636451e-001  9.5300712e-001
  2.8800000e+001  7.7215599e-001  9.0364136e-001  9.6454205e-001  7.5430434e-001  9.0691735e-001  9.5327904e-001
  2.8900000e+001  7.7320134e-001  9.0426221e-001  9.6475629e-001  7.5519519e-001  9.0746692e-001  9.5354928e-001
  2.9000000e+001  7.7424234e-001  9.0487937e-001  9.6496915e-001  7.5608269e-001  9.0801322e-001  9.5381788e-001
  2.9100000e+001  7.7527901e-001  9.0549287e-001  9.6518064e-001  7.5696688e-001  9.0855627e-001  9.5408483e-001
  2.9200000e+001  7.7631137e-001  9.0610272e-001  9.6539076e-001  7.5784775e-001  9.0909610e-001  9.5435016e-001
  2.9300000e+001  7.7733943e-001  9.0670893e-001  9.6559953e-001  7.5872532e-001  9.0963272e-001  9.5461386e-001
  2.9400000e+001  7.7836320e-001  9.0731154e-001  9.6580695e-001  7.5959960e-001  9.1016616e-001  9.5487595e-001
  2.9500000e+001  7.7938270e-001  9.0791055e-001  9.6601303e-001  7.6047061e-001  9.1069642e-001  9.5513645e-001
  2.9600000e+001  7.8039794e-001  9.0850599e-001  9.6621779e-001  7.6133837e-001  9.1122354e-001  9.5539535e-001
  2.9700000e+001  7.8140894e-001  9.0909787e-001  9.6642123e-001  7.6220287e-001  9.1174753e-001  9.5565268e-001
  2.9800000e+001  7.8241571e-001  9.0968622e-001  9.6662336e-001  7.6306414e-001  9.1226840e-001  9.5590844e-001
  2.9900000e+001  7.8341826e-001  9.1027104e-001  9.6682420e-001  7.6392219e-001  9.1278618e-001  9.5616264e-001
  3.0000000e+001  7.8441662e-001  9.1085237e-001  9.6702374e-001  7.6477702e-001  9.1330089e-001  9.5641530e-001
  3.0100000e+001  7.8541079e-001  9.1143021e-001  9.6722200e-001  7.6562867e-001  9.1381254e-001  9.5666641e-001
  3.0200000e+001  7.8640079e-001  9.1200458e-001  9.6741900e-001  7.6647712e-001  9.1432116e-001  9.5691601e-001
  3.0300000e+001  7.8738663e-001  9.1257551e-001  9.6761472e-001  7.6732241e-001  9.1482675e-001  9.5716408e-001
  3.0400000e+001  7.8836833e-001  9.1314301e-001  9.6780920e-001  7.6816454e-001  9.1532934e-001  9.5741065e-001
  3.0500000e+001  7.8934590e-001  9.1370710e-001  9.6800243e-001  7.6900352e-001  9.1582895e-001  9.5765572e-001
  3.0600000e+001  7.9031935e-001  9.1426779e-001  9.6819442e-001  7.6983937e-001  9.1632560e-001  9.5789930e-001
  3.0700000e+001  7.9128871e-001  9.1482512e-001  9.6838518e-001  7.7067210e-001  9.1681929e-001  9.5814141e-001
  3.0800000e+001  7.9225397e-001  9.1537908e-001  9.6857473e-001  7.7150172e-001  9.1731006e-001  9.5838205e-001
  3.0900000e+001  7.9321517e-001  9.1592970e-001  9.6876306e-001  7.7232824e-001  9.1779791e-001  9.5862123e-001
  3.1000000e+001  7.9417231e-001  9.1647700e-001  9.6895019e-001  7.7315168e-001  9.1828287e-001  9.5885896e-001
  3.1100000e+001  7.9512540e-001  9.1702099e-001  9.6913613e-001  7.7397205e-001  9.1876495e-001  9.5909525e-001
  3.1200000e+001  7.9607446e-001  9.1756170e-001  9.6932088e-001  7.7478936e-001  9.1924417e-001  9.5933011e-001
  3.1300000e+001  7.9701951e-001  9.1809914e-001  9.6950446e-001  7.7560361e-001  9.1972055e-001  9.5956355e-001
  3.1400000e+001  7.9796056e-001  9.1863332e-001  9.6968686e-001  7.7641484e-001  9.2019410e-001  9.5979558e-001
  3.1500000e+001  7.9889761e-001  9.1916427e-001  9.6986810e-001  7.7722303e-001  9.2066484e-001  9.6002621e-001
  3.1600000e+001  7.9983070e-001  9.1969200e-001  9.7004819e-001  7.7802822e-001  9.2113279e-001  9.6025544e-001
  3.1700000e+001  8.0075982e-001  9.2021653e-001  9.7022713e-001  7.7883041e-001  9.2159796e-001  9.6048329e-001
  3.1800000e+001  8.0168500e-001  9.2073788e-001  9.7040494e-001  7.7962960e-001  9.2206037e-001  9.6070977e-001
  3.1900000e+001  8.0260624e-001  9.2125606e-001  9.7058162e-001  7.8042582e-001  9.2252004e-001  9.6093488e-001
  3.2000000e+001  8.0352357e-001  9.2177108e-001  9.7075717e-001  7.8121908e-001  9.2297698e-001  9.6115863e-001
