  0.0000000e+000  3.1564249e-001  4.9147687e-001  6.0424440e-001
  2.0000000e+000  4.8613632e-001  6.1303526e-001  7.5977087e-001
  4.0000000e+000  5.8435650e-001  7.4036889e-001  8.4033160e-001
  8.0000000e+000  8.1932996e-001  8.9429851e-001  9.1848985e-001
  1.6000000e+001  9.2977114e-001  9.5429407e-001  9.7101481e-001
  0.0000000e+000  2.4777620e-002  1.7250285e-002  2.4082339e-002
  2.0000000e+000  2.4867487e-002  2.0252285e-002  2.2837320e-002
  4.0000000e+000  2.6250015e-002  2.4152163e-002  2.3542700e-002
  8.0000000e+000  2.4521592e-002  2.4447643e-002  2.4687447e-002
  1.6000000e+001  2.5512344e-002  2.4769552e-002  2.4690691e-002
  0.0000000e+000  3.1334207e-001  4.8253204e-001  6.0314661e-001
  1.0000000e-001  3.2199886e-001  4.9239692e-001  6.2231693e-001
  2.0000000e-001  3.3094809e-001  5.0170628e-001  6.3561187e-001
  3.0000000e-001  3.3993520e-001  5.1071351e-001  6.4709254e-001
  4.0000000e-001  3.4890303e-001  5.1947515e-001  6.5744019e-001
  5.0000000e-001  3.5782417e-001  5.2801994e-001  6.6696158e-001
  6.0000000e-001  3.6668260e-001  5.3636616e-001  6.7583216e-001
  7.0000000e-001  3.7546794e-001  5.4452690e-001  6.8416576e-001
  8.0000000e-001  3.8417310e-001  5.5251225e-001  6.9204237e-001
  9.0000000e-001  3.9279302e-001  5.6033045e-001  6.9952134e-001
  1.0000000e+000  4.0132402e-001  5.6798842e-001  7.0664855e-001
  1.1000000e+000  4.0976341e-001  5.7549218e-001  7.1346056e-001
  1.2000000e+000  4.1810924e-001  5.8284705e-001  7.1998723e-001
  1.3000000e+000  4.2636007e-001  5.9005783e-001  7.2625341e-001
  1.4000000e+000  4.3451491e-001  5.9712888e-001  7.3228016e-001
  1.5000000e+000  4.4257308e-001  6.0406423e-001  7.3808553e-001
  1.6000000e+000  4.5053418e-001  6.1086761e-001  7.4368522e-001
  1.7000000e+000  4.5839802e-001  6.1754253e-001  7.4909296e-001
  1.8000000e+000  4.6616461e-001  6.2409228e-001  7.5432091e-001
  1.9000000e+000  4.7383409e-001  6.3051996e-001  7.5937991e-001
  2.0000000e+000  4.8140671e-001  6.3682853e-001  7.6427968e-001
  2.1000000e+000  4.8888286e-001  6.4302081e-001  7.6902898e-001
  2.2000000e+000  4.9626298e-001  6.4909949e-001  7.7363578e-001
  2.3000000e+000  5.0354763e-001  6.5506715e-001  7.7810732e-001
  2.4000000e+000  5.1073739e-001  6.6092626e-001  7.8245024e-001
  2.5000000e+000  5.1783291e-001  6.6667920e-001  7.8667065e-001
  2.6000000e+000  5.2483491e-001  6.7232828e-001  7.9077418e-001
  2.7000000e+000  5.3174411e-001  6.7787571e-001  7.9476602e-001
  2.8000000e+000  5.3856130e-001  6.8332363e-001  7.9865102e-001
  2.9000000e+000  5.4528728e-001  6.8867412e-001  8.0243367e-001
  3.0000000e+000  5.5192287e-001  6.9392919e-001  8.0611816e-001
  3.1000000e+000  5.5846893e-001  6.9909080e-001  8.0970843e-001
  3.2000000e+000  5.6492633e-001  7.0416082e-001  8.1320814e-001
  3.3000000e+000  5.7129595e-001  7.0914112e-001  8.1662076e-001
  3.4000000e+000  5.7757868e-001  7.1403346e-001  8.1994952e-001
  3.5000000e+000  5.8377544e-001  7.1883960e-001  8.2319749e-001
  3.6000000e+000  5.8988714e-001  7.2356123e-001  8.2636757e-001
  3.7000000e+000  5.9591470e-001  7.2820000e-001  8.2946248e-001
  3.8000000e+000  6.0185904e-001  7.3275751e-001  8.3248482e-001
  3.9000000e+000  6.0772110e-001  7.3723534e-001  8.3543704e-001
  4.0000000e+000  6.1350181e-001  7.4163502e-001  8.3832146e-001
  4.1000000e+000  6.1920210e-001  7.4595804e-001  8.4114031e-001
  4.2000000e+000  6.2482291e-001  7.5020586e-001  8.4389569e-001
  4.3000000e+000  6.3036516e-001  7.5437989e-001  8.4658961e-001
  4.4000000e+000  6.3582980e-001  7.5848154e-001  8.4922398e-001
  4.5000000e+000  6.4121774e-001  7.6251216e-001  8.5180064e-001
  4.6000000e+000  6.4652992e-001  7.6647307e-001  8.5432132e-001
  4.7000000e+000  6.5176726e-001  7.7036558e-001  8.5678771e-001
  4.8000000e+000  6.5693067e-001  7.7419095e-001  8.5920140e-001
  4.9000000e+000  6.6202106e-001  7.7795043e-001  8.6156391e-001
  5.0000000e+000  6.6703936e-001  7.8164523e-001  8.6387673e-001
  5.1000000e+000  6.7198645e-001  7.8527654e-001  8.6614126e-001
  5.2000000e+000  6.7686324e-001  7.8884552e-001  8.6835885e-001
  5.3000000e+000  6.8167062e-001  7.9235331e-001  8.7053080e-001
  5.4000000e+000  6.8640946e-001  7.9580103e-001  8.7265836e-001
  5.5000000e+000  6.9108066e-001  7.9918976e-001  8.7474274e-001
  5.6000000e+000  6.9568507e-001  8.0252058e-001  8.7678508e-001
  5.7000000e+000  7.0022357e-001  8.0579454e-001  8.7878651e-001
  5.8000000e+000  7.0469701e-001  8.0901265e-001  8.8074810e-001
  5.9000000e+000  7.0910624e-001  8.1217592e-001  8.8267088e-001
  6.0000000e+000  7.1345209e-001  8.1528535e-001  8.8455584e-001
  6.1000000e+000  7.1773541e-001  8.1834189e-001  8.8640397e-001
  6.2000000e+000  7.2195702e-001  8.2134648e-001  8.8821617e-001
  6.3000000e+000  7.2611773e-001  8.2430006e-001  8.8999336e-001
  6.4000000e+000  7.3021836e-001  8.2720354e-001  8.9173640e-001
  6.5000000e+000  7.3425971e-001  8.3005780e-001  8.9344612e-001
  6.6000000e+000  7.3824256e-001  8.3286371e-001  8.9512335e-001
  6.7000000e+000  7.4216772e-001  8.3562214e-001  8.9676887e-001
  6.8000000e+000  7.4603594e-001  8.3833393e-001  8.9838343e-001
  6.9000000e+000  7.4984801e-001  8.4099989e-001  8.9996778e-001
  7.0000000e+000  7.5360467e-001  8.4362084e-001  9.0152262e-001
  7.1000000e+000  7.5730670e-001  8.4619756e-001  9.0304865e-001
  7.2000000e+000  7.6095481e-001  8.4873084e-001  9.0454654e-001
  7.3000000e+000  7.6454976e-001  8.5122144e-001  9.0601693e-001
  7.4000000e+000  7.6809227e-001  8.5367010e-001  9.0746046e-001
  7.5000000e+000  7.7158306e-001  8.5607755e-001  9.0887773e-001
  7.6000000e+000  7.7502284e-001  8.5844453e-001  9.1026935e-001
  7.7000000e+000  7.7841231e-001  8.6077173e-001  9.1163588e-001
  7.8000000e+000  7.8175217e-001  8.6305985e-001  9.1297789e-001
  7.9000000e+000  7.8504310e-001  8.6530956e-001  9.1429592e-001
  8.0000000e+000  7.8828578e-001  8.6752154e-001  9.1559049e-001
  8.1000000e+000  7.9148088e-001  8.6969644e-001  9.1686212e-001
  8.2000000e+000  7.9462906e-001  8.7183491e-001  9.1811130e-001
  8.3000000e+000  7.9773097e-001  8.7393757e-001  9.1933853e-001
  8.4000000e+000  8.0078726e-001  8.7600504e-001  9.2054427e-001
  8.5000000e+000  8.0379858e-001  8.7803794e-001  9.2172898e-001
  8.6000000e+000  8.0676554e-001  8.8003685e-001  9.2289311e-001
  8.7000000e+000  8.0968877e-001  8.8200238e-001  9.2403709e-001
  8.8000000e+000  8.1256889e-001  8.8393508e-001  9.2516134e-001
  8.9000000e+000  8.1540650e-001  8.8583553e-001  9.2626628e-001
  9.0000000e+000  8.1820220e-001  8.8770427e-001  9.2735231e-001
  9.1000000e+000  8.2095659e-001  8.8954187e-001  9.2841981e-001
  9.2000000e+000  8.2367024e-001  8.9134884e-001  9.2946917e-001
  9.3000000e+000  8.2634373e-001  8.9312572e-001  9.3050075e-001
  9.4000000e+000  8.2897764e-001  8.9487302e-001  9.3151493e-001
  9.5000000e+000  8.3157252e-001  8.9659125e-001  9.3251204e-001
  9.6000000e+000  8.3412893e-001  8.9828090e-001  9.3349244e-001
  9.7000000e+000  8.3664741e-001  8.9994246e-001  9.3445645e-001
  9.8000000e+000  8.3912851e-001  9.0157642e-001  9.3540441e-001
  9.9000000e+000  8.4157277e-001  9.0318324e-001  9.3633663e-001
  1.0000000e+001  8.4398069e-001  9.0476338e-001  9.3725343e-001
  1.0100000e+001  8.4635282e-001  9.0631731e-001  9.3815510e-001
  1.0200000e+001  8.4868965e-001  9.0784546e-001  9.3904194e-001
  1.0300000e+001  8.5099169e-001  9.0934828e-001  9.3991425e-001
  1.0400000e+001  8.5325945e-001  9.1082619e-001  9.4077229e-001
  1.0500000e+001  8.5549342e-001  9.1227962e-001  9.4161636e-001
  1.0600000e+001  8.5769407e-001  9.1370898e-001  9.4244670e-001
  1.0700000e+001  8.5986190e-001  9.1511469e-001  9.4326360e-001
  1.0800000e+001  8.6199737e-001  9.1649714e-001  9.4406730e-001
  1.0900000e+001  8.6410095e-001  9.1785672e-001  9.4485806e-001
  1.1000000e+001  8.6617311e-001  9.1919383e-001  9.4563611e-001
  1.1100000e+001  8.6821428e-001  9.2050884e-001  9.4640171e-001
  1.1200000e+001  8.7022493e-001  9.2180213e-001  9.4715507e-001
  1.1300000e+001  8.7220550e-001  9.2307407e-001  9.4789644e-001
  1.1400000e+001  8.7415642e-001  9.2432501e-001  9.4862603e-001
  1.1500000e+001  8.7607812e-001  9.2555531e-001  9.4934406e-001
  1.1600000e+001  8.7797102e-001  9.2676531e-001  9.5005075e-001
  1.1700000e+001  8.7983555e-001  9.2795536e-001  9.5074629e-001
  1.1800000e+001  8.8167211e-001  9.2912580e-001  9.5143091e-001
  1.1900000e+001  8.8348112e-001  9.3027696e-001  9.5210479e-001
  1.2000000e+001  8.8526297e-001  9.3140915e-001  9.5276814e-001
  1.2100000e+001  8.8701806e-001  9.3252270e-001  9.5342114e-001
  1.2200000e+001  8.8874679e-001  9.3361792e-001  9.5406398e-001
  1.2300000e+001  8.9044952e-001  9.3469512e-001  9.5469684e-001
  1.2400000e+001  8.9212666e-001  9.3575460e-001  9.5531990e-001
  1.2500000e+001  8.9377856e-001  9.3679667e-001  9.5593334e-001
  1.2600000e+001  8.9540561e-001  9.3782160e-001  9.5653733e-001
  1.2700000e+001  8.9700816e-001  9.3882969e-001  9.5713203e-001
  1.2800000e+001  8.9858656e-001  9.3982122e-001  9.5771761e-001
  1.2900000e+001  9.0014119e-001  9.4079646e-001  9.5829423e-001
  1.3000000e+001  9.0167238e-001  9.4175570e-001  9.5886205e-001
  1.3100000e+001  9.0318048e-001  9.4269919e-001  9.5942123e-001
  1.3200000e+001  9.0466583e-001  9.4362720e-001  9.5997191e-001
  1.3300000e+001  9.0612877e-001  9.4453999e-001  9.6051423e-001
  1.3400000e+001  9.0756961e-001  9.4543782e-001  9.6104836e-001
  1.3500000e+001  9.0898870e-001  9.4632093e-001  9.6157442e-001
  1.3600000e+001  9.1038634e-001  9.4718956e-001  9.6209256e-001
  1.3700000e+001  9.1176286e-001  9.4804397e-001  9.6260292e-001
  1.3800000e+001  9.1311857e-001  9.4888438e-001  9.6310562e-001
  1.3900000e+001  9.1445377e-001  9.4971104e-001  9.6360079e-001
  1.4000000e+001  9.1576876e-001  9.5052416e-001  9.6408858e-001
  1.4100000e+001  9.1706386e-001  9.5132397e-001  9.6456909e-001
  1.4200000e+001  9.1833934e-001  9.5211071e-001  9.6504247e-001
  1.4300000e+001  9.1959550e-001  9.5288457e-001  9.6550881e-001
  1.4400000e+001  9.2083263e-001  9.5364579e-001  9.6596825e-001
  1.4500000e+001  9.2205101e-001  9.5439456e-001  9.6642090e-001
  1.4600000e+001  9.2325091e-001  9.5513109e-001  9.6686688e-001
  1.4700000e+001  9.2443262e-001  9.5585559e-001  9.6730629e-001
  1.4800000e+001  9.2559639e-001  9.5656826e-001  9.6773924e-001
  1.4900000e+001  9.2674250e-001  9.5726930e-001  9.6816585e-001
  1.5000000e+001  9.2787121e-001  9.5795889e-001  9.6858621e-001
  1.5100000e+001  9.2898277e-001  9.5863722e-001  9.6900044e-001
  1.5200000e+001  9.3007745e-001  9.5930449e-001  9.6940862e-001
  1.5300000e+001  9.3115550e-001  9.5996088e-001  9.6981087e-001
  1.5400000e+001  9.3221715e-001  9.6060656e-001  9.7020728e-001
  1.5500000e+001  9.3326266e-001  9.6124171e-001  9.7059794e-001
  1.5600000e+001  9.3429226e-001  9.6186651e-001  9.7098294e-001
  1.5700000e+001  9.3530620e-001  9.6248113e-001  9.7136239e-001
  1.5800000e+001  9.3630471e-001  9.6308574e-001  9.7173637e-001
  1.5900000e+001  9.3728801e-001  9.6368050e-001  9.7210497e-001
  1.6000000e+001  9.3825633e-001  9.6426557e-001  9.7246827e-001
