  1.4865442e+000  3.6761807e+000  1.4612699e+001
  1.8532986e+000  7.3772611e+000  1.6411317e+001
  3.3480424e+000  8.2506777e+000  1.8040721e+001
  4.5249412e+000  9.4465162e+000  1.8315739e+001
  4.0950978e+000  9.6482406e+000  2.2393679e+001
  3.8823127e+000  9.9637083e+000  2.3406829e+001
  3.6322340e+000  1.0545342e+001  2.6097973e+001
  3.9985889e+000  1.1519130e+001  2.8178298e+001
  2.2117457e+000  1.4766640e+001  3.0432825e+001
  1.6513801e+000  1.6883187e+001  3.3979841e+001
  1.7555985e+000  1.8978094e+001  3.3917973e+001
  2.1316249e+000  2.1409292e+001  3.4473353e+001
  4.1778560e+000  2.1633062e+001  3.5025369e+001
  6.4744483e+000  2.5059561e+001  3.7882855e+001
  6.4618903e+000  2.5763101e+001  3.7242183e+001
  6.4423577e+000  2.8424132e+001  3.7552738e+001
  7.2267637e+000  3.0858187e+001  3.8744801e+001
  8.9426787e+000  3.3431054e+001  3.7882657e+001
  8.6324806e+000  3.7033683e+001  4.0994575e+001
  9.4640156e+000  4.1579863e+001  4.3469828e+001
  1.0056961e+001  4.1280757e+001  4.3260538e+001
  1.0035768e+001  4.0884832e+001  4.3343557e+001
  1.4249967e+001  4.3477680e+001  4.6603457e+001
  1.4874007e+001  4.3564242e+001  4.7820720e+001
  1.8761687e+001  4.4573800e+001  4.7477609e+001
  1.9612351e+001  4.7690318e+001  4.9381265e+001
  2.0587868e+001  4.9314830e+001  5.1724074e+001
  2.2380067e+001  5.1834370e+001             NaN
  2.1631402e+001             NaN             NaN
  2.4226268e+001             NaN             NaN
  2.7395306e+001             NaN             NaN
  2.8293936e+001             NaN             NaN
  2.8926993e+001             NaN             NaN
  3.0849200e+001             NaN             NaN
  3.2336654e+001             NaN             NaN
  3.2062913e+001             NaN             NaN
  3.2743726e+001             NaN             NaN
  3.3841968e+001             NaN             NaN
  3.4087176e+001             NaN             NaN
  3.4906362e+001             NaN             NaN
  3.7763334e+001             NaN             NaN
  3.8833459e+001             NaN             NaN
  3.8532404e+001             NaN             NaN
  4.0375391e+001             NaN             NaN
  4.2668836e+001             NaN             NaN
  4.2518080e+001             NaN             NaN
  4.4639178e+001             NaN             NaN
  4.6519800e+001             NaN             NaN
  4.5267182e+001             NaN             NaN
  4.6229339e+001             NaN             NaN
  4.7374726e+001             NaN             NaN
  4.5834497e+001             NaN             NaN
  4.6095551e+001             NaN             NaN
  4.5743060e+001             NaN             NaN
  4.6014492e+001             NaN             NaN
  4.7569964e+001             NaN             NaN
  4.7715995e+001             NaN             NaN
  5.0572288e+001             NaN             NaN
