  0.0000000e+000  5.0000000e-001
  1.0000000e-004  5.0000451e-001
  2.0000000e-004  5.0001504e-001
  3.0000000e-004  5.0003043e-001
  4.0000000e-004  5.0005015e-001
  5.0000000e-004  5.0007390e-001
  6.0000000e-004  5.0010143e-001
  7.0000000e-004  5.0013257e-001
  8.0000000e-004  5.0016718e-001
  9.0000000e-004  5.0020513e-001
  1.0000000e-003  5.0024632e-001
  1.1000000e-003  5.0029066e-001
  1.2000000e-003  5.0033807e-001
  1.3000000e-003  5.0038848e-001
  1.4000000e-003  5.0044183e-001
  1.5000000e-003  5.0049806e-001
  1.6000000e-003  5.0055712e-001
  1.7000000e-003  5.0061895e-001
  1.8000000e-003  5.0068352e-001
  1.9000000e-003  5.0075078e-001
  2.0000000e-003  5.0082069e-001
  2.1000000e-003  5.0089322e-001
  2.2000000e-003  5.0096832e-001
  2.3000000e-003  5.0104598e-001
  2.4000000e-003  5.0112615e-001
  2.5000000e-003  5.0120881e-001
  2.6000000e-003  5.0129393e-001
  2.7000000e-003  5.0138148e-001
  2.8000000e-003  5.0147144e-001
  2.9000000e-003  5.0156378e-001
  3.0000000e-003  5.0165848e-001
  3.1000000e-003  5.0175552e-001
  3.2000000e-003  5.0185488e-001
  3.3000000e-003  5.0195653e-001
  3.4000000e-003  5.0206046e-001
  3.5000000e-003  5.0216664e-001
  3.6000000e-003  5.0227506e-001
  3.7000000e-003  5.0238569e-001
  3.8000000e-003  5.0249853e-001
  3.9000000e-003  5.0261355e-001
  4.0000000e-003  5.0273074e-001
  4.1000000e-003  5.0285008e-001
  4.2000000e-003  5.0297156e-001
  4.3000000e-003  5.0309516e-001
  4.4000000e-003  5.0322086e-001
  4.5000000e-003  5.0334866e-001
  4.6000000e-003  5.0347853e-001
  4.7000000e-003  5.0361046e-001
  4.8000000e-003  5.0374445e-001
  4.9000000e-003  5.0388047e-001
  5.0000000e-003  5.0401851e-001
  5.1000000e-003  5.0415857e-001
  5.2000000e-003  5.0430062e-001
  5.3000000e-003  5.0444466e-001
  5.4000000e-003  5.0459068e-001
  5.5000000e-003  5.0473866e-001
  5.6000000e-003  5.0488859e-001
  5.7000000e-003  5.0504046e-001
  5.8000000e-003  5.0519426e-001
  5.9000000e-003  5.0534998e-001
  6.0000000e-003  5.0550761e-001
  6.1000000e-003  5.0566713e-001
  6.2000000e-003  5.0582854e-001
  6.3000000e-003  5.0599183e-001
  6.4000000e-003  5.0615699e-001
  6.5000000e-003  5.0632400e-001
  6.6000000e-003  5.0649286e-001
  6.7000000e-003  5.0666356e-001
  6.8000000e-003  5.0683608e-001
  6.9000000e-003  5.0701043e-001
  7.0000000e-003  5.0718658e-001
  7.1000000e-003  5.0736454e-001
  7.2000000e-003  5.0754429e-001
  7.3000000e-003  5.0772582e-001
  7.4000000e-003  5.0790912e-001
  7.5000000e-003  5.0809419e-001
  7.6000000e-003  5.0828102e-001
  7.7000000e-003  5.0846960e-001
  7.8000000e-003  5.0865992e-001
  7.9000000e-003  5.0885197e-001
  8.0000000e-003  5.0904574e-001
  8.1000000e-003  5.0924124e-001
  8.2000000e-003  5.0943844e-001
  8.3000000e-003  5.0963734e-001
  8.4000000e-003  5.0983793e-001
  8.5000000e-003  5.1004021e-001
  8.6000000e-003  5.1024416e-001
  8.7000000e-003  5.1044979e-001
  8.8000000e-003  5.1065707e-001
  8.9000000e-003  5.1086602e-001
  9.0000000e-003  5.1107661e-001
  9.1000000e-003  5.1128884e-001
  9.2000000e-003  5.1150270e-001
  9.3000000e-003  5.1171819e-001
  9.4000000e-003  5.1193529e-001
  9.5000000e-003  5.1215401e-001
  9.6000000e-003  5.1237433e-001
  9.7000000e-003  5.1259626e-001
  9.8000000e-003  5.1281977e-001
  9.9000000e-003  5.1304486e-001
  1.0000000e-002  5.1327153e-001
  1.0100000e-002  5.1349978e-001
  1.0200000e-002  5.1372958e-001
  1.0300000e-002  5.1396095e-001
  1.0400000e-002  5.1419386e-001
  1.0500000e-002  5.1442832e-001
  1.0600000e-002  5.1466432e-001
  1.0700000e-002  5.1490184e-001
  1.0800000e-002  5.1514089e-001
  1.0900000e-002  5.1538146e-001
  1.1000000e-002  5.1562354e-001
  1.1100000e-002  5.1586713e-001
  1.1200000e-002  5.1611222e-001
  1.1300000e-002  5.1635880e-001
  1.1400000e-002  5.1660686e-001
  1.1500000e-002  5.1685641e-001
  1.1600000e-002  5.1710743e-001
  1.1700000e-002  5.1735992e-001
  1.1800000e-002  5.1761388e-001
  1.1900000e-002  5.1786928e-001
  1.2000000e-002  5.1812614e-001
  1.2100000e-002  5.1838445e-001
  1.2200000e-002  5.1864419e-001
  1.2300000e-002  5.1890537e-001
  1.2400000e-002  5.1916797e-001
  1.2500000e-002  5.1943200e-001
  1.2600000e-002  5.1969744e-001
  1.2700000e-002  5.1996428e-001
  1.2800000e-002  5.2023254e-001
  1.2900000e-002  5.2050219e-001
  1.3000000e-002  5.2077323e-001
  1.3100000e-002  5.2104566e-001
  1.3200000e-002  5.2131947e-001
  1.3300000e-002  5.2159466e-001
  1.3400000e-002  5.2187122e-001
  1.3500000e-002  5.2214914e-001
  1.3600000e-002  5.2242842e-001
  1.3700000e-002  5.2270905e-001
  1.3800000e-002  5.2299103e-001
  1.3900000e-002  5.2327436e-001
  1.4000000e-002  5.2355902e-001
  1.4100000e-002  5.2384501e-001
  1.4200000e-002  5.2413233e-001
  1.4300000e-002  5.2442097e-001
  1.4400000e-002  5.2471092e-001
  1.4500000e-002  5.2500218e-001
  1.4600000e-002  5.2529475e-001
  1.4700000e-002  5.2558862e-001
  1.4800000e-002  5.2588378e-001
  1.4900000e-002  5.2618023e-001
  1.5000000e-002  5.2647797e-001
  1.5100000e-002  5.2677698e-001
  1.5200000e-002  5.2707727e-001
  1.5300000e-002  5.2737882e-001
  1.5400000e-002  5.2768163e-001
  1.5500000e-002  5.2798571e-001
  1.5600000e-002  5.2829103e-001
  1.5700000e-002  5.2859761e-001
  1.5800000e-002  5.2890542e-001
  1.5900000e-002  5.2921448e-001
  1.6000000e-002  5.2952476e-001
  1.6100000e-002  5.2983627e-001
  1.6200000e-002  5.3014901e-001
  1.6300000e-002  5.3046296e-001
  1.6400000e-002  5.3077812e-001
  1.6500000e-002  5.3109449e-001
  1.6600000e-002  5.3141206e-001
  1.6700000e-002  5.3173082e-001
  1.6800000e-002  5.3205078e-001
  1.6900000e-002  5.3237193e-001
  1.7000000e-002  5.3269426e-001
  1.7100000e-002  5.3301776e-001
  1.7200000e-002  5.3334244e-001
  1.7300000e-002  5.3366829e-001
  1.7400000e-002  5.3399529e-001
  1.7500000e-002  5.3432346e-001
  1.7600000e-002  5.3465278e-001
  1.7700000e-002  5.3498324e-001
  1.7800000e-002  5.3531485e-001
  1.7900000e-002  5.3564760e-001
  1.8000000e-002  5.3598148e-001
  1.8100000e-002  5.3631648e-001
  1.8200000e-002  5.3665262e-001
  1.8300000e-002  5.3698987e-001
  1.8400000e-002  5.3732823e-001
  1.8500000e-002  5.3766771e-001
  1.8600000e-002  5.3800829e-001
  1.8700000e-002  5.3834997e-001
  1.8800000e-002  5.3869274e-001
  1.8900000e-002  5.3903661e-001
  1.9000000e-002  5.3938156e-001
  1.9100000e-002  5.3972759e-001
  1.9200000e-002  5.4007470e-001
  1.9300000e-002  5.4042289e-001
  1.9400000e-002  5.4077214e-001
  1.9500000e-002  5.4112245e-001
  1.9600000e-002  5.4147382e-001
  1.9700000e-002  5.4182624e-001
  1.9800000e-002  5.4217971e-001
  1.9900000e-002  5.4253423e-001
  2.0000000e-002  5.4288978e-001
  2.0100000e-002  5.4324637e-001
  2.0200000e-002  5.4360400e-001
  2.0300000e-002  5.4396264e-001
  2.0400000e-002  5.4432231e-001
  2.0500000e-002  5.4468300e-001
  2.0600000e-002  5.4504469e-001
  2.0700000e-002  5.4540740e-001
  2.0800000e-002  5.4577111e-001
  2.0900000e-002  5.4613581e-001
  2.1000000e-002  5.4650152e-001
  2.1100000e-002  5.4686821e-001
  2.1200000e-002  5.4723588e-001
  2.1300000e-002  5.4760454e-001
  2.1400000e-002  5.4797417e-001
  2.1500000e-002  5.4834478e-001
  2.1600000e-002  5.4871635e-001
  2.1700000e-002  5.4908889e-001
  2.1800000e-002  5.4946238e-001
  2.1900000e-002  5.4983683e-001
  2.2000000e-002  5.5021223e-001
  2.2100000e-002  5.5058857e-001
  2.2200000e-002  5.5096586e-001
  2.2300000e-002  5.5134408e-001
  2.2400000e-002  5.5172323e-001
  2.2500000e-002  5.5210331e-001
  2.2600000e-002  5.5248431e-001
  2.2700000e-002  5.5286624e-001
  2.2800000e-002  5.5324908e-001
  2.2900000e-002  5.5363282e-001
  2.3000000e-002  5.5401748e-001
  2.3100000e-002  5.5440304e-001
  2.3200000e-002  5.5478949e-001
  2.3300000e-002  5.5517684e-001
  2.3400000e-002  5.5556507e-001
  2.3500000e-002  5.5595419e-001
  2.3600000e-002  5.5634419e-001
  2.3700000e-002  5.5673507e-001
  2.3800000e-002  5.5712681e-001
  2.3900000e-002  5.5751943e-001
  2.4000000e-002  5.5791291e-001
  2.4100000e-002  5.5830725e-001
  2.4200000e-002  5.5870244e-001
  2.4300000e-002  5.5909848e-001
  2.4400000e-002  5.5949537e-001
  2.4500000e-002  5.5989310e-001
  2.4600000e-002  5.6029167e-001
  2.4700000e-002  5.6069107e-001
  2.4800000e-002  5.6109130e-001
  2.4900000e-002  5.6149236e-001
  2.5000000e-002  5.6189423e-001
  2.5100000e-002  5.6229693e-001
  2.5200000e-002  5.6270043e-001
  2.5300000e-002  5.6310475e-001
  2.5400000e-002  5.6350987e-001
  2.5500000e-002  5.6391579e-001
  2.5600000e-002  5.6432250e-001
  2.5700000e-002  5.6473001e-001
  2.5800000e-002  5.6513830e-001
  2.5900000e-002  5.6554738e-001
  2.6000000e-002  5.6595724e-001
  2.6100000e-002  5.6636787e-001
  2.6200000e-002  5.6677928e-001
  2.6300000e-002  5.6719145e-001
  2.6400000e-002  5.6760438e-001
  2.6500000e-002  5.6801808e-001
  2.6600000e-002  5.6843253e-001
  2.6700000e-002  5.6884773e-001
  2.6800000e-002  5.6926367e-001
  2.6900000e-002  5.6968036e-001
  2.7000000e-002  5.7009779e-001
  2.7100000e-002  5.7051595e-001
  2.7200000e-002  5.7093485e-001
  2.7300000e-002  5.7135447e-001
  2.7400000e-002  5.7177481e-001
  2.7500000e-002  5.7219587e-001
  2.7600000e-002  5.7261764e-001
  2.7700000e-002  5.7304013e-001
  2.7800000e-002  5.7346332e-001
  2.7900000e-002  5.7388722e-001
  2.8000000e-002  5.7431181e-001
  2.8100000e-002  5.7473710e-001
  2.8200000e-002  5.7516307e-001
  2.8300000e-002  5.7558974e-001
  2.8400000e-002  5.7601709e-001
  2.8500000e-002  5.7644511e-001
  2.8600000e-002  5.7687381e-001
  2.8700000e-002  5.7730318e-001
  2.8800000e-002  5.7773322e-001
  2.8900000e-002  5.7816392e-001
  2.9000000e-002  5.7859529e-001
  2.9100000e-002  5.7902730e-001
  2.9200000e-002  5.7945997e-001
  2.9300000e-002  5.7989328e-001
  2.9400000e-002  5.8032724e-001
  2.9500000e-002  5.8076183e-001
  2.9600000e-002  5.8119707e-001
  2.9700000e-002  5.8163293e-001
  2.9800000e-002  5.8206942e-001
  2.9900000e-002  5.8250654e-001
  3.0000000e-002  5.8294427e-001
  3.0100000e-002  5.8338263e-001
  3.0200000e-002  5.8382159e-001
  3.0300000e-002  5.8426116e-001
  3.0400000e-002  5.8470134e-001
  3.0500000e-002  5.8514212e-001
  3.0600000e-002  5.8558350e-001
  3.0700000e-002  5.8602547e-001
  3.0800000e-002  5.8646802e-001
  3.0900000e-002  5.8691117e-001
  3.1000000e-002  5.8735490e-001
  3.1100000e-002  5.8779920e-001
  3.1200000e-002  5.8824408e-001
  3.1300000e-002  5.8868953e-001
  3.1400000e-002  5.8913554e-001
  3.1500000e-002  5.8958212e-001
  3.1600000e-002  5.9002926e-001
  3.1700000e-002  5.9047695e-001
  3.1800000e-002  5.9092520e-001
  3.1900000e-002  5.9137399e-001
  3.2000000e-002  5.9182333e-001
  3.2100000e-002  5.9227320e-001
  3.2200000e-002  5.9272362e-001
  3.2300000e-002  5.9317456e-001
  3.2400000e-002  5.9362604e-001
  3.2500000e-002  5.9407804e-001
  3.2600000e-002  5.9453057e-001
  3.2700000e-002  5.9498361e-001
  3.2800000e-002  5.9543717e-001
  3.2900000e-002  5.9589123e-001
  3.3000000e-002  5.9634581e-001
  3.3100000e-002  5.9680089e-001
  3.3200000e-002  5.9725646e-001
  3.3300000e-002  5.9771254e-001
  3.3400000e-002  5.9816910e-001
  3.3500000e-002  5.9862616e-001
  3.3600000e-002  5.9908370e-001
  3.3700000e-002  5.9954172e-001
  3.3800000e-002  6.0000022e-001
  3.3900000e-002  6.0045920e-001
  3.4000000e-002  6.0091864e-001
  3.4100000e-002  6.0137856e-001
  3.4200000e-002  6.0183893e-001
  3.4300000e-002  6.0229977e-001
  3.4400000e-002  6.0276106e-001
  3.4500000e-002  6.0322281e-001
  3.4600000e-002  6.0368500e-001
  3.4700000e-002  6.0414764e-001
  3.4800000e-002  6.0461072e-001
  3.4900000e-002  6.0507424e-001
  3.5000000e-002  6.0553820e-001
  3.5100000e-002  6.0600259e-001
  3.5200000e-002  6.0646740e-001
  3.5300000e-002  6.0693264e-001
  3.5400000e-002  6.0739830e-001
  3.5500000e-002  6.0786438e-001
  3.5600000e-002  6.0833087e-001
  3.5700000e-002  6.0879777e-001
  3.5800000e-002  6.0926508e-001
  3.5900000e-002  6.0973279e-001
  3.6000000e-002  6.1020090e-001
  3.6100000e-002  6.1066941e-001
  3.6200000e-002  6.1113831e-001
  3.6300000e-002  6.1160760e-001
  3.6400000e-002  6.1207727e-001
  3.6500000e-002  6.1254733e-001
  3.6600000e-002  6.1301777e-001
  3.6700000e-002  6.1348858e-001
  3.6800000e-002  6.1395977e-001
  3.6900000e-002  6.1443132e-001
  3.7000000e-002  6.1490324e-001
  3.7100000e-002  6.1537552e-001
  3.7200000e-002  6.1584816e-001
  3.7300000e-002  6.1632115e-001
  3.7400000e-002  6.1679450e-001
  3.7500000e-002  6.1726819e-001
  3.7600000e-002  6.1774223e-001
  3.7700000e-002  6.1821661e-001
  3.7800000e-002  6.1869132e-001
  3.7900000e-002  6.1916638e-001
  3.8000000e-002  6.1964176e-001
  3.8100000e-002  6.2011747e-001
  3.8200000e-002  6.2059351e-001
  3.8300000e-002  6.2106986e-001
  3.8400000e-002  6.2154654e-001
  3.8500000e-002  6.2202353e-001
  3.8600000e-002  6.2250083e-001
  3.8700000e-002  6.2297844e-001
  3.8800000e-002  6.2345635e-001
  3.8900000e-002  6.2393457e-001
  3.9000000e-002  6.2441308e-001
  3.9100000e-002  6.2489189e-001
  3.9200000e-002  6.2537099e-001
  3.9300000e-002  6.2585037e-001
  3.9400000e-002  6.2633004e-001
  3.9500000e-002  6.2681000e-001
  3.9600000e-002  6.2729023e-001
  3.9700000e-002  6.2777074e-001
  3.9800000e-002  6.2825152e-001
  3.9900000e-002  6.2873256e-001
  4.0000000e-002  6.2921388e-001
  4.0100000e-002  6.2969545e-001
  4.0200000e-002  6.3017728e-001
  4.0300000e-002  6.3065937e-001
  4.0400000e-002  6.3114171e-001
  4.0500000e-002  6.3162431e-001
  4.0600000e-002  6.3210714e-001
  4.0700000e-002  6.3259022e-001
  4.0800000e-002  6.3307354e-001
  4.0900000e-002  6.3355710e-001
  4.1000000e-002  6.3404089e-001
  4.1100000e-002  6.3452491e-001
  4.1200000e-002  6.3500915e-001
  4.1300000e-002  6.3549362e-001
  4.1400000e-002  6.3597831e-001
  4.1500000e-002  6.3646322e-001
  4.1600000e-002  6.3694835e-001
  4.1700000e-002  6.3743368e-001
  4.1800000e-002  6.3791922e-001
  4.1900000e-002  6.3840497e-001
  4.2000000e-002  6.3889092e-001
  4.2100000e-002  6.3937707e-001
  4.2200000e-002  6.3986341e-001
  4.2300000e-002  6.4034995e-001
  4.2400000e-002  6.4083668e-001
  4.2500000e-002  6.4132359e-001
  4.2600000e-002  6.4181069e-001
  4.2700000e-002  6.4229796e-001
  4.2800000e-002  6.4278542e-001
  4.2900000e-002  6.4327304e-001
  4.3000000e-002  6.4376084e-001
  4.3100000e-002  6.4424881e-001
  4.3200000e-002  6.4473695e-001
  4.3300000e-002  6.4522524e-001
  4.3400000e-002  6.4571369e-001
  4.3500000e-002  6.4620231e-001
  4.3600000e-002  6.4669107e-001
  4.3700000e-002  6.4717998e-001
  4.3800000e-002  6.4766904e-001
  4.3900000e-002  6.4815825e-001
  4.4000000e-002  6.4864759e-001
  4.4100000e-002  6.4913708e-001
  4.4200000e-002  6.4962670e-001
  4.4300000e-002  6.5011645e-001
  4.4400000e-002  6.5060633e-001
  4.4500000e-002  6.5109634e-001
  4.4600000e-002  6.5158647e-001
  4.4700000e-002  6.5207672e-001
  4.4800000e-002  6.5256709e-001
  4.4900000e-002  6.5305757e-001
  4.5000000e-002  6.5354817e-001
  4.5100000e-002  6.5403887e-001
  4.5200000e-002  6.5452968e-001
  4.5300000e-002  6.5502060e-001
  4.5400000e-002  6.5551161e-001
  4.5500000e-002  6.5600272e-001
  4.5600000e-002  6.5649393e-001
  4.5700000e-002  6.5698522e-001
  4.5800000e-002  6.5747661e-001
  4.5900000e-002  6.5796808e-001
  4.6000000e-002  6.5845964e-001
  4.6100000e-002  6.5895127e-001
  4.6200000e-002  6.5944298e-001
  4.6300000e-002  6.5993477e-001
  4.6400000e-002  6.6042663e-001
  4.6500000e-002  6.6091856e-001
  4.6600000e-002  6.6141055e-001
  4.6700000e-002  6.6190261e-001
  4.6800000e-002  6.6239473e-001
  4.6900000e-002  6.6288690e-001
  4.7000000e-002  6.6337913e-001
  4.7100000e-002  6.6387141e-001
  4.7200000e-002  6.6436374e-001
  4.7300000e-002  6.6485612e-001
  4.7400000e-002  6.6534855e-001
  4.7500000e-002  6.6584101e-001
  4.7600000e-002  6.6633351e-001
  4.7700000e-002  6.6682605e-001
  4.7800000e-002  6.6731862e-001
  4.7900000e-002  6.6781122e-001
  4.8000000e-002  6.6830385e-001
  4.8100000e-002  6.6879650e-001
  4.8200000e-002  6.6928918e-001
  4.8300000e-002  6.6978187e-001
  4.8400000e-002  6.7027459e-001
  4.8500000e-002  6.7076731e-001
  4.8600000e-002  6.7126005e-001
  4.8700000e-002  6.7175280e-001
  4.8800000e-002  6.7224555e-001
  4.8900000e-002  6.7273831e-001
  4.9000000e-002  6.7323106e-001
  4.9100000e-002  6.7372382e-001
  4.9200000e-002  6.7421657e-001
  4.9300000e-002  6.7470931e-001
  4.9400000e-002  6.7520205e-001
  4.9500000e-002  6.7569477e-001
  4.9600000e-002  6.7618748e-001
  4.9700000e-002  6.7668017e-001
  4.9800000e-002  6.7717284e-001
  4.9900000e-002  6.7766548e-001
  5.0000000e-002  6.7815811e-001
  5.0100000e-002  6.7865070e-001
  5.0200000e-002  6.7914326e-001
  5.0300000e-002  6.7963579e-001
  5.0400000e-002  6.8012829e-001
  5.0500000e-002  6.8062075e-001
  5.0600000e-002  6.8111317e-001
  5.0700000e-002  6.8160554e-001
  5.0800000e-002  6.8209787e-001
  5.0900000e-002  6.8259015e-001
  5.1000000e-002  6.8308238e-001
  5.1100000e-002  6.8357456e-001
  5.1200000e-002  6.8406668e-001
  5.1300000e-002  6.8455874e-001
  5.1400000e-002  6.8505075e-001
  5.1500000e-002  6.8554269e-001
  5.1600000e-002  6.8603456e-001
  5.1700000e-002  6.8652637e-001
  5.1800000e-002  6.8701810e-001
  5.1900000e-002  6.8750977e-001
  5.2000000e-002  6.8800136e-001
  5.2100000e-002  6.8849287e-001
  5.2200000e-002  6.8898430e-001
  5.2300000e-002  6.8947565e-001
  5.2400000e-002  6.8996691e-001
  5.2500000e-002  6.9045809e-001
  5.2600000e-002  6.9094918e-001
  5.2700000e-002  6.9144017e-001
  5.2800000e-002  6.9193107e-001
  5.2900000e-002  6.9242188e-001
  5.3000000e-002  6.9291258e-001
  5.3100000e-002  6.9340318e-001
  5.3200000e-002  6.9389368e-001
  5.3300000e-002  6.9438408e-001
  5.3400000e-002  6.9487436e-001
  5.3500000e-002  6.9536453e-001
  5.3600000e-002  6.9585459e-001
  5.3700000e-002  6.9634454e-001
  5.3800000e-002  6.9683436e-001
  5.3900000e-002  6.9732407e-001
  5.4000000e-002  6.9781366e-001
  5.4100000e-002  6.9830312e-001
  5.4200000e-002  6.9879245e-001
  5.4300000e-002  6.9928165e-001
  5.4400000e-002  6.9977072e-001
  5.4500000e-002  7.0025966e-001
  5.4600000e-002  7.0074846e-001
  5.4700000e-002  7.0123712e-001
  5.4800000e-002  7.0172565e-001
  5.4900000e-002  7.0221403e-001
  5.5000000e-002  7.0270226e-001
  5.5100000e-002  7.0319035e-001
  5.5200000e-002  7.0367829e-001
  5.5300000e-002  7.0416607e-001
  5.5400000e-002  7.0465371e-001
  5.5500000e-002  7.0514118e-001
  5.5600000e-002  7.0562850e-001
  5.5700000e-002  7.0611566e-001
  5.5800000e-002  7.0660265e-001
  5.5900000e-002  7.0708948e-001
  5.6000000e-002  7.0757614e-001
  5.6100000e-002  7.0806264e-001
  5.6200000e-002  7.0854896e-001
  5.6300000e-002  7.0903511e-001
  5.6400000e-002  7.0952108e-001
  5.6500000e-002  7.1000688e-001
  5.6600000e-002  7.1049249e-001
  5.6700000e-002  7.1097793e-001
  5.6800000e-002  7.1146318e-001
  5.6900000e-002  7.1194824e-001
  5.7000000e-002  7.1243312e-001
  5.7100000e-002  7.1291780e-001
  5.7200000e-002  7.1340230e-001
  5.7300000e-002  7.1388659e-001
  5.7400000e-002  7.1437070e-001
  5.7500000e-002  7.1485460e-001
  5.7600000e-002  7.1533830e-001
  5.7700000e-002  7.1582180e-001
  5.7800000e-002  7.1630510e-001
  5.7900000e-002  7.1678819e-001
  5.8000000e-002  7.1727107e-001
  5.8100000e-002  7.1775374e-001
  5.8200000e-002  7.1823619e-001
  5.8300000e-002  7.1871843e-001
  5.8400000e-002  7.1920046e-001
  5.8500000e-002  7.1968226e-001
  5.8600000e-002  7.2016385e-001
  5.8700000e-002  7.2064521e-001
  5.8800000e-002  7.2112635e-001
  5.8900000e-002  7.2160726e-001
  5.9000000e-002  7.2208794e-001
  5.9100000e-002  7.2256839e-001
  5.9200000e-002  7.2304861e-001
  5.9300000e-002  7.2352860e-001
  5.9400000e-002  7.2400835e-001
  5.9500000e-002  7.2448786e-001
  5.9600000e-002  7.2496713e-001
  5.9700000e-002  7.2544615e-001
  5.9800000e-002  7.2592494e-001
  5.9900000e-002  7.2640348e-001
  6.0000000e-002  7.2688177e-001
  6.0100000e-002  7.2735981e-001
  6.0200000e-002  7.2783759e-001
  6.0300000e-002  7.2831513e-001
  6.0400000e-002  7.2879241e-001
  6.0500000e-002  7.2926943e-001
  6.0600000e-002  7.2974620e-001
  6.0700000e-002  7.3022270e-001
  6.0800000e-002  7.3069894e-001
  6.0900000e-002  7.3117492e-001
  6.1000000e-002  7.3165063e-001
  6.1100000e-002  7.3212607e-001
  6.1200000e-002  7.3260124e-001
  6.1300000e-002  7.3307614e-001
  6.1400000e-002  7.3355076e-001
  6.1500000e-002  7.3402512e-001
  6.1600000e-002  7.3449919e-001
  6.1700000e-002  7.3497298e-001
  6.1800000e-002  7.3544650e-001
  6.1900000e-002  7.3591973e-001
  6.2000000e-002  7.3639268e-001
  6.2100000e-002  7.3686534e-001
  6.2200000e-002  7.3733772e-001
  6.2300000e-002  7.3780980e-001
  6.2400000e-002  7.3828159e-001
  6.2500000e-002  7.3875310e-001
  6.2600000e-002  7.3922430e-001
  6.2700000e-002  7.3969521e-001
  6.2800000e-002  7.4016583e-001
  6.2900000e-002  7.4063614e-001
  6.3000000e-002  7.4110615e-001
  6.3100000e-002  7.4157586e-001
  6.3200000e-002  7.4204526e-001
  6.3300000e-002  7.4251436e-001
  6.3400000e-002  7.4298315e-001
  6.3500000e-002  7.4345163e-001
  6.3600000e-002  7.4391980e-001
  6.3700000e-002  7.4438766e-001
  6.3800000e-002  7.4485520e-001
  6.3900000e-002  7.4532242e-001
  6.4000000e-002  7.4578933e-001
  6.4100000e-002  7.4625592e-001
  6.4200000e-002  7.4672218e-001
  6.4300000e-002  7.4718813e-001
  6.4400000e-002  7.4765375e-001
  6.4500000e-002  7.4811904e-001
  6.4600000e-002  7.4858401e-001
  6.4700000e-002  7.4904865e-001
  6.4800000e-002  7.4951296e-001
  6.4900000e-002  7.4997693e-001
  6.5000000e-002  7.5044058e-001
  6.5100000e-002  7.5090388e-001
  6.5200000e-002  7.5136685e-001
  6.5300000e-002  7.5182949e-001
  6.5400000e-002  7.5229178e-001
  6.5500000e-002  7.5275373e-001
  6.5600000e-002  7.5321534e-001
  6.5700000e-002  7.5367660e-001
  6.5800000e-002  7.5413752e-001
  6.5900000e-002  7.5459809e-001
  6.6000000e-002  7.5505831e-001
  6.6100000e-002  7.5551819e-001
  6.6200000e-002  7.5597771e-001
  6.6300000e-002  7.5643687e-001
  6.6400000e-002  7.5689569e-001
  6.6500000e-002  7.5735414e-001
  6.6600000e-002  7.5781224e-001
  6.6700000e-002  7.5826998e-001
  6.6800000e-002  7.5872736e-001
  6.6900000e-002  7.5918438e-001
  6.7000000e-002  7.5964103e-001
  6.7100000e-002  7.6009732e-001
  6.7200000e-002  7.6055325e-001
  6.7300000e-002  7.6100880e-001
  6.7400000e-002  7.6146399e-001
  6.7500000e-002  7.6191881e-001
  6.7600000e-002  7.6237325e-001
  6.7700000e-002  7.6282733e-001
  6.7800000e-002  7.6328102e-001
  6.7900000e-002  7.6373435e-001
  6.8000000e-002  7.6418729e-001
  6.8100000e-002  7.6463986e-001
  6.8200000e-002  7.6509204e-001
  6.8300000e-002  7.6554385e-001
  6.8400000e-002  7.6599527e-001
  6.8500000e-002  7.6644631e-001
  6.8600000e-002  7.6689697e-001
  6.8700000e-002  7.6734723e-001
  6.8800000e-002  7.6779711e-001
  6.8900000e-002  7.6824661e-001
  6.9000000e-002  7.6869571e-001
  6.9100000e-002  7.6914442e-001
  6.9200000e-002  7.6959273e-001
  6.9300000e-002  7.7004065e-001
  6.9400000e-002  7.7048818e-001
  6.9500000e-002  7.7093531e-001
  6.9600000e-002  7.7138204e-001
  6.9700000e-002  7.7182837e-001
  6.9800000e-002  7.7227431e-001
  6.9900000e-002  7.7271984e-001
  7.0000000e-002  7.7316496e-001
  7.0100000e-002  7.7360969e-001
  7.0200000e-002  7.7405400e-001
  7.0300000e-002  7.7449791e-001
  7.0400000e-002  7.7494142e-001
  7.0500000e-002  7.7538451e-001
  7.0600000e-002  7.7582720e-001
  7.0700000e-002  7.7626947e-001
  7.0800000e-002  7.7671133e-001
  7.0900000e-002  7.7715278e-001
  7.1000000e-002  7.7759381e-001
  7.1100000e-002  7.7803442e-001
  7.1200000e-002  7.7847462e-001
  7.1300000e-002  7.7891440e-001
  7.1400000e-002  7.7935376e-001
  7.1500000e-002  7.7979270e-001
  7.1600000e-002  7.8023122e-001
  7.1700000e-002  7.8066932e-001
  7.1800000e-002  7.8110699e-001
  7.1900000e-002  7.8154423e-001
  7.2000000e-002  7.8198105e-001
  7.2100000e-002  7.8241744e-001
  7.2200000e-002  7.8285341e-001
  7.2300000e-002  7.8328894e-001
  7.2400000e-002  7.8372405e-001
  7.2500000e-002  7.8415872e-001
  7.2600000e-002  7.8459296e-001
  7.2700000e-002  7.8502676e-001
  7.2800000e-002  7.8546013e-001
  7.2900000e-002  7.8589307e-001
  7.3000000e-002  7.8632557e-001
  7.3100000e-002  7.8675763e-001
  7.3200000e-002  7.8718925e-001
  7.3300000e-002  7.8762043e-001
  7.3400000e-002  7.8805117e-001
  7.3500000e-002  7.8848146e-001
  7.3600000e-002  7.8891132e-001
  7.3700000e-002  7.8934073e-001
  7.3800000e-002  7.8976969e-001
  7.3900000e-002  7.9019821e-001
  7.4000000e-002  7.9062628e-001
  7.4100000e-002  7.9105391e-001
  7.4200000e-002  7.9148108e-001
  7.4300000e-002  7.9190781e-001
  7.4400000e-002  7.9233408e-001
  7.4500000e-002  7.9275990e-001
  7.4600000e-002  7.9318527e-001
  7.4700000e-002  7.9361019e-001
  7.4800000e-002  7.9403465e-001
  7.4900000e-002  7.9445865e-001
  7.5000000e-002  7.9488220e-001
  7.5100000e-002  7.9530529e-001
  7.5200000e-002  7.9572792e-001
  7.5300000e-002  7.9615009e-001
  7.5400000e-002  7.9657180e-001
  7.5500000e-002  7.9699305e-001
  7.5600000e-002  7.9741384e-001
  7.5700000e-002  7.9783417e-001
  7.5800000e-002  7.9825403e-001
  7.5900000e-002  7.9867343e-001
  7.6000000e-002  7.9909236e-001
  7.6100000e-002  7.9951082e-001
  7.6200000e-002  7.9992882e-001
  7.6300000e-002  8.0034635e-001
  7.6400000e-002  8.0076341e-001
  7.6500000e-002  8.0118000e-001
  7.6600000e-002  8.0159612e-001
  7.6700000e-002  8.0201177e-001
  7.6800000e-002  8.0242694e-001
  7.6900000e-002  8.0284165e-001
  7.7000000e-002  8.0325588e-001
  7.7100000e-002  8.0366963e-001
  7.7200000e-002  8.0408291e-001
  7.7300000e-002  8.0449571e-001
  7.7400000e-002  8.0490803e-001
  7.7500000e-002  8.0531988e-001
  7.7600000e-002  8.0573125e-001
  7.7700000e-002  8.0614214e-001
  7.7800000e-002  8.0655255e-001
  7.7900000e-002  8.0696247e-001
  7.8000000e-002  8.0737192e-001
  7.8100000e-002  8.0778088e-001
  7.8200000e-002  8.0818936e-001
  7.8300000e-002  8.0859736e-001
  7.8400000e-002  8.0900487e-001
  7.8500000e-002  8.0941189e-001
  7.8600000e-002  8.0981843e-001
  7.8700000e-002  8.1022448e-001
  7.8800000e-002  8.1063005e-001
  7.8900000e-002  8.1103512e-001
  7.9000000e-002  8.1143971e-001
  7.9100000e-002  8.1184381e-001
  7.9200000e-002  8.1224741e-001
  7.9300000e-002  8.1265053e-001
  7.9400000e-002  8.1305315e-001
  7.9500000e-002  8.1345528e-001
  7.9600000e-002  8.1385692e-001
  7.9700000e-002  8.1425807e-001
  7.9800000e-002  8.1465872e-001
  7.9900000e-002  8.1505887e-001
  8.0000000e-002  8.1545853e-001
  8.0100000e-002  8.1585769e-001
  8.0200000e-002  8.1625636e-001
  8.0300000e-002  8.1665452e-001
  8.0400000e-002  8.1705219e-001
  8.0500000e-002  8.1744936e-001
  8.0600000e-002  8.1784603e-001
  8.0700000e-002  8.1824221e-001
  8.0800000e-002  8.1863787e-001
  8.0900000e-002  8.1903304e-001
  8.1000000e-002  8.1942771e-001
  8.1100000e-002  8.1982187e-001
  8.1200000e-002  8.2021553e-001
  8.1300000e-002  8.2060869e-001
  8.1400000e-002  8.2100134e-001
  8.1500000e-002  8.2139349e-001
  8.1600000e-002  8.2178513e-001
  8.1700000e-002  8.2217627e-001
  8.1800000e-002  8.2256690e-001
  8.1900000e-002  8.2295702e-001
  8.2000000e-002  8.2334664e-001
  8.2100000e-002  8.2373575e-001
  8.2200000e-002  8.2412434e-001
  8.2300000e-002  8.2451243e-001
  8.2400000e-002  8.2490001e-001
  8.2500000e-002  8.2528708e-001
  8.2600000e-002  8.2567364e-001
  8.2700000e-002  8.2605969e-001
  8.2800000e-002  8.2644522e-001
  8.2900000e-002  8.2683024e-001
  8.3000000e-002  8.2721475e-001
  8.3100000e-002  8.2759875e-001
  8.3200000e-002  8.2798223e-001
  8.3300000e-002  8.2836520e-001
  8.3400000e-002  8.2874766e-001
  8.3500000e-002  8.2912960e-001
  8.3600000e-002  8.2951102e-001
  8.3700000e-002  8.2989193e-001
  8.3800000e-002  8.3027232e-001
  8.3900000e-002  8.3065219e-001
  8.4000000e-002  8.3103155e-001
  8.4100000e-002  8.3141039e-001
  8.4200000e-002  8.3178871e-001
  8.4300000e-002  8.3216651e-001
  8.4400000e-002  8.3254379e-001
  8.4500000e-002  8.3292055e-001
  8.4600000e-002  8.3329680e-001
  8.4700000e-002  8.3367252e-001
  8.4800000e-002  8.3404772e-001
  8.4900000e-002  8.3442240e-001
  8.5000000e-002  8.3479656e-001
  8.5100000e-002  8.3517020e-001
  8.5200000e-002  8.3554331e-001
  8.5300000e-002  8.3591590e-001
  8.5400000e-002  8.3628797e-001
  8.5500000e-002  8.3665952e-001
  8.5600000e-002  8.3703054e-001
  8.5700000e-002  8.3740103e-001
  8.5800000e-002  8.3777101e-001
  8.5900000e-002  8.3814046e-001
  8.6000000e-002  8.3850938e-001
  8.6100000e-002  8.3887777e-001
  8.6200000e-002  8.3924565e-001
  8.6300000e-002  8.3961299e-001
  8.6400000e-002  8.3997981e-001
  8.6500000e-002  8.4034610e-001
  8.6600000e-002  8.4071186e-001
  8.6700000e-002  8.4107710e-001
  8.6800000e-002  8.4144181e-001
  8.6900000e-002  8.4180599e-001
  8.7000000e-002  8.4216964e-001
  8.7100000e-002  8.4253276e-001
  8.7200000e-002  8.4289536e-001
  8.7300000e-002  8.4325742e-001
  8.7400000e-002  8.4361896e-001
  8.7500000e-002  8.4397996e-001
  8.7600000e-002  8.4434044e-001
  8.7700000e-002  8.4470038e-001
  8.7800000e-002  8.4505979e-001
  8.7900000e-002  8.4541868e-001
  8.8000000e-002  8.4577703e-001
  8.8100000e-002  8.4613485e-001
  8.8200000e-002  8.4649214e-001
  8.8300000e-002  8.4684889e-001
  8.8400000e-002  8.4720512e-001
  8.8500000e-002  8.4756081e-001
  8.8600000e-002  8.4791597e-001
  8.8700000e-002  8.4827059e-001
  8.8800000e-002  8.4862469e-001
  8.8900000e-002  8.4897825e-001
  8.9000000e-002  8.4933127e-001
  8.9100000e-002  8.4968377e-001
  8.9200000e-002  8.5003573e-001
  8.9300000e-002  8.5038715e-001
  8.9400000e-002  8.5073804e-001
  8.9500000e-002  8.5108840e-001
  8.9600000e-002  8.5143822e-001
  8.9700000e-002  8.5178750e-001
  8.9800000e-002  8.5213625e-001
  8.9900000e-002  8.5248447e-001
  9.0000000e-002  8.5283215e-001
  9.0100000e-002  8.5317929e-001
  9.0200000e-002  8.5352590e-001
  9.0300000e-002  8.5387198e-001
  9.0400000e-002  8.5421751e-001
  9.0500000e-002  8.5456251e-001
  9.0600000e-002  8.5490698e-001
  9.0700000e-002  8.5525091e-001
  9.0800000e-002  8.5559430e-001
  9.0900000e-002  8.5593715e-001
  9.1000000e-002  8.5627947e-001
  9.1100000e-002  8.5662125e-001
  9.1200000e-002  8.5696250e-001
  9.1300000e-002  8.5730320e-001
  9.1400000e-002  8.5764337e-001
  9.1500000e-002  8.5798300e-001
  9.1600000e-002  8.5832210e-001
  9.1700000e-002  8.5866065e-001
  9.1800000e-002  8.5899867e-001
  9.1900000e-002  8.5933615e-001
  9.2000000e-002  8.5967310e-001
  9.2100000e-002  8.6000950e-001
  9.2200000e-002  8.6034537e-001
  9.2300000e-002  8.6068070e-001
  9.2400000e-002  8.6101549e-001
  9.2500000e-002  8.6134974e-001
  9.2600000e-002  8.6168346e-001
  9.2700000e-002  8.6201663e-001
  9.2800000e-002  8.6234927e-001
  9.2900000e-002  8.6268137e-001
  9.3000000e-002  8.6301293e-001
  9.3100000e-002  8.6334395e-001
  9.3200000e-002  8.6367443e-001
  9.3300000e-002  8.6400438e-001
  9.3400000e-002  8.6433378e-001
  9.3500000e-002  8.6466265e-001
  9.3600000e-002  8.6499098e-001
  9.3700000e-002  8.6531877e-001
  9.3800000e-002  8.6564602e-001
  9.3900000e-002  8.6597273e-001
  9.4000000e-002  8.6629890e-001
  9.4100000e-002  8.6662453e-001
  9.4200000e-002  8.6694963e-001
  9.4300000e-002  8.6727419e-001
  9.4400000e-002  8.6759820e-001
  9.4500000e-002  8.6792168e-001
  9.4600000e-002  8.6824462e-001
  9.4700000e-002  8.6856702e-001
  9.4800000e-002  8.6888889e-001
  9.4900000e-002  8.6921021e-001
  9.5000000e-002  8.6953099e-001
  9.5100000e-002  8.6985124e-001
  9.5200000e-002  8.7017095e-001
  9.5300000e-002  8.7049012e-001
  9.5400000e-002  8.7080875e-001
  9.5500000e-002  8.7112684e-001
  9.5600000e-002  8.7144439e-001
  9.5700000e-002  8.7176141e-001
  9.5800000e-002  8.7207788e-001
  9.5900000e-002  8.7239382e-001
  9.6000000e-002  8.7270922e-001
  9.6100000e-002  8.7302408e-001
  9.6200000e-002  8.7333841e-001
  9.6300000e-002  8.7365219e-001
  9.6400000e-002  8.7396544e-001
  9.6500000e-002  8.7427815e-001
  9.6600000e-002  8.7459032e-001
  9.6700000e-002  8.7490195e-001
  9.6800000e-002  8.7521305e-001
  9.6900000e-002  8.7552361e-001
  9.7000000e-002  8.7583363e-001
  9.7100000e-002  8.7614312e-001
  9.7200000e-002  8.7645206e-001
  9.7300000e-002  8.7676047e-001
  9.7400000e-002  8.7706835e-001
  9.7500000e-002  8.7737568e-001
  9.7600000e-002  8.7768248e-001
  9.7700000e-002  8.7798874e-001
  9.7800000e-002  8.7829447e-001
  9.7900000e-002  8.7859966e-001
  9.8000000e-002  8.7890431e-001
  9.8100000e-002  8.7920843e-001
  9.8200000e-002  8.7951201e-001
  9.8300000e-002  8.7981506e-001
  9.8400000e-002  8.8011756e-001
  9.8500000e-002  8.8041954e-001
  9.8600000e-002  8.8072098e-001
  9.8700000e-002  8.8102188e-001
  9.8800000e-002  8.8132225e-001
  9.8900000e-002  8.8162208e-001
  9.9000000e-002  8.8192138e-001
  9.9100000e-002  8.8222014e-001
  9.9200000e-002  8.8251837e-001
  9.9300000e-002  8.8281607e-001
  9.9400000e-002  8.8311323e-001
  9.9500000e-002  8.8340986e-001
  9.9600000e-002  8.8370595e-001
  9.9700000e-002  8.8400151e-001
  9.9800000e-002  8.8429654e-001
  9.9900000e-002  8.8459103e-001
  1.0000000e-001  8.8488499e-001
  1.0010000e-001  8.8517842e-001
  1.0020000e-001  8.8547131e-001
  1.0030000e-001  8.8576367e-001
  1.0040000e-001  8.8605550e-001
  1.0050000e-001  8.8634680e-001
  1.0060000e-001  8.8663757e-001
  1.0070000e-001  8.8692780e-001
  1.0080000e-001  8.8721751e-001
  1.0090000e-001  8.8750668e-001
  1.0100000e-001  8.8779532e-001
  1.0110000e-001  8.8808343e-001
  1.0120000e-001  8.8837101e-001
  1.0130000e-001  8.8865806e-001
  1.0140000e-001  8.8894458e-001
  1.0150000e-001  8.8923057e-001
  1.0160000e-001  8.8951603e-001
  1.0170000e-001  8.8980096e-001
  1.0180000e-001  8.9008536e-001
  1.0190000e-001  8.9036924e-001
  1.0200000e-001  8.9065258e-001
  1.0210000e-001  8.9093540e-001
  1.0220000e-001  8.9121769e-001
  1.0230000e-001  8.9149945e-001
  1.0240000e-001  8.9178068e-001
  1.0250000e-001  8.9206139e-001
  1.0260000e-001  8.9234157e-001
  1.0270000e-001  8.9262122e-001
  1.0280000e-001  8.9290035e-001
  1.0290000e-001  8.9317895e-001
  1.0300000e-001  8.9345702e-001
  1.0310000e-001  8.9373457e-001
  1.0320000e-001  8.9401160e-001
  1.0330000e-001  8.9428809e-001
  1.0340000e-001  8.9456407e-001
  1.0350000e-001  8.9483952e-001
  1.0360000e-001  8.9511444e-001
  1.0370000e-001  8.9538884e-001
  1.0380000e-001  8.9566272e-001
  1.0390000e-001  8.9593608e-001
  1.0400000e-001  8.9620891e-001
  1.0410000e-001  8.9648122e-001
  1.0420000e-001  8.9675300e-001
  1.0430000e-001  8.9702427e-001
  1.0440000e-001  8.9729501e-001
  1.0450000e-001  8.9756523e-001
  1.0460000e-001  8.9783493e-001
  1.0470000e-001  8.9810411e-001
  1.0480000e-001  8.9837277e-001
  1.0490000e-001  8.9864091e-001
  1.0500000e-001  8.9890853e-001
  1.0510000e-001  8.9917563e-001
  1.0520000e-001  8.9944222e-001
  1.0530000e-001  8.9970828e-001
  1.0540000e-001  8.9997382e-001
  1.0550000e-001  9.0023885e-001
  1.0560000e-001  9.0050336e-001
  1.0570000e-001  9.0076735e-001
  1.0580000e-001  9.0103082e-001
  1.0590000e-001  9.0129378e-001
  1.0600000e-001  9.0155622e-001
  1.0610000e-001  9.0181815e-001
  1.0620000e-001  9.0207956e-001
  1.0630000e-001  9.0234045e-001
  1.0640000e-001  9.0260083e-001
  1.0650000e-001  9.0286070e-001
  1.0660000e-001  9.0312005e-001
  1.0670000e-001  9.0337888e-001
  1.0680000e-001  9.0363721e-001
  1.0690000e-001  9.0389502e-001
  1.0700000e-001  9.0415232e-001
  1.0710000e-001  9.0440910e-001
  1.0720000e-001  9.0466538e-001
  1.0730000e-001  9.0492114e-001
  1.0740000e-001  9.0517639e-001
  1.0750000e-001  9.0543113e-001
  1.0760000e-001  9.0568536e-001
  1.0770000e-001  9.0593908e-001
  1.0780000e-001  9.0619230e-001
  1.0790000e-001  9.0644500e-001
  1.0800000e-001  9.0669719e-001
  1.0810000e-001  9.0694888e-001
  1.0820000e-001  9.0720005e-001
  1.0830000e-001  9.0745072e-001
  1.0840000e-001  9.0770088e-001
  1.0850000e-001  9.0795054e-001
  1.0860000e-001  9.0819969e-001
  1.0870000e-001  9.0844833e-001
  1.0880000e-001  9.0869647e-001
  1.0890000e-001  9.0894410e-001
  1.0900000e-001  9.0919123e-001
  1.0910000e-001  9.0943786e-001
  1.0920000e-001  9.0968398e-001
  1.0930000e-001  9.0992959e-001
  1.0940000e-001  9.1017471e-001
  1.0950000e-001  9.1041932e-001
  1.0960000e-001  9.1066343e-001
  1.0970000e-001  9.1090704e-001
  1.0980000e-001  9.1115014e-001
  1.0990000e-001  9.1139275e-001
  1.1000000e-001  9.1163485e-001
  1.1010000e-001  9.1187646e-001
  1.1020000e-001  9.1211757e-001
  1.1030000e-001  9.1235817e-001
  1.1040000e-001  9.1259828e-001
  1.1050000e-001  9.1283789e-001
  1.1060000e-001  9.1307701e-001
  1.1070000e-001  9.1331562e-001
  1.1080000e-001  9.1355374e-001
  1.1090000e-001  9.1379136e-001
  1.1100000e-001  9.1402849e-001
  1.1110000e-001  9.1426512e-001
  1.1120000e-001  9.1450126e-001
  1.1130000e-001  9.1473690e-001
  1.1140000e-001  9.1497205e-001
  1.1150000e-001  9.1520670e-001
  1.1160000e-001  9.1544087e-001
  1.1170000e-001  9.1567453e-001
  1.1180000e-001  9.1590771e-001
  1.1190000e-001  9.1614040e-001
  1.1200000e-001  9.1637259e-001
  1.1210000e-001  9.1660429e-001
  1.1220000e-001  9.1683551e-001
  1.1230000e-001  9.1706623e-001
  1.1240000e-001  9.1729647e-001
  1.1250000e-001  9.1752621e-001
  1.1260000e-001  9.1775547e-001
  1.1270000e-001  9.1798424e-001
  1.1280000e-001  9.1821252e-001
  1.1290000e-001  9.1844032e-001
  1.1300000e-001  9.1866763e-001
  1.1310000e-001  9.1889445e-001
  1.1320000e-001  9.1912079e-001
  1.1330000e-001  9.1934664e-001
  1.1340000e-001  9.1957201e-001
  1.1350000e-001  9.1979689e-001
  1.1360000e-001  9.2002130e-001
  1.1370000e-001  9.2024522e-001
  1.1380000e-001  9.2046865e-001
  1.1390000e-001  9.2069161e-001
  1.1400000e-001  9.2091408e-001
  1.1410000e-001  9.2113607e-001
  1.1420000e-001  9.2135759e-001
  1.1430000e-001  9.2157862e-001
  1.1440000e-001  9.2179917e-001
  1.1450000e-001  9.2201925e-001
  1.1460000e-001  9.2223884e-001
  1.1470000e-001  9.2245796e-001
  1.1480000e-001  9.2267660e-001
  1.1490000e-001  9.2289477e-001
  1.1500000e-001  9.2311246e-001
  1.1510000e-001  9.2332967e-001
  1.1520000e-001  9.2354641e-001
  1.1530000e-001  9.2376267e-001
  1.1540000e-001  9.2397846e-001
  1.1550000e-001  9.2419378e-001
  1.1560000e-001  9.2440862e-001
  1.1570000e-001  9.2462299e-001
  1.1580000e-001  9.2483689e-001
  1.1590000e-001  9.2505032e-001
  1.1600000e-001  9.2526328e-001
  1.1610000e-001  9.2547576e-001
  1.1620000e-001  9.2568778e-001
  1.1630000e-001  9.2589933e-001
  1.1640000e-001  9.2611041e-001
  1.1650000e-001  9.2632102e-001
  1.1660000e-001  9.2653116e-001
  1.1670000e-001  9.2674084e-001
  1.1680000e-001  9.2695005e-001
  1.1690000e-001  9.2715879e-001
  1.1700000e-001  9.2736707e-001
  1.1710000e-001  9.2757488e-001
  1.1720000e-001  9.2778223e-001
  1.1730000e-001  9.2798912e-001
  1.1740000e-001  9.2819554e-001
  1.1750000e-001  9.2840150e-001
  1.1760000e-001  9.2860700e-001
  1.1770000e-001  9.2881203e-001
  1.1780000e-001  9.2901661e-001
  1.1790000e-001  9.2922072e-001
  1.1800000e-001  9.2942438e-001
  1.1810000e-001  9.2962757e-001
  1.1820000e-001  9.2983031e-001
  1.1830000e-001  9.3003259e-001
  1.1840000e-001  9.3023441e-001
  1.1850000e-001  9.3043578e-001
  1.1860000e-001  9.3063668e-001
  1.1870000e-001  9.3083714e-001
  1.1880000e-001  9.3103713e-001
  1.1890000e-001  9.3123667e-001
  1.1900000e-001  9.3143576e-001
  1.1910000e-001  9.3163440e-001
  1.1920000e-001  9.3183258e-001
  1.1930000e-001  9.3203031e-001
  1.1940000e-001  9.3222758e-001
  1.1950000e-001  9.3242441e-001
  1.1960000e-001  9.3262078e-001
  1.1970000e-001  9.3281671e-001
  1.1980000e-001  9.3301218e-001
  1.1990000e-001  9.3320721e-001
  1.2000000e-001  9.3340179e-001
  1.2010000e-001  9.3359592e-001
  1.2020000e-001  9.3378960e-001
  1.2030000e-001  9.3398284e-001
  1.2040000e-001  9.3417563e-001
  1.2050000e-001  9.3436797e-001
  1.2060000e-001  9.3455987e-001
  1.2070000e-001  9.3475133e-001
  1.2080000e-001  9.3494234e-001
  1.2090000e-001  9.3513291e-001
  1.2100000e-001  9.3532304e-001
  1.2110000e-001  9.3551272e-001
  1.2120000e-001  9.3570196e-001
  1.2130000e-001  9.3589077e-001
  1.2140000e-001  9.3607913e-001
  1.2150000e-001  9.3626705e-001
  1.2160000e-001  9.3645453e-001
  1.2170000e-001  9.3664158e-001
  1.2180000e-001  9.3682819e-001
  1.2190000e-001  9.3701436e-001
  1.2200000e-001  9.3720009e-001
  1.2210000e-001  9.3738539e-001
  1.2220000e-001  9.3757025e-001
  1.2230000e-001  9.3775468e-001
  1.2240000e-001  9.3793867e-001
  1.2250000e-001  9.3812224e-001
  1.2260000e-001  9.3830536e-001
  1.2270000e-001  9.3848806e-001
  1.2280000e-001  9.3867032e-001
  1.2290000e-001  9.3885215e-001
  1.2300000e-001  9.3903356e-001
  1.2310000e-001  9.3921453e-001
  1.2320000e-001  9.3939507e-001
  1.2330000e-001  9.3957518e-001
  1.2340000e-001  9.3975487e-001
  1.2350000e-001  9.3993413e-001
  1.2360000e-001  9.4011296e-001
  1.2370000e-001  9.4029137e-001
  1.2380000e-001  9.4046935e-001
  1.2390000e-001  9.4064690e-001
  1.2400000e-001  9.4082403e-001
  1.2410000e-001  9.4100074e-001
  1.2420000e-001  9.4117702e-001
  1.2430000e-001  9.4135288e-001
  1.2440000e-001  9.4152832e-001
  1.2450000e-001  9.4170334e-001
  1.2460000e-001  9.4187794e-001
  1.2470000e-001  9.4205211e-001
  1.2480000e-001  9.4222587e-001
  1.2490000e-001  9.4239921e-001
  1.2500000e-001  9.4257213e-001
  1.2510000e-001  9.4274464e-001
  1.2520000e-001  9.4291672e-001
  1.2530000e-001  9.4308839e-001
  1.2540000e-001  9.4325965e-001
  1.2550000e-001  9.4343048e-001
  1.2560000e-001  9.4360091e-001
  1.2570000e-001  9.4377092e-001
  1.2580000e-001  9.4394052e-001
  1.2590000e-001  9.4410970e-001
  1.2600000e-001  9.4427848e-001
  1.2610000e-001  9.4444684e-001
  1.2620000e-001  9.4461479e-001
  1.2630000e-001  9.4478233e-001
  1.2640000e-001  9.4494946e-001
  1.2650000e-001  9.4511618e-001
  1.2660000e-001  9.4528250e-001
  1.2670000e-001  9.4544841e-001
  1.2680000e-001  9.4561391e-001
  1.2690000e-001  9.4577900e-001
  1.2700000e-001  9.4594369e-001
  1.2710000e-001  9.4610797e-001
  1.2720000e-001  9.4627185e-001
  1.2730000e-001  9.4643532e-001
  1.2740000e-001  9.4659840e-001
  1.2750000e-001  9.4676106e-001
  1.2760000e-001  9.4692333e-001
  1.2770000e-001  9.4708520e-001
  1.2780000e-001  9.4724666e-001
  1.2790000e-001  9.4740773e-001
  1.2800000e-001  9.4756840e-001
  1.2810000e-001  9.4772866e-001
  1.2820000e-001  9.4788853e-001
  1.2830000e-001  9.4804800e-001
  1.2840000e-001  9.4820708e-001
  1.2850000e-001  9.4836576e-001
  1.2860000e-001  9.4852404e-001
  1.2870000e-001  9.4868193e-001
  1.2880000e-001  9.4883943e-001
  1.2890000e-001  9.4899653e-001
  1.2900000e-001  9.4915323e-001
  1.2910000e-001  9.4930955e-001
  1.2920000e-001  9.4946547e-001
  1.2930000e-001  9.4962101e-001
  1.2940000e-001  9.4977615e-001
  1.2950000e-001  9.4993090e-001
  1.2960000e-001  9.5008527e-001
  1.2970000e-001  9.5023924e-001
  1.2980000e-001  9.5039283e-001
  1.2990000e-001  9.5054603e-001
  1.3000000e-001  9.5069884e-001
  1.3010000e-001  9.5085127e-001
  1.3020000e-001  9.5100331e-001
  1.3030000e-001  9.5115497e-001
  1.3040000e-001  9.5130624e-001
  1.3050000e-001  9.5145713e-001
  1.3060000e-001  9.5160764e-001
  1.3070000e-001  9.5175777e-001
  1.3080000e-001  9.5190751e-001
  1.3090000e-001  9.5205687e-001
  1.3100000e-001  9.5220586e-001
  1.3110000e-001  9.5235446e-001
  1.3120000e-001  9.5250268e-001
  1.3130000e-001  9.5265053e-001
  1.3140000e-001  9.5279800e-001
  1.3150000e-001  9.5294509e-001
  1.3160000e-001  9.5309181e-001
  1.3170000e-001  9.5323815e-001
  1.3180000e-001  9.5338411e-001
  1.3190000e-001  9.5352970e-001
  1.3200000e-001  9.5367492e-001
  1.3210000e-001  9.5381977e-001
  1.3220000e-001  9.5396424e-001
  1.3230000e-001  9.5410834e-001
  1.3240000e-001  9.5425207e-001
  1.3250000e-001  9.5439542e-001
  1.3260000e-001  9.5453841e-001
  1.3270000e-001  9.5468103e-001
  1.3280000e-001  9.5482328e-001
  1.3290000e-001  9.5496517e-001
  1.3300000e-001  9.5510668e-001
  1.3310000e-001  9.5524783e-001
  1.3320000e-001  9.5538861e-001
  1.3330000e-001  9.5552903e-001
  1.3340000e-001  9.5566908e-001
  1.3350000e-001  9.5580877e-001
  1.3360000e-001  9.5594810e-001
  1.3370000e-001  9.5608706e-001
  1.3380000e-001  9.5622566e-001
  1.3390000e-001  9.5636390e-001
  1.3400000e-001  9.5650178e-001
  1.3410000e-001  9.5663930e-001
  1.3420000e-001  9.5677646e-001
  1.3430000e-001  9.5691326e-001
  1.3440000e-001  9.5704970e-001
  1.3450000e-001  9.5718578e-001
  1.3460000e-001  9.5732151e-001
  1.3470000e-001  9.5745688e-001
  1.3480000e-001  9.5759190e-001
  1.3490000e-001  9.5772656e-001
  1.3500000e-001  9.5786086e-001
  1.3510000e-001  9.5799482e-001
  1.3520000e-001  9.5812842e-001
  1.3530000e-001  9.5826166e-001
  1.3540000e-001  9.5839456e-001
  1.3550000e-001  9.5852710e-001
  1.3560000e-001  9.5865930e-001
  1.3570000e-001  9.5879114e-001
  1.3580000e-001  9.5892263e-001
  1.3590000e-001  9.5905378e-001
  1.3600000e-001  9.5918458e-001
  1.3610000e-001  9.5931503e-001
  1.3620000e-001  9.5944513e-001
  1.3630000e-001  9.5957489e-001
  1.3640000e-001  9.5970431e-001
  1.3650000e-001  9.5983337e-001
  1.3660000e-001  9.5996210e-001
  1.3670000e-001  9.6009048e-001
  1.3680000e-001  9.6021852e-001
  1.3690000e-001  9.6034621e-001
  1.3700000e-001  9.6047357e-001
  1.3710000e-001  9.6060058e-001
  1.3720000e-001  9.6072726e-001
  1.3730000e-001  9.6085359e-001
  1.3740000e-001  9.6097959e-001
  1.3750000e-001  9.6110524e-001
  1.3760000e-001  9.6123056e-001
  1.3770000e-001  9.6135554e-001
  1.3780000e-001  9.6148019e-001
  1.3790000e-001  9.6160450e-001
  1.3800000e-001  9.6172848e-001
  1.3810000e-001  9.6185212e-001
  1.3820000e-001  9.6197543e-001
  1.3830000e-001  9.6209840e-001
  1.3840000e-001  9.6222104e-001
  1.3850000e-001  9.6234335e-001
  1.3860000e-001  9.6246533e-001
  1.3870000e-001  9.6258698e-001
  1.3880000e-001  9.6270830e-001
  1.3890000e-001  9.6282929e-001
  1.3900000e-001  9.6294995e-001
  1.3910000e-001  9.6307028e-001
  1.3920000e-001  9.6319029e-001
  1.3930000e-001  9.6330996e-001
  1.3940000e-001  9.6342932e-001
  1.3950000e-001  9.6354834e-001
  1.3960000e-001  9.6366705e-001
  1.3970000e-001  9.6378542e-001
  1.3980000e-001  9.6390348e-001
  1.3990000e-001  9.6402121e-001
  1.4000000e-001  9.6413862e-001
  1.4010000e-001  9.6425571e-001
  1.4020000e-001  9.6437247e-001
  1.4030000e-001  9.6448892e-001
  1.4040000e-001  9.6460505e-001
  1.4050000e-001  9.6472085e-001
  1.4060000e-001  9.6483634e-001
  1.4070000e-001  9.6495152e-001
  1.4080000e-001  9.6506637e-001
  1.4090000e-001  9.6518091e-001
  1.4100000e-001  9.6529513e-001
  1.4110000e-001  9.6540904e-001
  1.4120000e-001  9.6552263e-001
  1.4130000e-001  9.6563591e-001
  1.4140000e-001  9.6574887e-001
  1.4150000e-001  9.6586152e-001
  1.4160000e-001  9.6597386e-001
  1.4170000e-001  9.6608589e-001
  1.4180000e-001  9.6619761e-001
  1.4190000e-001  9.6630902e-001
  1.4200000e-001  9.6642011e-001
  1.4210000e-001  9.6653090e-001
  1.4220000e-001  9.6664138e-001
  1.4230000e-001  9.6675156e-001
  1.4240000e-001  9.6686142e-001
  1.4250000e-001  9.6697098e-001
  1.4260000e-001  9.6708023e-001
  1.4270000e-001  9.6718918e-001
  1.4280000e-001  9.6729783e-001
  1.4290000e-001  9.6740617e-001
  1.4300000e-001  9.6751420e-001
  1.4310000e-001  9.6762194e-001
  1.4320000e-001  9.6772937e-001
  1.4330000e-001  9.6783650e-001
  1.4340000e-001  9.6794333e-001
  1.4350000e-001  9.6804986e-001
  1.4360000e-001  9.6815609e-001
  1.4370000e-001  9.6826202e-001
  1.4380000e-001  9.6836765e-001
  1.4390000e-001  9.6847299e-001
  1.4400000e-001  9.6857802e-001
  1.4410000e-001  9.6868277e-001
  1.4420000e-001  9.6878721e-001
  1.4430000e-001  9.6889136e-001
  1.4440000e-001  9.6899522e-001
  1.4450000e-001  9.6909878e-001
  1.4460000e-001  9.6920205e-001
  1.4470000e-001  9.6930502e-001
  1.4480000e-001  9.6940771e-001
  1.4490000e-001  9.6951010e-001
  1.4500000e-001  9.6961220e-001
  1.4510000e-001  9.6971401e-001
  1.4520000e-001  9.6981553e-001
  1.4530000e-001  9.6991677e-001
  1.4540000e-001  9.7001771e-001
  1.4550000e-001  9.7011837e-001
  1.4560000e-001  9.7021874e-001
  1.4570000e-001  9.7031882e-001
  1.4580000e-001  9.7041862e-001
  1.4590000e-001  9.7051813e-001
  1.4600000e-001  9.7061735e-001
  1.4610000e-001  9.7071630e-001
  1.4620000e-001  9.7081496e-001
  1.4630000e-001  9.7091333e-001
  1.4640000e-001  9.7101143e-001
  1.4650000e-001  9.7110924e-001
  1.4660000e-001  9.7120677e-001
  1.4670000e-001  9.7130402e-001
  1.4680000e-001  9.7140099e-001
  1.4690000e-001  9.7149768e-001
  1.4700000e-001  9.7159409e-001
  1.4710000e-001  9.7169023e-001
  1.4720000e-001  9.7178609e-001
  1.4730000e-001  9.7188167e-001
  1.4740000e-001  9.7197697e-001
  1.4750000e-001  9.7207200e-001
  1.4760000e-001  9.7216676e-001
  1.4770000e-001  9.7226124e-001
  1.4780000e-001  9.7235544e-001
  1.4790000e-001  9.7244937e-001
  1.4800000e-001  9.7254303e-001
  1.4810000e-001  9.7263642e-001
  1.4820000e-001  9.7272954e-001
  1.4830000e-001  9.7282238e-001
  1.4840000e-001  9.7291496e-001
  1.4850000e-001  9.7300727e-001
  1.4860000e-001  9.7309930e-001
  1.4870000e-001  9.7319107e-001
  1.4880000e-001  9.7328257e-001
  1.4890000e-001  9.7337381e-001
  1.4900000e-001  9.7346477e-001
  1.4910000e-001  9.7355548e-001
  1.4920000e-001  9.7364591e-001
  1.4930000e-001  9.7373608e-001
  1.4940000e-001  9.7382599e-001
  1.4950000e-001  9.7391563e-001
  1.4960000e-001  9.7400501e-001
  1.4970000e-001  9.7409413e-001
  1.4980000e-001  9.7418299e-001
  1.4990000e-001  9.7427158e-001
  1.5000000e-001  9.7435991e-001
  1.5010000e-001  9.7444799e-001
  1.5020000e-001  9.7453580e-001
  1.5030000e-001  9.7462336e-001
  1.5040000e-001  9.7471066e-001
  1.5050000e-001  9.7479769e-001
  1.5060000e-001  9.7488448e-001
  1.5070000e-001  9.7497100e-001
  1.5080000e-001  9.7505727e-001
  1.5090000e-001  9.7514329e-001
  1.5100000e-001  9.7522905e-001
  1.5110000e-001  9.7531455e-001
  1.5120000e-001  9.7539980e-001
  1.5130000e-001  9.7548480e-001
  1.5140000e-001  9.7556955e-001
  1.5150000e-001  9.7565404e-001
  1.5160000e-001  9.7573828e-001
  1.5170000e-001  9.7582228e-001
  1.5180000e-001  9.7590602e-001
  1.5190000e-001  9.7598951e-001
  1.5200000e-001  9.7607275e-001
  1.5210000e-001  9.7615575e-001
  1.5220000e-001  9.7623850e-001
  1.5230000e-001  9.7632100e-001
  1.5240000e-001  9.7640325e-001
  1.5250000e-001  9.7648526e-001
  1.5260000e-001  9.7656702e-001
  1.5270000e-001  9.7664853e-001
  1.5280000e-001  9.7672981e-001
  1.5290000e-001  9.7681083e-001
  1.5300000e-001  9.7689162e-001
  1.5310000e-001  9.7697216e-001
  1.5320000e-001  9.7705246e-001
  1.5330000e-001  9.7713252e-001
  1.5340000e-001  9.7721234e-001
  1.5350000e-001  9.7729191e-001
  1.5360000e-001  9.7737125e-001
  1.5370000e-001  9.7745035e-001
  1.5380000e-001  9.7752921e-001
  1.5390000e-001  9.7760783e-001
  1.5400000e-001  9.7768621e-001
  1.5410000e-001  9.7776436e-001
  1.5420000e-001  9.7784227e-001
  1.5430000e-001  9.7791994e-001
  1.5440000e-001  9.7799738e-001
  1.5450000e-001  9.7807458e-001
  1.5460000e-001  9.7815155e-001
  1.5470000e-001  9.7822829e-001
  1.5480000e-001  9.7830479e-001
  1.5490000e-001  9.7838106e-001
  1.5500000e-001  9.7845710e-001
  1.5510000e-001  9.7853291e-001
  1.5520000e-001  9.7860848e-001
  1.5530000e-001  9.7868383e-001
  1.5540000e-001  9.7875894e-001
  1.5550000e-001  9.7883383e-001
  1.5560000e-001  9.7890849e-001
  1.5570000e-001  9.7898292e-001
  1.5580000e-001  9.7905712e-001
  1.5590000e-001  9.7913109e-001
  1.5600000e-001  9.7920484e-001
  1.5610000e-001  9.7927836e-001
  1.5620000e-001  9.7935166e-001
  1.5630000e-001  9.7942473e-001
  1.5640000e-001  9.7949758e-001
  1.5650000e-001  9.7957021e-001
  1.5660000e-001  9.7964261e-001
  1.5670000e-001  9.7971478e-001
  1.5680000e-001  9.7978674e-001
  1.5690000e-001  9.7985848e-001
  1.5700000e-001  9.7992999e-001
  1.5710000e-001  9.8000128e-001
  1.5720000e-001  9.8007235e-001
  1.5730000e-001  9.8014321e-001
  1.5740000e-001  9.8021384e-001
  1.5750000e-001  9.8028426e-001
  1.5760000e-001  9.8035446e-001
  1.5770000e-001  9.8042444e-001
  1.5780000e-001  9.8049420e-001
  1.5790000e-001  9.8056375e-001
  1.5800000e-001  9.8063308e-001
  1.5810000e-001  9.8070220e-001
  1.5820000e-001  9.8077110e-001
  1.5830000e-001  9.8083979e-001
  1.5840000e-001  9.8090827e-001
  1.5850000e-001  9.8097653e-001
  1.5860000e-001  9.8104458e-001
  1.5870000e-001  9.8111242e-001
  1.5880000e-001  9.8118004e-001
  1.5890000e-001  9.8124746e-001
  1.5900000e-001  9.8131466e-001
  1.5910000e-001  9.8138166e-001
  1.5920000e-001  9.8144845e-001
  1.5930000e-001  9.8151502e-001
  1.5940000e-001  9.8158139e-001
  1.5950000e-001  9.8164755e-001
  1.5960000e-001  9.8171351e-001
  1.5970000e-001  9.8177925e-001
  1.5980000e-001  9.8184479e-001
  1.5990000e-001  9.8191013e-001
  1.6000000e-001  9.8197526e-001
