2.321
9.667
15.442
5.918
2.524
10.952
185.167
20.658
21.612
29.61
5.549
7.173
17.06
5.471
27.588
11.584
30.151
3.718
4.379
129.873
14.789
20.087
16.121
15.257
226.86
48.148
26.829
41.972
7.944
7.887
14.029
6.575
11.314
10.195
5.551
2.811
20.94
113.391
1.677
6.609
16.773
7.479
4.528
19.178
6.834
25.026
5.396
21.919
8.718
1.863
2.327
9.128
4.821
5.865
9.07
60.242
58.252
13.691
8.664
5.097
39.118
18.683
300
39.782
5.099
21.69
3.27
6.317
6.335
3.522
1.721
42.255
54.299
87.805
26.118
10.94
45.109
142.061
1.924
4.187
6.791
7.014
4.428
35.094
5.952
21.992
9.666
13.238
3.827
12.729
92.295
7.575
19.224
39.843
45.238
3.914
32.308
24.664
10.889
3.854
208.423
22.554
42.203
37.687
27.684
33.442
83.505
5.564
40.987
5.137
199.966
29.717
117.657
23.972
5.191
8.214
16.47
57.196
29.179
15.035
8.809
3.951
2.101
109.402
7.053
12.703
